  1.00000000e-02	   9.33785880e+04
  2.00000000e-02	   1.01779480e+05
  3.00000000e-02	   1.06011926e+05
  4.00000000e-02	   1.08246720e+05
  5.00000000e-02	   1.09427578e+05
  6.00000000e-02	   1.09954054e+05
  7.00000000e-02	   1.10045881e+05
  8.00000000e-02	   1.09836202e+05
  9.00000000e-02	   1.09411243e+05
  1.00000000e-01	   1.08829603e+05
  1.10000000e-01	   1.08132573e+05
  1.20000000e-01	   1.07350088e+05
  1.30000000e-01	   1.06504331e+05
  1.40000000e-01	   1.05612053e+05
  1.50000000e-01	   1.04686082e+05
  1.60000000e-01	   1.03736360e+05
  1.70000000e-01	   1.02770667e+05
  1.80000000e-01	   1.01795140e+05
  1.90000000e-01	   1.00814647e+05
  2.00000000e-01	   9.98330685e+04
  2.10000000e-01	   9.88535063e+04
  2.20000000e-01	   9.78784431e+04
  2.30000000e-01	   9.69098666e+04
  2.40000000e-01	   9.59493652e+04
  2.50000000e-01	   9.49982035e+04
  2.60000000e-01	   9.40573822e+04
  2.70000000e-01	   9.31276864e+04
  2.80000000e-01	   9.22097236e+04
  2.90000000e-01	   9.13039548e+04
  3.00000000e-01	   9.04107208e+04
  3.10000000e-01	   8.95302620e+04
  3.20000000e-01	   8.86627361e+04
  3.30000000e-01	   8.78082323e+04
  3.40000000e-01	   8.69667822e+04
  3.50000000e-01	   8.61383715e+04
  3.60000000e-01	   8.53229442e+04
  3.70000000e-01	   8.45204148e+04
  3.80000000e-01	   8.37306698e+04
  3.90000000e-01	   8.29535749e+04
  4.00000000e-01	   8.21889770e+04
  4.10000000e-01	   8.14367097e+04
  4.20000000e-01	   8.06965948e+04
  4.30000000e-01	   7.99684454e+04
  4.40000000e-01	   7.92520679e+04
  4.50000000e-01	   7.85472631e+04
  4.60000000e-01	   7.78538286e+04
  4.70000000e-01	   7.71715596e+04
  4.80000000e-01	   7.65002502e+04
  4.90000000e-01	   7.58396941e+04
  5.00000000e-01	   7.51896850e+04
  5.10000000e-01	   7.45500183e+04
  5.20000000e-01	   7.39204902e+04
  5.30000000e-01	   7.33008991e+04
  5.40000000e-01	   7.26910458e+04
  5.50000000e-01	   7.20907343e+04
  5.60000000e-01	   7.14997705e+04
  5.70000000e-01	   7.09179647e+04
  5.80000000e-01	   7.03451288e+04
  5.90000000e-01	   6.97810791e+04
  6.00000000e-01	   6.92256356e+04
  6.10000000e-01	   6.86786208e+04
  6.20000000e-01	   6.81398619e+04
  6.30000000e-01	   6.76091882e+04
  6.40000000e-01	   6.70864352e+04
  6.50000000e-01	   6.65714390e+04
  6.60000000e-01	   6.60640408e+04
  6.70000000e-01	   6.55640856e+04
  6.80000000e-01	   6.50714215e+04
  6.90000000e-01	   6.45858993e+04
  7.00000000e-01	   6.41073750e+04
  7.10000000e-01	   6.36357057e+04
  7.20000000e-01	   6.31707542e+04
  7.30000000e-01	   6.27123842e+04
  7.40000000e-01	   6.22604650e+04
  7.50000000e-01	   6.18148672e+04
  7.60000000e-01	   6.13754648e+04
  7.70000000e-01	   6.09421354e+04
  7.80000000e-01	   6.05147591e+04
  7.90000000e-01	   6.00932187e+04
  8.00000000e-01	   5.96774004e+04
  8.10000000e-01	   5.92671925e+04
  8.20000000e-01	   5.88624858e+04
  8.30000000e-01	   5.84631755e+04
  8.40000000e-01	   5.80691565e+04
  8.50000000e-01	   5.76803273e+04
  8.60000000e-01	   5.72965904e+04
  8.70000000e-01	   5.69178492e+04
  8.80000000e-01	   5.65440088e+04
  8.90000000e-01	   5.61749774e+04
  9.00000000e-01	   5.58106664e+04
  9.10000000e-01	   5.54509861e+04
  9.20000000e-01	   5.50958525e+04
  9.30000000e-01	   5.47451809e+04
  9.40000000e-01	   5.43988900e+04
  9.50000000e-01	   5.40569009e+04
  9.60000000e-01	   5.37191353e+04
  9.70000000e-01	   5.33855152e+04
  9.80000000e-01	   5.30559687e+04
  9.90000000e-01	   5.27304214e+04
  1.00000000e+00	   1.86193474e-11
  1.01000000e+00	   5.20910461e+04
  1.02000000e+00	   5.17770798e+04
  1.03000000e+00	   5.14668390e+04
  1.04000000e+00	   5.11602583e+04
  1.05000000e+00	   5.08572754e+04
  1.06000000e+00	   5.05578275e+04
  1.07000000e+00	   5.02618547e+04
  1.08000000e+00	   4.99692969e+04
  1.09000000e+00	   4.96800965e+04
  1.10000000e+00	   4.93941978e+04
  1.11000000e+00	   4.91115436e+04
  1.12000000e+00	   4.88320820e+04
  1.13000000e+00	   4.85557581e+04
  1.14000000e+00	   4.82825206e+04
  1.15000000e+00	   4.80123181e+04
  1.16000000e+00	   4.77451024e+04
  1.17000000e+00	   4.74808241e+04
  1.18000000e+00	   4.72194336e+04
  1.19000000e+00	   4.69608865e+04
  1.20000000e+00	   4.67051379e+04
  1.21000000e+00	   4.64521425e+04
  1.22000000e+00	   4.62018542e+04
  1.23000000e+00	   4.59542331e+04
  1.24000000e+00	   4.57092351e+04
  1.25000000e+00	   4.54668211e+04
  1.26000000e+00	   4.52269498e+04
  1.27000000e+00	   4.49895831e+04
  1.28000000e+00	   4.47546801e+04
  1.29000000e+00	   4.45222036e+04
  1.30000000e+00	   4.42921174e+04
  1.31000000e+00	   4.40643833e+04
  1.32000000e+00	   4.38389683e+04
  1.33000000e+00	   4.36158358e+04
  1.34000000e+00	   4.33949529e+04
  1.35000000e+00	   4.31762837e+04
  1.36000000e+00	   4.29597963e+04
  1.37000000e+00	   4.27454600e+04
  1.38000000e+00	   4.25332417e+04
  1.39000000e+00	   4.23231103e+04
  1.40000000e+00	   4.21150366e+04
  1.41000000e+00	   4.19089884e+04
  1.42000000e+00	   4.17049392e+04
  1.43000000e+00	   4.15028582e+04
  1.44000000e+00	   4.13027171e+04
  1.45000000e+00	   4.11044915e+04
  1.46000000e+00	   4.09081506e+04
  1.47000000e+00	   4.07136689e+04
  1.48000000e+00	   4.05210209e+04
  1.49000000e+00	   4.03301806e+04
  1.50000000e+00	   4.01411215e+04
  1.51000000e+00	   3.99538208e+04
  1.52000000e+00	   3.97682537e+04
  1.53000000e+00	   3.95843966e+04
  1.54000000e+00	   3.94022231e+04
  1.55000000e+00	   3.92217173e+04
  1.56000000e+00	   3.90428488e+04
  1.57000000e+00	   3.88655999e+04
  1.58000000e+00	   3.86899475e+04
  1.59000000e+00	   3.85158699e+04
  1.60000000e+00	   3.83433469e+04
  1.61000000e+00	   3.81723579e+04
  1.62000000e+00	   3.80028827e+04
  1.63000000e+00	   3.78349010e+04
  1.64000000e+00	   3.76683927e+04
  1.65000000e+00	   3.75033387e+04
  1.66000000e+00	   3.73397220e+04
  1.67000000e+00	   3.71775233e+04
  1.68000000e+00	   3.70167206e+04
  1.69000000e+00	   3.68573002e+04
  1.70000000e+00	   3.66992427e+04
  1.71000000e+00	   3.65425324e+04
  1.72000000e+00	   3.63871509e+04
  1.73000000e+00	   3.62330808e+04
  1.74000000e+00	   3.60803077e+04
  1.75000000e+00	   3.59288128e+04
  1.76000000e+00	   3.57785818e+04
  1.77000000e+00	   3.56295991e+04
  1.78000000e+00	   3.54818491e+04
  1.79000000e+00	   3.53353148e+04
  1.80000000e+00	   3.51899832e+04
  1.81000000e+00	   3.50458409e+04
  1.82000000e+00	   3.49028717e+04
  1.83000000e+00	   3.47610604e+04
  1.84000000e+00	   3.46203929e+04
  1.85000000e+00	   3.44808595e+04
  1.86000000e+00	   3.43424414e+04
  1.87000000e+00	   3.42051272e+04
  1.88000000e+00	   3.40689052e+04
  1.89000000e+00	   3.39337613e+04
  1.90000000e+00	   3.37996820e+04
  1.91000000e+00	   3.36666578e+04
  1.92000000e+00	   3.35346726e+04
  1.93000000e+00	   3.34037175e+04
  1.94000000e+00	   3.32737789e+04
  1.95000000e+00	   3.31448460e+04
  1.96000000e+00	   3.30169036e+04
  1.97000000e+00	   3.28899436e+04
  1.98000000e+00	   3.27639536e+04
  1.99000000e+00	   3.26389281e+04
  2.00000000e+00	   3.25148463e+04
  2.01000000e+00	   3.23917046e+04
  2.02000000e+00	   3.22694886e+04
  2.03000000e+00	   3.21481902e+04
  2.04000000e+00	   3.20277987e+04
  2.05000000e+00	   3.19083054e+04
  2.06000000e+00	   3.17896961e+04
  2.07000000e+00	   3.16719657e+04
  2.08000000e+00	   3.15551028e+04
  2.09000000e+00	   3.14390960e+04
  2.10000000e+00	   3.13239385e+04
  2.11000000e+00	   3.12096177e+04
  2.12000000e+00	   3.10961270e+04
  2.13000000e+00	   3.09834622e+04
  2.14000000e+00	   3.08716061e+04
  2.15000000e+00	   3.07605501e+04
  2.16000000e+00	   3.06502931e+04
  2.17000000e+00	   3.05408214e+04
  2.18000000e+00	   3.04321282e+04
  2.19000000e+00	   3.03242001e+04
  2.20000000e+00	   3.02170426e+04
  2.21000000e+00	   3.01106289e+04
  2.22000000e+00	   3.00049657e+04
  2.23000000e+00	   2.99000395e+04
  2.24000000e+00	   2.97958411e+04
  2.25000000e+00	   2.96923683e+04
  2.26000000e+00	   2.95896078e+04
  2.27000000e+00	   2.94875591e+04
  2.28000000e+00	   2.93862058e+04
  2.29000000e+00	   2.92855488e+04
  2.30000000e+00	   2.91855795e+04
  2.31000000e+00	   2.90862840e+04
  2.32000000e+00	   2.89876678e+04
  2.33000000e+00	   2.88897111e+04
  2.34000000e+00	   2.87924180e+04
  2.35000000e+00	   2.86957708e+04
  2.36000000e+00	   2.85997763e+04
  2.37000000e+00	   2.85044153e+04
  2.38000000e+00	   2.84096858e+04
  2.39000000e+00	   2.83155906e+04
  2.40000000e+00	   2.82221138e+04
  2.41000000e+00	   2.81292466e+04
  2.42000000e+00	   2.80369924e+04
  2.43000000e+00	   2.79453309e+04
  2.44000000e+00	   2.78542756e+04
  2.45000000e+00	   2.77638076e+04
  2.46000000e+00	   2.76739256e+04
  2.47000000e+00	   2.75846229e+04
  2.48000000e+00	   2.74958908e+04
  2.49000000e+00	   2.74077323e+04
  2.50000000e+00	   2.73201312e+04
  2.51000000e+00	   2.72330879e+04
  2.52000000e+00	   2.71466009e+04
  2.53000000e+00	   2.70606604e+04
  2.54000000e+00	   2.69752556e+04
  2.55000000e+00	   2.68903906e+04
  2.56000000e+00	   2.68060621e+04
  2.57000000e+00	   2.67222539e+04
  2.58000000e+00	   2.66389692e+04
  2.59000000e+00	   2.65562014e+04
  2.60000000e+00	   2.64739474e+04
  2.61000000e+00	   2.63921977e+04
  2.62000000e+00	   2.63109488e+04
  2.63000000e+00	   2.62301989e+04
  2.64000000e+00	   2.61499486e+04
  2.65000000e+00	   2.60701883e+04
  2.66000000e+00	   2.59909018e+04
  2.67000000e+00	   2.59121023e+04
  2.68000000e+00	   2.58337750e+04
  2.69000000e+00	   2.57559248e+04
  2.70000000e+00	   2.56785356e+04
  2.71000000e+00	   2.56016131e+04
  2.72000000e+00	   2.55251434e+04
  2.73000000e+00	   2.54491297e+04
  2.74000000e+00	   2.53735736e+04
  2.75000000e+00	   2.52984590e+04
  2.76000000e+00	   2.52237913e+04
  2.77000000e+00	   2.51495628e+04
  2.78000000e+00	   2.50757665e+04
  2.79000000e+00	   2.50023993e+04
  2.80000000e+00	   2.49294609e+04
  2.81000000e+00	   2.48569493e+04
  2.82000000e+00	   2.47848584e+04
  2.83000000e+00	   2.47131805e+04
  2.84000000e+00	   2.46419131e+04
  2.85000000e+00	   2.45710605e+04
  2.86000000e+00	   2.45006100e+04
  2.87000000e+00	   2.44305620e+04
  2.88000000e+00	   2.43609114e+04
  2.89000000e+00	   2.42916654e+04
  2.90000000e+00	   2.42228097e+04
  2.91000000e+00	   2.41543356e+04
  2.92000000e+00	   2.40862443e+04
  2.93000000e+00	   2.40185422e+04
  2.94000000e+00	   2.39512136e+04
  2.95000000e+00	   2.38842654e+04
  2.96000000e+00	   2.38176931e+04
  2.97000000e+00	   2.37514830e+04
  2.98000000e+00	   2.36856376e+04
  2.99000000e+00	   2.36201676e+04
  3.00000000e+00	   2.35550502e+04
  3.01000000e+00	   2.34902876e+04
  3.02000000e+00	   2.34258840e+04
  3.03000000e+00	   2.33618318e+04
  3.04000000e+00	   2.32981343e+04
  3.05000000e+00	   2.32347721e+04
  3.06000000e+00	   2.31717633e+04
  3.07000000e+00	   2.31090841e+04
  3.08000000e+00	   2.30467457e+04
  3.09000000e+00	   2.29847420e+04
  3.10000000e+00	   2.29230773e+04
  3.11000000e+00	   2.28617353e+04
  3.12000000e+00	   2.28007158e+04
  3.13000000e+00	   2.27400371e+04
  3.14000000e+00	   2.26796713e+04
  3.15000000e+00	   2.26196231e+04
  3.16000000e+00	   2.25598844e+04
  3.17000000e+00	   2.25004731e+04
  3.18000000e+00	   2.24413704e+04
  3.19000000e+00	   2.23825668e+04
  3.20000000e+00	   2.23240797e+04
  3.21000000e+00	   2.22658958e+04
  3.22000000e+00	   2.22080086e+04
  3.23000000e+00	   2.21504267e+04
  3.24000000e+00	   2.20931490e+04
  3.25000000e+00	   2.20361483e+04
  3.26000000e+00	   2.19794528e+04
  3.27000000e+00	   2.19230471e+04
  3.28000000e+00	   2.18669346e+04
  3.29000000e+00	   2.18110952e+04
  3.30000000e+00	   2.17555463e+04
  3.31000000e+00	   2.17002852e+04
  3.32000000e+00	   2.16452922e+04
  3.33000000e+00	   2.15905931e+04
  3.34000000e+00	   2.15361539e+04
  3.35000000e+00	   2.14819937e+04
  3.36000000e+00	   2.14281141e+04
  3.37000000e+00	   2.13744890e+04
  3.38000000e+00	   2.13211324e+04
  3.39000000e+00	   2.12680508e+04
  3.40000000e+00	   2.12152286e+04
  3.41000000e+00	   2.11626650e+04
  3.42000000e+00	   2.11103602e+04
  3.43000000e+00	   2.10583119e+04
  3.44000000e+00	   2.10065164e+04
  3.45000000e+00	   2.09549783e+04
  3.46000000e+00	   2.09036967e+04
  3.47000000e+00	   2.08526637e+04
  3.48000000e+00	   2.08018776e+04
  3.49000000e+00	   2.07513345e+04
  3.50000000e+00	   2.07010431e+04
  3.51000000e+00	   2.06509913e+04
  3.52000000e+00	   2.06011835e+04
  3.53000000e+00	   2.05516141e+04
  3.54000000e+00	   2.05022740e+04
  3.55000000e+00	   2.04531667e+04
  3.56000000e+00	   2.04043047e+04
  3.57000000e+00	   2.03556801e+04
  3.58000000e+00	   2.03072722e+04
  3.59000000e+00	   2.02591037e+04
  3.60000000e+00	   2.02111596e+04
  3.61000000e+00	   2.01634448e+04
  3.62000000e+00	   2.01159473e+04
  3.63000000e+00	   2.00686660e+04
  3.64000000e+00	   2.00216221e+04
  3.65000000e+00	   1.99747946e+04
  3.66000000e+00	   1.99281738e+04
  3.67000000e+00	   1.98817904e+04
  3.68000000e+00	   1.98356050e+04
  3.69000000e+00	   1.97896391e+04
  3.70000000e+00	   1.97438737e+04
  3.71000000e+00	   1.96983343e+04
  3.72000000e+00	   1.96530045e+04
  3.73000000e+00	   1.96078784e+04
  3.74000000e+00	   1.95629576e+04
  3.75000000e+00	   1.95182338e+04
  3.76000000e+00	   1.94737274e+04
  3.77000000e+00	   1.94294100e+04
  3.78000000e+00	   1.93853111e+04
  3.79000000e+00	   1.93414086e+04
  3.80000000e+00	   1.92976874e+04
  3.81000000e+00	   1.92541766e+04
  3.82000000e+00	   1.92108643e+04
  3.83000000e+00	   1.91677266e+04
  3.84000000e+00	   1.91248021e+04
  3.85000000e+00	   1.90820547e+04
  3.86000000e+00	   1.90395092e+04
  3.87000000e+00	   1.89971506e+04
  3.88000000e+00	   1.89549688e+04
  3.89000000e+00	   1.89130003e+04
  3.90000000e+00	   1.88711854e+04
  3.91000000e+00	   1.88295660e+04
  3.92000000e+00	   1.87881313e+04
  3.93000000e+00	   1.87468776e+04
  3.94000000e+00	   1.87058148e+04
  3.95000000e+00	   1.86649112e+04
  3.96000000e+00	   1.86241925e+04
  3.97000000e+00	   1.85836573e+04
  3.98000000e+00	   1.85432811e+04
  3.99000000e+00	   1.85031027e+04
  4.00000000e+00	   1.84630868e+04
  4.01000000e+00	   1.84232459e+04
  4.02000000e+00	   1.83835615e+04
  4.03000000e+00	   1.83440708e+04
  4.04000000e+00	   1.83047324e+04
  4.05000000e+00	   1.82655811e+04
  4.06000000e+00	   1.82265831e+04
  4.07000000e+00	   1.81877463e+04
  4.08000000e+00	   1.81490858e+04
  4.09000000e+00	   1.81105745e+04
  4.10000000e+00	   1.80722331e+04
  4.11000000e+00	   1.80340525e+04
  4.12000000e+00	   1.79960372e+04
  4.13000000e+00	   1.79581803e+04
  4.14000000e+00	   1.79204796e+04
  4.15000000e+00	   1.78829193e+04
  4.16000000e+00	   1.78455466e+04
  4.17000000e+00	   1.78083266e+04
  4.18000000e+00	   1.77712451e+04
  4.19000000e+00	   1.77343150e+04
  4.20000000e+00	   1.76975412e+04
  4.21000000e+00	   1.76609336e+04
  4.22000000e+00	   1.76244676e+04
  4.23000000e+00	   1.75881550e+04
  4.24000000e+00	   1.75519795e+04
  4.25000000e+00	   1.75159492e+04
  4.26000000e+00	   1.74800892e+04
  4.27000000e+00	   1.74443487e+04
  4.28000000e+00	   1.74087722e+04
  4.29000000e+00	   1.73733459e+04
  4.30000000e+00	   1.73380335e+04
  4.31000000e+00	   1.73028977e+04
  4.32000000e+00	   1.72678994e+04
  4.33000000e+00	   1.72330301e+04
  4.34000000e+00	   1.71982824e+04
  4.35000000e+00	   1.71637087e+04
  4.36000000e+00	   1.71292638e+04
  4.37000000e+00	   1.70949337e+04
  4.38000000e+00	   1.70607654e+04
  4.39000000e+00	   1.70267312e+04
  4.40000000e+00	   1.69928392e+04
  4.41000000e+00	   1.69590653e+04
  4.42000000e+00	   1.69254244e+04
  4.43000000e+00	   1.68919353e+04
  4.44000000e+00	   1.68585584e+04
  4.45000000e+00	   1.68252918e+04
  4.46000000e+00	   1.67922077e+04
  4.47000000e+00	   1.67592056e+04
  4.48000000e+00	   1.67263787e+04
  4.49000000e+00	   1.66936511e+04
  4.50000000e+00	   1.66610402e+04
  4.51000000e+00	   1.66285680e+04
  4.52000000e+00	   1.65962474e+04
  4.53000000e+00	   1.65640124e+04
  4.54000000e+00	   1.65319214e+04
  4.55000000e+00	   1.64999459e+04
  4.56000000e+00	   1.64681179e+04
  4.57000000e+00	   1.64363974e+04
  4.58000000e+00	   1.64047908e+04
  4.59000000e+00	   1.63733051e+04
  4.60000000e+00	   1.63419351e+04
  4.61000000e+00	   1.63107032e+04
  4.62000000e+00	   1.62795818e+04
  4.63000000e+00	   1.62485521e+04
  4.64000000e+00	   1.62176781e+04
  4.65000000e+00	   1.61869198e+04
  4.66000000e+00	   1.61562673e+04
  4.67000000e+00	   1.61257137e+04
  4.68000000e+00	   1.60952792e+04
  4.69000000e+00	   1.60649792e+04
  4.70000000e+00	   1.60347793e+04
  4.71000000e+00	   1.60046808e+04
  4.72000000e+00	   1.59747331e+04
  4.73000000e+00	   1.59448741e+04
  4.74000000e+00	   1.59151294e+04
  4.75000000e+00	   1.58854924e+04
  4.76000000e+00	   1.58559696e+04
  4.77000000e+00	   1.58265475e+04
  4.78000000e+00	   1.57972456e+04
  4.79000000e+00	   1.57680411e+04
  4.80000000e+00	   1.57389317e+04
  4.81000000e+00	   1.57099423e+04
  4.82000000e+00	   1.56810607e+04
  4.83000000e+00	   1.56522900e+04
  4.84000000e+00	   1.56235938e+04
  4.85000000e+00	   1.55950416e+04
  4.86000000e+00	   1.55666036e+04
  4.87000000e+00	   1.55382302e+04
  4.88000000e+00	   1.55099802e+04
  4.89000000e+00	   1.54818033e+04
  4.90000000e+00	   1.54537788e+04
  4.91000000e+00	   1.54258073e+04
  4.92000000e+00	   1.53979727e+04
  4.93000000e+00	   1.53702153e+04
  4.94000000e+00	   1.53425467e+04
  4.95000000e+00	   1.53149990e+04
  4.96000000e+00	   1.52875415e+04
  4.97000000e+00	   1.52601957e+04
  4.98000000e+00	   1.52329546e+04
  4.99000000e+00	   1.52057597e+04
  5.00000000e+00	   1.51787042e+04
  5.01000000e+00	   1.51517303e+04
  5.02000000e+00	   1.51248735e+04
  5.03000000e+00	   1.50980940e+04
  5.04000000e+00	   1.50713857e+04
  5.05000000e+00	   1.50448061e+04
  5.06000000e+00	   1.50183053e+04
  5.07000000e+00	   1.49919046e+04
  5.08000000e+00	   1.49655822e+04
  5.09000000e+00	   1.49393575e+04
  5.10000000e+00	   1.49132338e+04
  5.11000000e+00	   1.48871702e+04
  5.12000000e+00	   1.48612370e+04
  5.13000000e+00	   1.48353619e+04
  5.14000000e+00	   1.48095946e+04
  5.15000000e+00	   1.47839406e+04
  5.16000000e+00	   1.47583152e+04
  5.17000000e+00	   1.47328205e+04
  5.18000000e+00	   1.47074039e+04
  5.19000000e+00	   1.46820725e+04
  5.20000000e+00	   1.46568584e+04
  5.21000000e+00	   1.46316601e+04
  5.22000000e+00	   1.46066019e+04
  5.23000000e+00	   1.45816031e+04
  5.24000000e+00	   1.45567192e+04
  5.25000000e+00	   1.45319080e+04
  5.26000000e+00	   1.45071949e+04
  5.27000000e+00	   1.44825160e+04
  5.28000000e+00	   1.44579424e+04
  5.29000000e+00	   1.44334926e+04
  5.30000000e+00	   1.44090565e+04
  5.31000000e+00	   1.43847325e+04
  5.32000000e+00	   1.43605489e+04
  5.33000000e+00	   1.43364021e+04
  5.34000000e+00	   1.43123146e+04
  5.35000000e+00	   1.42882851e+04
  5.36000000e+00	   1.42643690e+04
  5.37000000e+00	   1.42405502e+04
  5.38000000e+00	   1.42168209e+04
  5.39000000e+00	   1.41931365e+04
  5.40000000e+00	   1.41695083e+04
  5.41000000e+00	   1.41459780e+04
  5.42000000e+00	   1.41225582e+04
  5.43000000e+00	   1.40992054e+04
  5.44000000e+00	   1.40758914e+04
  5.45000000e+00	   1.40526899e+04
  5.46000000e+00	   1.40295178e+04
  5.47000000e+00	   1.40064908e+04
  5.48000000e+00	   1.39834615e+04
  5.49000000e+00	   1.39606259e+04
  5.50000000e+00	   1.39377608e+04
  5.51000000e+00	   1.39149889e+04
  5.52000000e+00	   1.38922771e+04
  5.53000000e+00	   1.38696453e+04
  5.54000000e+00	   1.38471313e+04
  5.55000000e+00	   1.38246790e+04
  5.56000000e+00	   1.38022973e+04
  5.57000000e+00	   1.37799361e+04
  5.58000000e+00	   1.37577267e+04
  5.59000000e+00	   1.37355460e+04
  5.60000000e+00	   1.37134041e+04
  5.61000000e+00	   1.36913783e+04
  5.62000000e+00	   1.36693728e+04
  5.63000000e+00	   1.36474964e+04
  5.64000000e+00	   1.36256458e+04
  5.65000000e+00	   1.36039409e+04
  5.66000000e+00	   1.35822526e+04
  5.67000000e+00	   1.35605515e+04
  5.68000000e+00	   1.35390397e+04
  5.69000000e+00	   1.35175298e+04
  5.70000000e+00	   1.34961510e+04
  5.71000000e+00	   1.34747819e+04
  5.72000000e+00	   1.34534783e+04
  5.73000000e+00	   1.34322313e+04
  5.74000000e+00	   1.34111293e+04
  5.75000000e+00	   1.33899887e+04
  5.76000000e+00	   1.33690144e+04
  5.77000000e+00	   1.33480473e+04
  5.78000000e+00	   1.33271729e+04
  5.79000000e+00	   1.33063410e+04
  5.80000000e+00	   1.32855854e+04
  5.81000000e+00	   1.32648499e+04
  5.82000000e+00	   1.32442616e+04
  5.83000000e+00	   1.32236864e+04
  5.84000000e+00	   1.32031406e+04
  5.85000000e+00	   1.31827339e+04
  5.86000000e+00	   1.31623405e+04
  5.87000000e+00	   1.31420381e+04
  5.88000000e+00	   1.31217837e+04
  5.89000000e+00	   1.31016260e+04
  5.90000000e+00	   1.30814652e+04
  5.91000000e+00	   1.30614050e+04
  5.92000000e+00	   1.30414116e+04
  5.93000000e+00	   1.30214622e+04
  5.94000000e+00	   1.30015295e+04
  5.95000000e+00	   1.29816974e+04
  5.96000000e+00	   1.29619189e+04
  5.97000000e+00	   1.29422252e+04
  5.98000000e+00	   1.29225384e+04
  5.99000000e+00	   1.29030128e+04
  6.00000000e+00	   1.28834462e+04
  6.01000000e+00	   1.28640041e+04
  6.02000000e+00	   1.28445882e+04
  6.03000000e+00	   1.28252589e+04
  6.04000000e+00	   1.28059218e+04
  6.05000000e+00	   1.27866869e+04
  6.06000000e+00	   1.27675370e+04
  6.07000000e+00	   1.27483757e+04
  6.08000000e+00	   1.27293578e+04
  6.09000000e+00	   1.27102886e+04
  6.10000000e+00	   1.26913365e+04
  6.11000000e+00	   1.26724787e+04
  6.12000000e+00	   1.26535960e+04
  6.13000000e+00	   1.26348722e+04
  6.14000000e+00	   1.26161136e+04
  6.15000000e+00	   1.25974508e+04
  6.16000000e+00	   1.25787765e+04
  6.17000000e+00	   1.25602212e+04
  6.18000000e+00	   1.25416778e+04
  6.19000000e+00	   1.25232184e+04
  6.20000000e+00	   1.25048350e+04
  6.21000000e+00	   1.24864629e+04
  6.22000000e+00	   1.24681848e+04
  6.23000000e+00	   1.24499306e+04
  6.24000000e+00	   1.24317556e+04
  6.25000000e+00	   1.24136004e+04
  6.26000000e+00	   1.23954922e+04
  6.27000000e+00	   1.23774788e+04
  6.28000000e+00	   1.23594546e+04
  6.29000000e+00	   1.23415759e+04
  6.30000000e+00	   1.23236593e+04
  6.31000000e+00	   1.23059016e+04
  6.32000000e+00	   1.22880854e+04
  6.33000000e+00	   1.22702953e+04
  6.34000000e+00	   1.22526668e+04
  6.35000000e+00	   1.22350007e+04
  6.36000000e+00	   1.22174638e+04
  6.37000000e+00	   1.21999152e+04
  6.38000000e+00	   1.21824349e+04
  6.39000000e+00	   1.21650467e+04
  6.40000000e+00	   1.21476773e+04
  6.41000000e+00	   1.21303899e+04
  6.42000000e+00	   1.21130724e+04
  6.43000000e+00	   1.20957810e+04
  6.44000000e+00	   1.20785998e+04
  6.45000000e+00	   1.20614469e+04
  6.46000000e+00	   1.20444021e+04
  6.47000000e+00	   1.20273906e+04
  6.48000000e+00	   1.20103514e+04
  6.49000000e+00	   1.19934403e+04
  6.50000000e+00	   1.19765729e+04
  6.51000000e+00	   1.19596930e+04
  6.52000000e+00	   1.19429117e+04
  6.53000000e+00	   1.19260305e+04
  6.54000000e+00	   1.19094053e+04
  6.55000000e+00	   1.18927108e+04
  6.56000000e+00	   1.18761152e+04
  6.57000000e+00	   1.18595773e+04
  6.58000000e+00	   1.18430660e+04
  6.59000000e+00	   1.18265028e+04
  6.60000000e+00	   1.18101757e+04
  6.61000000e+00	   1.17937612e+04
  6.62000000e+00	   1.17774074e+04
  6.63000000e+00	   1.17610489e+04
  6.64000000e+00	   1.17448015e+04
  6.65000000e+00	   1.17285716e+04
  6.66000000e+00	   1.17124615e+04
  6.67000000e+00	   1.16963279e+04
  6.68000000e+00	   1.16802997e+04
  6.69000000e+00	   1.16641834e+04
  6.70000000e+00	   1.16482084e+04
  6.71000000e+00	   1.16322978e+04
  6.72000000e+00	   1.16163614e+04
  6.73000000e+00	   1.16005111e+04
  6.74000000e+00	   1.15847113e+04
  6.75000000e+00	   1.15689672e+04
  6.76000000e+00	   1.15531240e+04
  6.77000000e+00	   1.15374939e+04
  6.78000000e+00	   1.15218752e+04
  6.79000000e+00	   1.15062434e+04
  6.80000000e+00	   1.14906474e+04
  6.81000000e+00	   1.14751875e+04
  6.82000000e+00	   1.14596491e+04
  6.83000000e+00	   1.14441854e+04
  6.84000000e+00	   1.14287914e+04
  6.85000000e+00	   1.14134512e+04
  6.86000000e+00	   1.13981361e+04
  6.87000000e+00	   1.13827780e+04
  6.88000000e+00	   1.13676443e+04
  6.89000000e+00	   1.13524176e+04
  6.90000000e+00	   1.13372446e+04
  6.91000000e+00	   1.13221519e+04
  6.92000000e+00	   1.13070465e+04
  6.93000000e+00	   1.12920186e+04
  6.94000000e+00	   1.12770166e+04
  6.95000000e+00	   1.12620790e+04
  6.96000000e+00	   1.12471559e+04
  6.97000000e+00	   1.12323394e+04
  6.98000000e+00	   1.12173851e+04
  6.99000000e+00	   1.12026141e+04
  7.00000000e+00	   1.11878627e+04
  7.01000000e+00	   1.11731109e+04
  7.02000000e+00	   1.11584499e+04
  7.03000000e+00	   1.11437183e+04
  7.04000000e+00	   1.11292292e+04
  7.05000000e+00	   1.11146214e+04
  7.06000000e+00	   1.11000873e+04
  7.07000000e+00	   1.10855243e+04
  7.08000000e+00	   1.10711538e+04
  7.09000000e+00	   1.10566455e+04
  7.10000000e+00	   1.10422424e+04
  7.11000000e+00	   1.10279251e+04
  7.12000000e+00	   1.10135912e+04
  7.13000000e+00	   1.09993280e+04
  7.14000000e+00	   1.09850623e+04
  7.15000000e+00	   1.09708867e+04
  7.16000000e+00	   1.09566735e+04
  7.17000000e+00	   1.09426091e+04
  7.18000000e+00	   1.09284649e+04
  7.19000000e+00	   1.09144398e+04
  7.20000000e+00	   1.09004018e+04
  7.21000000e+00	   1.08864563e+04
  7.22000000e+00	   1.08724767e+04
  7.23000000e+00	   1.08585652e+04
  7.24000000e+00	   1.08446401e+04
  7.25000000e+00	   1.08308195e+04
  7.26000000e+00	   1.08170454e+04
  7.27000000e+00	   1.08031635e+04
  7.28000000e+00	   1.07894768e+04
  7.29000000e+00	   1.07756618e+04
  7.30000000e+00	   1.07619871e+04
  7.31000000e+00	   1.07484467e+04
  7.32000000e+00	   1.07347877e+04
  7.33000000e+00	   1.07212340e+04
  7.34000000e+00	   1.07076982e+04
  7.35000000e+00	   1.06941734e+04
  7.36000000e+00	   1.06807776e+04
  7.37000000e+00	   1.06673069e+04
  7.38000000e+00	   1.06538484e+04
  7.39000000e+00	   1.06404697e+04
  7.40000000e+00	   1.06271820e+04
  7.41000000e+00	   1.06138332e+04
  7.42000000e+00	   1.06005582e+04
  7.43000000e+00	   1.05873259e+04
  7.44000000e+00	   1.05740437e+04
  7.45000000e+00	   1.05609077e+04
  7.46000000e+00	   1.05477715e+04
  7.47000000e+00	   1.05347373e+04
  7.48000000e+00	   1.05216008e+04
  7.49000000e+00	   1.05085058e+04
  7.50000000e+00	   1.04955653e+04
  7.51000000e+00	   1.04824835e+04
  7.52000000e+00	   1.04696407e+04
  7.53000000e+00	   1.04566850e+04
  7.54000000e+00	   1.04437991e+04
  7.55000000e+00	   1.04309129e+04
  7.56000000e+00	   1.04180993e+04
  7.57000000e+00	   1.04052564e+04
  7.58000000e+00	   1.03924808e+04
  7.59000000e+00	   1.03797647e+04
  7.60000000e+00	   1.03671442e+04
  7.61000000e+00	   1.03544348e+04
  7.62000000e+00	   1.03417667e+04
  7.63000000e+00	   1.03291320e+04
  7.64000000e+00	   1.03166174e+04
  7.65000000e+00	   1.03040064e+04
  7.66000000e+00	   1.02914477e+04
  7.67000000e+00	   1.02789475e+04
  7.68000000e+00	   1.02665542e+04
  7.69000000e+00	   1.02540925e+04
  7.70000000e+00	   1.02416485e+04
  7.71000000e+00	   1.02293103e+04
  7.72000000e+00	   1.02169985e+04
  7.73000000e+00	   1.02046630e+04
  7.74000000e+00	   1.01923719e+04
  7.75000000e+00	   1.01801077e+04
  7.76000000e+00	   1.01678388e+04
  7.77000000e+00	   1.01556116e+04
  7.78000000e+00	   1.01434624e+04
  7.79000000e+00	   1.01312700e+04
  7.80000000e+00	   1.01192402e+04
  7.81000000e+00	   1.01070911e+04
  7.82000000e+00	   1.00950259e+04
  7.83000000e+00	   1.00830838e+04
  7.84000000e+00	   1.00710489e+04
  7.85000000e+00	   1.00590399e+04
  7.86000000e+00	   1.00470871e+04
  7.87000000e+00	   1.00351697e+04
  7.88000000e+00	   1.00232391e+04
  7.89000000e+00	   1.00114903e+04
  7.90000000e+00	   9.99959485e+03
  7.91000000e+00	   9.98776792e+03
  7.92000000e+00	   9.97603404e+03
  7.93000000e+00	   9.96421812e+03
  7.94000000e+00	   9.95253284e+03
  7.95000000e+00	   9.94073283e+03
  7.96000000e+00	   9.92911497e+03
  7.97000000e+00	   9.91748912e+03
  7.98000000e+00	   9.90588436e+03
  7.99000000e+00	   9.89431985e+03
  8.00000000e+00	   9.88276933e+03
  8.01000000e+00	   9.87113335e+03
  8.02000000e+00	   9.85968594e+03
  8.03000000e+00	   9.84816002e+03
  8.04000000e+00	   9.83665742e+03
  8.05000000e+00	   9.82524999e+03
  8.06000000e+00	   9.81386568e+03
  8.07000000e+00	   9.80251946e+03
  8.08000000e+00	   9.79114099e+03
  8.09000000e+00	   9.77974615e+03
  8.10000000e+00	   9.76844505e+03
  8.11000000e+00	   9.75723483e+03
  8.12000000e+00	   9.74590478e+03
  8.13000000e+00	   9.73477905e+03
  8.14000000e+00	   9.72350302e+03
  8.15000000e+00	   9.71232671e+03
  8.16000000e+00	   9.70113879e+03
  8.17000000e+00	   9.69004612e+03
  8.18000000e+00	   9.67894465e+03
  8.19000000e+00	   9.66782768e+03
  8.20000000e+00	   9.65669758e+03
  8.21000000e+00	   9.64579680e+03
  8.22000000e+00	   9.63486036e+03
  8.23000000e+00	   9.62378654e+03
  8.24000000e+00	   9.61290604e+03
  8.25000000e+00	   9.60196807e+03
  8.26000000e+00	   9.59098702e+03
  8.27000000e+00	   9.58010727e+03
  8.28000000e+00	   9.56930686e+03
  8.29000000e+00	   9.55842387e+03
  8.30000000e+00	   9.54762963e+03
  8.31000000e+00	   9.53682748e+03
  8.32000000e+00	   9.52607894e+03
  8.33000000e+00	   9.51534758e+03
  8.34000000e+00	   9.50451397e+03
  8.35000000e+00	   9.49396894e+03
  8.36000000e+00	   9.48326308e+03
  8.37000000e+00	   9.47263147e+03
  8.38000000e+00	   9.46198064e+03
  8.39000000e+00	   9.45137792e+03
  8.40000000e+00	   9.44076734e+03
  8.41000000e+00	   9.43028698e+03
  8.42000000e+00	   9.41970810e+03
  8.43000000e+00	   9.40918787e+03
  8.44000000e+00	   9.39871296e+03
  8.45000000e+00	   9.38839973e+03
  8.46000000e+00	   9.37792473e+03
  8.47000000e+00	   9.36724084e+03
  8.48000000e+00	   9.35690456e+03
  8.49000000e+00	   9.34663654e+03
  8.50000000e+00	   9.33632804e+03
  8.51000000e+00	   9.32592872e+03
  8.52000000e+00	   9.31559427e+03
  8.53000000e+00	   9.30542375e+03
  8.54000000e+00	   9.29515860e+03
  8.55000000e+00	   9.28497109e+03
  8.56000000e+00	   9.27471642e+03
  8.57000000e+00	   9.26436487e+03
  8.58000000e+00	   9.25416532e+03
  8.59000000e+00	   9.24420565e+03
  8.60000000e+00	   9.23401878e+03
  8.61000000e+00	   9.22386282e+03
  8.62000000e+00	   9.21378617e+03
  8.63000000e+00	   9.20368431e+03
  8.64000000e+00	   9.19373264e+03
  8.65000000e+00	   9.18372665e+03
  8.66000000e+00	   9.17370815e+03
  8.67000000e+00	   9.16360552e+03
  8.68000000e+00	   9.15382262e+03
  8.69000000e+00	   9.14369924e+03
  8.70000000e+00	   9.13397319e+03
  8.71000000e+00	   9.12404036e+03
  8.72000000e+00	   9.11411862e+03
  8.73000000e+00	   9.10414383e+03
  8.74000000e+00	   9.09442692e+03
  8.75000000e+00	   9.08454490e+03
  8.76000000e+00	   9.07481900e+03
  8.77000000e+00	   9.06500715e+03
  8.78000000e+00	   9.05535648e+03
  8.79000000e+00	   9.04559490e+03
  8.80000000e+00	   9.03593996e+03
  8.81000000e+00	   9.02603260e+03
  8.82000000e+00	   9.01647799e+03
  8.83000000e+00	   9.00688306e+03
  8.84000000e+00	   8.99716315e+03
  8.85000000e+00	   8.98757447e+03
  8.86000000e+00	   8.97806844e+03
  8.87000000e+00	   8.96827656e+03
  8.88000000e+00	   8.95884843e+03
  8.89000000e+00	   8.94937116e+03
  8.90000000e+00	   8.93977037e+03
  8.91000000e+00	   8.93038134e+03
  8.92000000e+00	   8.92091131e+03
  8.93000000e+00	   8.91133299e+03
  8.94000000e+00	   8.90198424e+03
  8.95000000e+00	   8.89249161e+03
  8.96000000e+00	   8.88325793e+03
  8.97000000e+00	   8.87381345e+03
  8.98000000e+00	   8.86443966e+03
  8.99000000e+00	   8.85509055e+03
  9.00000000e+00	   8.84568677e+03
  9.01000000e+00	   8.83647641e+03
  9.02000000e+00	   8.82709814e+03
  9.03000000e+00	   8.81806922e+03
  9.04000000e+00	   8.80863153e+03
  9.05000000e+00	   8.79944136e+03
  9.06000000e+00	   8.79028816e+03
  9.07000000e+00	   8.78098285e+03
  9.08000000e+00	   8.77185443e+03
  9.09000000e+00	   8.76266282e+03
  9.10000000e+00	   8.75364396e+03
  9.11000000e+00	   8.74438793e+03
  9.12000000e+00	   8.73537420e+03
  9.13000000e+00	   8.72627414e+03
  9.14000000e+00	   8.71733257e+03
  9.15000000e+00	   8.70829817e+03
  9.16000000e+00	   8.69910051e+03
  9.17000000e+00	   8.69026228e+03
  9.18000000e+00	   8.68116909e+03
  9.19000000e+00	   8.67216642e+03
  9.20000000e+00	   8.66328514e+03
  9.21000000e+00	   8.65436589e+03
  9.22000000e+00	   8.64543342e+03
  9.23000000e+00	   8.63651517e+03
  9.24000000e+00	   8.62777600e+03
  9.25000000e+00	   8.61876403e+03
  9.26000000e+00	   8.60991187e+03
  9.27000000e+00	   8.60115094e+03
  9.28000000e+00	   8.59239833e+03
  9.29000000e+00	   8.58353866e+03
  9.30000000e+00	   8.57459326e+03
  9.31000000e+00	   8.56602172e+03
  9.32000000e+00	   8.55722156e+03
  9.33000000e+00	   8.54864328e+03
  9.34000000e+00	   8.53991662e+03
  9.35000000e+00	   8.53105593e+03
  9.36000000e+00	   8.52244241e+03
  9.37000000e+00	   8.51368096e+03
  9.38000000e+00	   8.50525954e+03
  9.39000000e+00	   8.49660913e+03
  9.40000000e+00	   8.48785314e+03
  9.41000000e+00	   8.47925967e+03
  9.42000000e+00	   8.47078931e+03
  9.43000000e+00	   8.46219915e+03
  9.44000000e+00	   8.45364222e+03
  9.45000000e+00	   8.44513969e+03
  9.46000000e+00	   8.43661067e+03
  9.47000000e+00	   8.42829923e+03
  9.48000000e+00	   8.41975009e+03
  9.49000000e+00	   8.41125170e+03
  9.50000000e+00	   8.40276454e+03
  9.51000000e+00	   8.39446282e+03
  9.52000000e+00	   8.38609719e+03
  9.53000000e+00	   8.37756065e+03
  9.54000000e+00	   8.36920479e+03
  9.55000000e+00	   8.36082467e+03
  9.56000000e+00	   8.35257194e+03
  9.57000000e+00	   8.34427221e+03
  9.58000000e+00	   8.33590100e+03
  9.59000000e+00	   8.32754697e+03
  9.60000000e+00	   8.31931165e+03
  9.61000000e+00	   8.31111369e+03
  9.62000000e+00	   8.30283759e+03
  9.63000000e+00	   8.29445317e+03
  9.64000000e+00	   8.28636675e+03
  9.65000000e+00	   8.27823147e+03
  9.66000000e+00	   8.27007562e+03
  9.67000000e+00	   8.26178679e+03
  9.68000000e+00	   8.25368598e+03
  9.69000000e+00	   8.24553580e+03
  9.70000000e+00	   8.23732302e+03
  9.71000000e+00	   8.22929182e+03
  9.72000000e+00	   8.22124231e+03
  9.73000000e+00	   8.21315436e+03
  9.74000000e+00	   8.20507133e+03
  9.75000000e+00	   8.19693258e+03
  9.76000000e+00	   8.18894813e+03
  9.77000000e+00	   8.18098491e+03
  9.78000000e+00	   8.17296196e+03
  9.79000000e+00	   8.16493939e+03
  9.80000000e+00	   8.15705763e+03
  9.81000000e+00	   8.14904531e+03
  9.82000000e+00	   8.14094728e+03
  9.83000000e+00	   8.13321879e+03
  9.84000000e+00	   8.12519615e+03
  9.85000000e+00	   8.11734499e+03
  9.86000000e+00	   8.10937479e+03
  9.87000000e+00	   8.10160631e+03
  9.88000000e+00	   8.09393129e+03
  9.89000000e+00	   8.08580882e+03
  9.90000000e+00	   8.07811026e+03
  9.91000000e+00	   8.07022661e+03
  9.92000000e+00	   8.06237820e+03
  9.93000000e+00	   8.05467309e+03
  9.94000000e+00	   8.04676236e+03
  9.95000000e+00	   8.03900786e+03
  9.96000000e+00	   8.03142471e+03
  9.97000000e+00	   8.02387166e+03
  9.98000000e+00	   8.01603124e+03
  9.99000000e+00	   8.00838591e+03
  1.00000000e+01	   8.00069813e+03
  1.00100000e+01	   7.99297697e+03
  1.00200000e+01	   7.98520058e+03
  1.00300000e+01	   7.97772521e+03
  1.00400000e+01	   7.97011680e+03
  1.00500000e+01	   7.96245124e+03
  1.00600000e+01	   7.95488675e+03
  1.00700000e+01	   7.94721121e+03
  1.00800000e+01	   7.93966963e+03
  1.00900000e+01	   7.93214594e+03
  1.01000000e+01	   7.92456896e+03
  1.01100000e+01	   7.91702664e+03
  1.01200000e+01	   7.90982333e+03
  1.01300000e+01	   7.90217648e+03
  1.01400000e+01	   7.89447151e+03
  1.01500000e+01	   7.88704395e+03
  1.01600000e+01	   7.87947468e+03
  1.01700000e+01	   7.87211647e+03
  1.01800000e+01	   7.86477715e+03
  1.01900000e+01	   7.85741014e+03
  1.02000000e+01	   7.84994505e+03
  1.02100000e+01	   7.84264615e+03
  1.02200000e+01	   7.83509262e+03
  1.02300000e+01	   7.82786568e+03
  1.02400000e+01	   7.82054524e+03
  1.02500000e+01	   7.81306014e+03
  1.02600000e+01	   7.80576344e+03
  1.02700000e+01	   7.79851248e+03
  1.02800000e+01	   7.79112045e+03
  1.02900000e+01	   7.78376886e+03
  1.03000000e+01	   7.77644002e+03
  1.03100000e+01	   7.76933648e+03
  1.03200000e+01	   7.76196180e+03
  1.03300000e+01	   7.75471209e+03
  1.03400000e+01	   7.74757471e+03
  1.03500000e+01	   7.74036280e+03
  1.03600000e+01	   7.73319772e+03
  1.03700000e+01	   7.72602749e+03
  1.03800000e+01	   7.71868189e+03
  1.03900000e+01	   7.71176630e+03
  1.04000000e+01	   7.70433443e+03
  1.04100000e+01	   7.69734149e+03
  1.04200000e+01	   7.69019043e+03
  1.04300000e+01	   7.68314963e+03
  1.04400000e+01	   7.67590523e+03
  1.04500000e+01	   7.66890168e+03
  1.04600000e+01	   7.66183037e+03
  1.04700000e+01	   7.65477762e+03
  1.04800000e+01	   7.64766978e+03
  1.04900000e+01	   7.64059654e+03
  1.05000000e+01	   7.63376068e+03
  1.05100000e+01	   7.62663075e+03
  1.05200000e+01	   7.61968296e+03
  1.05300000e+01	   7.61275850e+03
  1.05400000e+01	   7.60567369e+03
  1.05500000e+01	   7.59874559e+03
  1.05600000e+01	   7.59193902e+03
  1.05700000e+01	   7.58511235e+03
  1.05800000e+01	   7.57782168e+03
  1.05900000e+01	   7.57096079e+03
  1.06000000e+01	   7.56403561e+03
  1.06100000e+01	   7.55728559e+03
  1.06200000e+01	   7.55026804e+03
  1.06300000e+01	   7.54344603e+03
  1.06400000e+01	   7.53655202e+03
  1.06500000e+01	   7.52966716e+03
  1.06600000e+01	   7.52281996e+03
  1.06700000e+01	   7.51600995e+03
  1.06800000e+01	   7.50946751e+03
  1.06900000e+01	   7.50250190e+03
  1.07000000e+01	   7.49566397e+03
  1.07100000e+01	   7.48889925e+03
  1.07200000e+01	   7.48218858e+03
  1.07300000e+01	   7.47510327e+03
  1.07400000e+01	   7.46857169e+03
  1.07500000e+01	   7.46179895e+03
  1.07600000e+01	   7.45514653e+03
  1.07700000e+01	   7.44844149e+03
  1.07800000e+01	   7.44165393e+03
  1.07900000e+01	   7.43493655e+03
  1.08000000e+01	   7.42824668e+03
  1.08100000e+01	   7.42155713e+03
  1.08200000e+01	   7.41498690e+03
  1.08300000e+01	   7.40845949e+03
  1.08400000e+01	   7.40161264e+03
  1.08500000e+01	   7.39505582e+03
  1.08600000e+01	   7.38860433e+03
  1.08700000e+01	   7.38171628e+03
  1.08800000e+01	   7.37513841e+03
  1.08900000e+01	   7.36890901e+03
  1.09000000e+01	   7.36237809e+03
  1.09100000e+01	   7.35545342e+03
  1.09200000e+01	   7.34913964e+03
  1.09300000e+01	   7.34249352e+03
  1.09400000e+01	   7.33601202e+03
  1.09500000e+01	   7.32967568e+03
  1.09600000e+01	   7.32302076e+03
  1.09700000e+01	   7.31656257e+03
  1.09800000e+01	   7.31021288e+03
  1.09900000e+01	   7.30366835e+03
  1.10000000e+01	   7.29719987e+03
  1.10100000e+01	   7.29059826e+03
  1.10200000e+01	   7.28459104e+03
  1.10300000e+01	   7.27789415e+03
  1.10400000e+01	   7.27151944e+03
  1.10500000e+01	   7.26495746e+03
  1.10600000e+01	   7.25857437e+03
  1.10700000e+01	   7.25242164e+03
  1.10800000e+01	   7.24588141e+03
  1.10900000e+01	   7.23950735e+03
  1.11000000e+01	   7.23309065e+03
  1.11100000e+01	   7.22706444e+03
  1.11200000e+01	   7.22062082e+03
  1.11300000e+01	   7.21429280e+03
  1.11400000e+01	   7.20791380e+03
  1.11500000e+01	   7.20152780e+03
  1.11600000e+01	   7.19542611e+03
  1.11700000e+01	   7.18921830e+03
  1.11800000e+01	   7.18259657e+03
  1.11900000e+01	   7.17660958e+03
  1.12000000e+01	   7.17030129e+03
  1.12100000e+01	   7.16415002e+03
  1.12200000e+01	   7.15793705e+03
  1.12300000e+01	   7.15169411e+03
  1.12400000e+01	   7.14559969e+03
  1.12500000e+01	   7.13938260e+03
  1.12600000e+01	   7.13301061e+03
  1.12700000e+01	   7.12700596e+03
  1.12800000e+01	   7.12077437e+03
  1.12900000e+01	   7.11454866e+03
  1.13000000e+01	   7.10843161e+03
  1.13100000e+01	   7.10227077e+03
  1.13200000e+01	   7.09599503e+03
  1.13300000e+01	   7.09003376e+03
  1.13400000e+01	   7.08382372e+03
  1.13500000e+01	   7.07774607e+03
  1.13600000e+01	   7.07158771e+03
  1.13700000e+01	   7.06556714e+03
  1.13800000e+01	   7.05959073e+03
  1.13900000e+01	   7.05346450e+03
  1.14000000e+01	   7.04749466e+03
  1.14100000e+01	   7.04131978e+03
  1.14200000e+01	   7.03541918e+03
  1.14300000e+01	   7.02945946e+03
  1.14400000e+01	   7.02348862e+03
  1.14500000e+01	   7.01748166e+03
  1.14600000e+01	   7.01136582e+03
  1.14700000e+01	   7.00527225e+03
  1.14800000e+01	   6.99945550e+03
  1.14900000e+01	   6.99358464e+03
  1.15000000e+01	   6.98733706e+03
  1.15100000e+01	   6.98138545e+03
  1.15200000e+01	   6.97563360e+03
  1.15300000e+01	   6.96968420e+03
  1.15400000e+01	   6.96390240e+03
  1.15500000e+01	   6.95779093e+03
  1.15600000e+01	   6.95204908e+03
  1.15700000e+01	   6.94592971e+03
  1.15800000e+01	   6.94036811e+03
  1.15900000e+01	   6.93432485e+03
  1.16000000e+01	   6.92847374e+03
  1.16100000e+01	   6.92248205e+03
  1.16200000e+01	   6.91662729e+03
  1.16300000e+01	   6.91095409e+03
  1.16400000e+01	   6.90521657e+03
  1.16500000e+01	   6.89924150e+03
  1.16600000e+01	   6.89330428e+03
  1.16700000e+01	   6.88776616e+03
  1.16800000e+01	   6.88213079e+03
  1.16900000e+01	   6.87593068e+03
  1.17000000e+01	   6.87019691e+03
  1.17100000e+01	   6.86426579e+03
  1.17200000e+01	   6.85891739e+03
  1.17300000e+01	   6.85288938e+03
  1.17400000e+01	   6.84726291e+03
  1.17500000e+01	   6.84166530e+03
  1.17600000e+01	   6.83571465e+03
  1.17700000e+01	   6.83020751e+03
  1.17800000e+01	   6.82439264e+03
  1.17900000e+01	   6.81892964e+03
  1.18000000e+01	   6.81329483e+03
  1.18100000e+01	   6.80749995e+03
  1.18200000e+01	   6.80174928e+03
  1.18300000e+01	   6.79599021e+03
  1.18400000e+01	   6.79029227e+03
  1.18500000e+01	   6.78461928e+03
  1.18600000e+01	   6.77922274e+03
  1.18700000e+01	   6.77340197e+03
  1.18800000e+01	   6.76782326e+03
  1.18900000e+01	   6.76230888e+03
  1.19000000e+01	   6.75698081e+03
  1.19100000e+01	   6.75093070e+03
  1.19200000e+01	   6.74513317e+03
  1.19300000e+01	   6.73992448e+03
  1.19400000e+01	   6.73431973e+03
  1.19500000e+01	   6.72909815e+03
  1.19600000e+01	   6.72295145e+03
  1.19700000e+01	   6.71769334e+03
  1.19800000e+01	   6.71233570e+03
  1.19900000e+01	   6.70632470e+03
  1.20000000e+01	   6.70121950e+03
  1.20100000e+01	   6.69546333e+03
  1.20200000e+01	   6.69015048e+03
  1.20300000e+01	   6.68480994e+03
  1.20400000e+01	   6.67903561e+03
  1.20500000e+01	   6.67376541e+03
  1.20600000e+01	   6.66828894e+03
  1.20700000e+01	   6.66287859e+03
  1.20800000e+01	   6.65711259e+03
  1.20900000e+01	   6.65216270e+03
  1.21000000e+01	   6.64627146e+03
  1.21100000e+01	   6.64100674e+03
  1.21200000e+01	   6.63548907e+03
  1.21300000e+01	   6.63027472e+03
  1.21400000e+01	   6.62476614e+03
  1.21500000e+01	   6.61943191e+03
  1.21600000e+01	   6.61389068e+03
  1.21700000e+01	   6.60872915e+03
  1.21800000e+01	   6.60343275e+03
  1.21900000e+01	   6.59808834e+03
  1.22000000e+01	   6.59245126e+03
  1.22100000e+01	   6.58706989e+03
  1.22200000e+01	   6.58179974e+03
  1.22300000e+01	   6.57662765e+03
  1.22400000e+01	   6.57134065e+03
  1.22500000e+01	   6.56602325e+03
  1.22600000e+01	   6.56035303e+03
  1.22700000e+01	   6.55525877e+03
  1.22800000e+01	   6.55016897e+03
  1.22900000e+01	   6.54482680e+03
  1.23000000e+01	   6.53927165e+03
  1.23100000e+01	   6.53405397e+03
  1.23200000e+01	   6.52882880e+03
  1.23300000e+01	   6.52370780e+03
  1.23400000e+01	   6.51837541e+03
  1.23500000e+01	   6.51308754e+03
  1.23600000e+01	   6.50791513e+03
  1.23700000e+01	   6.50250106e+03
  1.23800000e+01	   6.49717745e+03
  1.23900000e+01	   6.49230350e+03
  1.24000000e+01	   6.48681584e+03
  1.24100000e+01	   6.48193231e+03
  1.24200000e+01	   6.47679373e+03
  1.24300000e+01	   6.47182633e+03
  1.24400000e+01	   6.46636175e+03
  1.24500000e+01	   6.46079043e+03
  1.24600000e+01	   6.45589058e+03
  1.24700000e+01	   6.45091937e+03
  1.24800000e+01	   6.44563925e+03
  1.24900000e+01	   6.44064543e+03
  1.25000000e+01	   6.43559844e+03
  1.25100000e+01	   6.43038233e+03
  1.25200000e+01	   6.42532325e+03
  1.25300000e+01	   6.42027774e+03
  1.25400000e+01	   6.41522157e+03
  1.25500000e+01	   6.41014028e+03
  1.25600000e+01	   6.40494108e+03
  1.25700000e+01	   6.39980311e+03
  1.25800000e+01	   6.39502337e+03
  1.25900000e+01	   6.38970916e+03
  1.26000000e+01	   6.38483252e+03
  1.26100000e+01	   6.37948522e+03
  1.26200000e+01	   6.37436190e+03
  1.26300000e+01	   6.36933821e+03
  1.26400000e+01	   6.36436295e+03
  1.26500000e+01	   6.35963320e+03
  1.26600000e+01	   6.35434122e+03
  1.26700000e+01	   6.34926660e+03
  1.26800000e+01	   6.34441799e+03
  1.26900000e+01	   6.33964240e+03
  1.27000000e+01	   6.33451219e+03
  1.27100000e+01	   6.32959229e+03
  1.27200000e+01	   6.32446324e+03
  1.27300000e+01	   6.31976846e+03
  1.27400000e+01	   6.31444833e+03
  1.27500000e+01	   6.30964405e+03
  1.27600000e+01	   6.30461926e+03
  1.27700000e+01	   6.29974480e+03
  1.27800000e+01	   6.29483106e+03
  1.27900000e+01	   6.28977752e+03
  1.28000000e+01	   6.28511770e+03
  1.28100000e+01	   6.28033028e+03
  1.28200000e+01	   6.27535992e+03
  1.28300000e+01	   6.27019060e+03
  1.28400000e+01	   6.26512833e+03
  1.28500000e+01	   6.26071219e+03
  1.28600000e+01	   6.25577636e+03
  1.28700000e+01	   6.25112297e+03
  1.28800000e+01	   6.24600481e+03
  1.28900000e+01	   6.24090668e+03
  1.29000000e+01	   6.23598463e+03
  1.29100000e+01	   6.23158148e+03
  1.29200000e+01	   6.22666506e+03
  1.29300000e+01	   6.22160795e+03
  1.29400000e+01	   6.21687433e+03
  1.29500000e+01	   6.21225855e+03
  1.29600000e+01	   6.20747126e+03
  1.29700000e+01	   6.20246993e+03
  1.29800000e+01	   6.19767824e+03
  1.29900000e+01	   6.19299114e+03
  1.30000000e+01	   6.18815371e+03
  1.30100000e+01	   6.18336794e+03
  1.30200000e+01	   6.17856606e+03
  1.30300000e+01	   6.17402432e+03
  1.30400000e+01	   6.16915311e+03
  1.30500000e+01	   6.16461273e+03
  1.30600000e+01	   6.15938156e+03
  1.30700000e+01	   6.15494782e+03
  1.30800000e+01	   6.14951954e+03
  1.30900000e+01	   6.14533707e+03
  1.31000000e+01	   6.14081874e+03
  1.31100000e+01	   6.13609036e+03
  1.31200000e+01	   6.13121248e+03
  1.31300000e+01	   6.12665888e+03
  1.31400000e+01	   6.12201931e+03
  1.31500000e+01	   6.11707561e+03
  1.31600000e+01	   6.11288757e+03
  1.31700000e+01	   6.10775481e+03
  1.31800000e+01	   6.10336362e+03
  1.31900000e+01	   6.09836808e+03
  1.32000000e+01	   6.09366358e+03
  1.32100000e+01	   6.08956711e+03
  1.32200000e+01	   6.08479546e+03
  1.32300000e+01	   6.07988537e+03
  1.32400000e+01	   6.07524954e+03
  1.32500000e+01	   6.07057680e+03
  1.32600000e+01	   6.06578715e+03
  1.32700000e+01	   6.06126627e+03
  1.32800000e+01	   6.05637789e+03
  1.32900000e+01	   6.05210910e+03
  1.33000000e+01	   6.04724215e+03
  1.33100000e+01	   6.04309948e+03
  1.33200000e+01	   6.03832090e+03
  1.33300000e+01	   6.03378243e+03
  1.33400000e+01	   6.02942311e+03
  1.33500000e+01	   6.02491373e+03
  1.33600000e+01	   6.02026859e+03
  1.33700000e+01	   6.01583204e+03
  1.33800000e+01	   6.01107773e+03
  1.33900000e+01	   6.00664955e+03
  1.34000000e+01	   6.00206540e+03
  1.34100000e+01	   5.99729735e+03
  1.34200000e+01	   5.99284827e+03
  1.34300000e+01	   5.98845420e+03
  1.34400000e+01	   5.98399094e+03
  1.34500000e+01	   5.97940760e+03
  1.34600000e+01	   5.97509670e+03
  1.34700000e+01	   5.97020037e+03
  1.34800000e+01	   5.96585761e+03
  1.34900000e+01	   5.96157533e+03
  1.35000000e+01	   5.95705470e+03
  1.35100000e+01	   5.95239716e+03
  1.35200000e+01	   5.94802762e+03
  1.35300000e+01	   5.94358798e+03
  1.35400000e+01	   5.93901169e+03
  1.35500000e+01	   5.93444077e+03
  1.35600000e+01	   5.93029750e+03
  1.35700000e+01	   5.92590901e+03
  1.35800000e+01	   5.92140227e+03
  1.35900000e+01	   5.91718063e+03
  1.36000000e+01	   5.91323607e+03
  1.36100000e+01	   5.90792747e+03
  1.36200000e+01	   5.90378860e+03
  1.36300000e+01	   5.89965155e+03
  1.36400000e+01	   5.89514463e+03
  1.36500000e+01	   5.89037045e+03
  1.36600000e+01	   5.88615021e+03
  1.36700000e+01	   5.88208938e+03
  1.36800000e+01	   5.87756371e+03
  1.36900000e+01	   5.87323616e+03
  1.37000000e+01	   5.86875276e+03
  1.37100000e+01	   5.86459903e+03
  1.37200000e+01	   5.86006771e+03
  1.37300000e+01	   5.85575882e+03
  1.37400000e+01	   5.85143477e+03
  1.37500000e+01	   5.84702504e+03
  1.37600000e+01	   5.84290697e+03
  1.37700000e+01	   5.83856718e+03
  1.37800000e+01	   5.83379684e+03
  1.37900000e+01	   5.82956605e+03
  1.38000000e+01	   5.82528342e+03
  1.38100000e+01	   5.82077776e+03
  1.38200000e+01	   5.81705283e+03
  1.38300000e+01	   5.81263479e+03
  1.38400000e+01	   5.80816894e+03
  1.38500000e+01	   5.80401357e+03
  1.38600000e+01	   5.80002391e+03
  1.38700000e+01	   5.79541690e+03
  1.38800000e+01	   5.79100821e+03
  1.38900000e+01	   5.78694409e+03
  1.39000000e+01	   5.78302713e+03
  1.39100000e+01	   5.77865360e+03
  1.39200000e+01	   5.77439112e+03
  1.39300000e+01	   5.76999873e+03
  1.39400000e+01	   5.76601006e+03
  1.39500000e+01	   5.76130568e+03
  1.39600000e+01	   5.75742409e+03
  1.39700000e+01	   5.75331297e+03
  1.39800000e+01	   5.74911948e+03
  1.39900000e+01	   5.74484594e+03
  1.40000000e+01	   5.74039793e+03
  1.40100000e+01	   5.73619699e+03
  1.40200000e+01	   5.73193298e+03
  1.40300000e+01	   5.72779005e+03
  1.40400000e+01	   5.72399139e+03
  1.40500000e+01	   5.71922467e+03
  1.40600000e+01	   5.71559785e+03
  1.40700000e+01	   5.71159410e+03
  1.40800000e+01	   5.70700886e+03
  1.40900000e+01	   5.70319481e+03
  1.41000000e+01	   5.69878981e+03
  1.41100000e+01	   5.69498728e+03
  1.41200000e+01	   5.69085078e+03
  1.41300000e+01	   5.68631554e+03
  1.41400000e+01	   5.68200359e+03
  1.41500000e+01	   5.67773885e+03
  1.41600000e+01	   5.67407153e+03
  1.41700000e+01	   5.67028205e+03
  1.41800000e+01	   5.66570338e+03
  1.41900000e+01	   5.66139798e+03
  1.42000000e+01	   5.65733064e+03
  1.42100000e+01	   5.65381885e+03
  1.42200000e+01	   5.64930789e+03
  1.42300000e+01	   5.64540360e+03
  1.42400000e+01	   5.64099305e+03
  1.42500000e+01	   5.63733059e+03
  1.42600000e+01	   5.63296599e+03
  1.42700000e+01	   5.62896895e+03
  1.42800000e+01	   5.62489805e+03
  1.42900000e+01	   5.62097298e+03
  1.43000000e+01	   5.61641433e+03
  1.43100000e+01	   5.61340017e+03
  1.43200000e+01	   5.60882416e+03
  1.43300000e+01	   5.60448347e+03
  1.43400000e+01	   5.60045684e+03
  1.43500000e+01	   5.59658016e+03
  1.43600000e+01	   5.59269055e+03
  1.43700000e+01	   5.58854484e+03
  1.43800000e+01	   5.58484197e+03
  1.43900000e+01	   5.58068583e+03
  1.44000000e+01	   5.57604537e+03
  1.44100000e+01	   5.57186106e+03
  1.44200000e+01	   5.56874618e+03
  1.44300000e+01	   5.56468511e+03
  1.44400000e+01	   5.56018342e+03
  1.44500000e+01	   5.55676384e+03
  1.44600000e+01	   5.55255287e+03
  1.44700000e+01	   5.54844145e+03
  1.44800000e+01	   5.54464379e+03
  1.44900000e+01	   5.54126128e+03
  1.45000000e+01	   5.53643546e+03
  1.45100000e+01	   5.53284142e+03
  1.45200000e+01	   5.52888941e+03
  1.45300000e+01	   5.52511057e+03
  1.45400000e+01	   5.52085450e+03
  1.45500000e+01	   5.51704605e+03
  1.45600000e+01	   5.51302550e+03
  1.45700000e+01	   5.50893103e+03
  1.45800000e+01	   5.50578668e+03
  1.45900000e+01	   5.50155094e+03
  1.46000000e+01	   5.49795297e+03
  1.46100000e+01	   5.49370020e+03
  1.46200000e+01	   5.48964220e+03
  1.46300000e+01	   5.48566158e+03
  1.46400000e+01	   5.48193845e+03
  1.46500000e+01	   5.47847901e+03
  1.46600000e+01	   5.47440669e+03
  1.46700000e+01	   5.47025112e+03
  1.46800000e+01	   5.46648251e+03
  1.46900000e+01	   5.46247589e+03
  1.47000000e+01	   5.45883237e+03
  1.47100000e+01	   5.45466288e+03
  1.47200000e+01	   5.45141908e+03
  1.47300000e+01	   5.44731786e+03
  1.47400000e+01	   5.44313565e+03
  1.47500000e+01	   5.43992231e+03
  1.47600000e+01	   5.43537944e+03
  1.47700000e+01	   5.43160099e+03
  1.47800000e+01	   5.42801542e+03
  1.47900000e+01	   5.42398656e+03
  1.48000000e+01	   5.42011803e+03
  1.48100000e+01	   5.41653855e+03
  1.48200000e+01	   5.41301203e+03
  1.48300000e+01	   5.40934323e+03
  1.48400000e+01	   5.40507465e+03
  1.48500000e+01	   5.40127089e+03
  1.48600000e+01	   5.39749725e+03
  1.48700000e+01	   5.39380431e+03
  1.48800000e+01	   5.39001749e+03
  1.48900000e+01	   5.38629126e+03
  1.49000000e+01	   5.38245605e+03
  1.49100000e+01	   5.37833613e+03
  1.49200000e+01	   5.37487752e+03
  1.49300000e+01	   5.37083301e+03
  1.49400000e+01	   5.36772178e+03
  1.49500000e+01	   5.36374166e+03
  1.49600000e+01	   5.35995896e+03
  1.49700000e+01	   5.35637137e+03
  1.49800000e+01	   5.35205052e+03
  1.49900000e+01	   5.34894014e+03
  1.50000000e+01	   5.34469648e+03
  1.50100000e+01	   5.34115493e+03
  1.50200000e+01	   5.33746304e+03
  1.50300000e+01	   5.33364214e+03
  1.50400000e+01	   5.32998625e+03
  1.50500000e+01	   5.32616870e+03
  1.50600000e+01	   5.32272410e+03
  1.50700000e+01	   5.31874342e+03
  1.50800000e+01	   5.31503334e+03
  1.50900000e+01	   5.31132804e+03
  1.51000000e+01	   5.30778704e+03
  1.51100000e+01	   5.30394192e+03
  1.51200000e+01	   5.30035723e+03
  1.51300000e+01	   5.29705729e+03
  1.51400000e+01	   5.29299084e+03
  1.51500000e+01	   5.28917374e+03
  1.51600000e+01	   5.28568415e+03
  1.51700000e+01	   5.28213530e+03
  1.51800000e+01	   5.27825138e+03
  1.51900000e+01	   5.27471019e+03
  1.52000000e+01	   5.27142997e+03
  1.52100000e+01	   5.26743068e+03
  1.52200000e+01	   5.26401185e+03
  1.52300000e+01	   5.26052313e+03
  1.52400000e+01	   5.25648148e+03
  1.52500000e+01	   5.25287734e+03
  1.52600000e+01	   5.24915412e+03
  1.52700000e+01	   5.24535805e+03
  1.52800000e+01	   5.24211815e+03
  1.52900000e+01	   5.23846702e+03
  1.53000000e+01	   5.23500020e+03
  1.53100000e+01	   5.23122895e+03
  1.53200000e+01	   5.22779866e+03
  1.53300000e+01	   5.22429819e+03
  1.53400000e+01	   5.22070931e+03
  1.53500000e+01	   5.21673646e+03
  1.53600000e+01	   5.21305736e+03
  1.53700000e+01	   5.20968490e+03
  1.53800000e+01	   5.20635692e+03
  1.53900000e+01	   5.20203122e+03
  1.54000000e+01	   5.19881515e+03
  1.54100000e+01	   5.19525789e+03
  1.54200000e+01	   5.19205062e+03
  1.54300000e+01	   5.18862797e+03
  1.54400000e+01	   5.18444412e+03
  1.54500000e+01	   5.18124124e+03
  1.54600000e+01	   5.17783151e+03
  1.54700000e+01	   5.17397267e+03
  1.54800000e+01	   5.17111878e+03
  1.54900000e+01	   5.16706751e+03
  1.55000000e+01	   5.16373089e+03
  1.55100000e+01	   5.15972583e+03
  1.55200000e+01	   5.15644680e+03
  1.55300000e+01	   5.15247966e+03
  1.55400000e+01	   5.14960414e+03
  1.55500000e+01	   5.14519359e+03
  1.55600000e+01	   5.14216706e+03
  1.55700000e+01	   5.13880522e+03
  1.55800000e+01	   5.13552704e+03
  1.55900000e+01	   5.13181656e+03
  1.56000000e+01	   5.12840097e+03
  1.56100000e+01	   5.12476371e+03
  1.56200000e+01	   5.12156965e+03
  1.56300000e+01	   5.11806196e+03
  1.56400000e+01	   5.11466360e+03
  1.56500000e+01	   5.11096597e+03
  1.56600000e+01	   5.10737653e+03
  1.56700000e+01	   5.10361688e+03
  1.56800000e+01	   5.10090323e+03
  1.56900000e+01	   5.09699285e+03
  1.57000000e+01	   5.09368849e+03
  1.57100000e+01	   5.09005678e+03
  1.57200000e+01	   5.08612067e+03
  1.57300000e+01	   5.08287426e+03
  1.57400000e+01	   5.08029804e+03
  1.57500000e+01	   5.07639050e+03
  1.57600000e+01	   5.07274353e+03
  1.57700000e+01	   5.06926251e+03
  1.57800000e+01	   5.06630086e+03
  1.57900000e+01	   5.06241160e+03
  1.58000000e+01	   5.05880052e+03
  1.58100000e+01	   5.05568687e+03
  1.58200000e+01	   5.05222119e+03
  1.58300000e+01	   5.04890921e+03
  1.58400000e+01	   5.04575807e+03
  1.58500000e+01	   5.04202170e+03
  1.58600000e+01	   5.03850559e+03
  1.58700000e+01	   5.03538331e+03
  1.58800000e+01	   5.03182714e+03
  1.58900000e+01	   5.02813449e+03
  1.59000000e+01	   5.02502797e+03
  1.59100000e+01	   5.02192463e+03
  1.59200000e+01	   5.01753830e+03
  1.59300000e+01	   5.01510080e+03
  1.59400000e+01	   5.01177743e+03
  1.59500000e+01	   5.00782402e+03
  1.59600000e+01	   5.00561519e+03
  1.59700000e+01	   5.00141198e+03
  1.59800000e+01	   4.99785660e+03
  1.59900000e+01	   4.99466061e+03
  1.60000000e+01	   4.99174886e+03
  1.60100000e+01	   4.98810414e+03
  1.60200000e+01	   4.98442000e+03
  1.60300000e+01	   4.98130761e+03
  1.60400000e+01	   4.97795980e+03
  1.60500000e+01	   4.97485449e+03
  1.60600000e+01	   4.97120622e+03
  1.60700000e+01	   4.96800370e+03
  1.60800000e+01	   4.96470088e+03
  1.60900000e+01	   4.96183867e+03
  1.61000000e+01	   4.95818440e+03
  1.61100000e+01	   4.95462327e+03
  1.61200000e+01	   4.95144799e+03
  1.61300000e+01	   4.94800414e+03
  1.61400000e+01	   4.94466256e+03
  1.61500000e+01	   4.94178639e+03
  1.61600000e+01	   4.93829745e+03
  1.61700000e+01	   4.93436073e+03
  1.61800000e+01	   4.93142601e+03
  1.61900000e+01	   4.92844232e+03
  1.62000000e+01	   4.92522749e+03
  1.62100000e+01	   4.92177338e+03
  1.62200000e+01	   4.91854251e+03
  1.62300000e+01	   4.91488030e+03
  1.62400000e+01	   4.91167417e+03
  1.62500000e+01	   4.90880909e+03
  1.62600000e+01	   4.90559493e+03
  1.62700000e+01	   4.90216850e+03
  1.62800000e+01	   4.89880239e+03
  1.62900000e+01	   4.89577542e+03
  1.63000000e+01	   4.89195565e+03
  1.63100000e+01	   4.88904551e+03
  1.63200000e+01	   4.88575402e+03
  1.63300000e+01	   4.88270729e+03
  1.63400000e+01	   4.87957762e+03
  1.63500000e+01	   4.87620589e+03
  1.63600000e+01	   4.87331420e+03
  1.63700000e+01	   4.86934717e+03
  1.63800000e+01	   4.86668979e+03
  1.63900000e+01	   4.86320629e+03
  1.64000000e+01	   4.86022380e+03
  1.64100000e+01	   4.85627210e+03
  1.64200000e+01	   4.85385471e+03
  1.64300000e+01	   4.85074902e+03
  1.64400000e+01	   4.84637105e+03
  1.64500000e+01	   4.84385168e+03
  1.64600000e+01	   4.84055952e+03
  1.64700000e+01	   4.83768259e+03
  1.64800000e+01	   4.83460367e+03
  1.64900000e+01	   4.83122660e+03
  1.65000000e+01	   4.82810619e+03
  1.65100000e+01	   4.82449995e+03
  1.65200000e+01	   4.82147026e+03
  1.65300000e+01	   4.81809014e+03
  1.65400000e+01	   4.81512115e+03
  1.65500000e+01	   4.81176962e+03
  1.65600000e+01	   4.80873611e+03
  1.65700000e+01	   4.80593360e+03
  1.65800000e+01	   4.80213957e+03
  1.65900000e+01	   4.79896564e+03
  1.66000000e+01	   4.79602713e+03
  1.66100000e+01	   4.79297469e+03
  1.66200000e+01	   4.78975539e+03
  1.66300000e+01	   4.78634765e+03
  1.66400000e+01	   4.78391561e+03
  1.66500000e+01	   4.78072839e+03
  1.66600000e+01	   4.77708865e+03
  1.66700000e+01	   4.77497964e+03
  1.66800000e+01	   4.77062952e+03
  1.66900000e+01	   4.76758605e+03
  1.67000000e+01	   4.76428690e+03
  1.67100000e+01	   4.76159234e+03
  1.67200000e+01	   4.75843754e+03
  1.67300000e+01	   4.75526208e+03
  1.67400000e+01	   4.75219268e+03
  1.67500000e+01	   4.74854903e+03
  1.67600000e+01	   4.74645349e+03
  1.67700000e+01	   4.74270082e+03
  1.67800000e+01	   4.73957612e+03
  1.67900000e+01	   4.73658241e+03
  1.68000000e+01	   4.73327833e+03
  1.68100000e+01	   4.73045801e+03
  1.68200000e+01	   4.72713334e+03
  1.68300000e+01	   4.72474622e+03
  1.68400000e+01	   4.72131236e+03
  1.68500000e+01	   4.71801582e+03
  1.68600000e+01	   4.71530905e+03
  1.68700000e+01	   4.71200178e+03
  1.68800000e+01	   4.70897655e+03
  1.68900000e+01	   4.70616094e+03
  1.69000000e+01	   4.70274033e+03
  1.69100000e+01	   4.69952489e+03
  1.69200000e+01	   4.69632677e+03
  1.69300000e+01	   4.69370358e+03
  1.69400000e+01	   4.69047395e+03
  1.69500000e+01	   4.68740665e+03
  1.69600000e+01	   4.68400273e+03
  1.69700000e+01	   4.68131291e+03
  1.69800000e+01	   4.67811413e+03
  1.69900000e+01	   4.67526973e+03
  1.70000000e+01	   4.67236227e+03
  1.70100000e+01	   4.66828290e+03
  1.70200000e+01	   4.66611768e+03
  1.70300000e+01	   4.66316496e+03
  1.70400000e+01	   4.65998896e+03
  1.70500000e+01	   4.65779544e+03
  1.70600000e+01	   4.65311266e+03
  1.70700000e+01	   4.65070192e+03
  1.70800000e+01	   4.64807400e+03
  1.70900000e+01	   4.64494620e+03
  1.71000000e+01	   4.64136981e+03
  1.71100000e+01	   4.63850084e+03
  1.71200000e+01	   4.63580026e+03
  1.71300000e+01	   4.63235089e+03
  1.71400000e+01	   4.62991811e+03
  1.71500000e+01	   4.62678711e+03
  1.71600000e+01	   4.62391045e+03
  1.71700000e+01	   4.62124207e+03
  1.71800000e+01	   4.61767060e+03
  1.71900000e+01	   4.61540602e+03
  1.72000000e+01	   4.61152436e+03
  1.72100000e+01	   4.60887133e+03
  1.72200000e+01	   4.60621693e+03
  1.72300000e+01	   4.60261298e+03
  1.72400000e+01	   4.60028497e+03
  1.72500000e+01	   4.59659597e+03
  1.72600000e+01	   4.59340956e+03
  1.72700000e+01	   4.59035138e+03
  1.72800000e+01	   4.58742893e+03
  1.72900000e+01	   4.58495100e+03
  1.73000000e+01	   4.58187789e+03
  1.73100000e+01	   4.57951331e+03
  1.73200000e+01	   4.57641855e+03
  1.73300000e+01	   4.57316626e+03
  1.73400000e+01	   4.57023944e+03
  1.73500000e+01	   4.56654326e+03
  1.73600000e+01	   4.56418864e+03
  1.73700000e+01	   4.56114347e+03
  1.73800000e+01	   4.55866078e+03
  1.73900000e+01	   4.55495356e+03
  1.74000000e+01	   4.55263014e+03
  1.74100000e+01	   4.54948583e+03
  1.74200000e+01	   4.54658075e+03
  1.74300000e+01	   4.54337160e+03
  1.74400000e+01	   4.54085093e+03
  1.74500000e+01	   4.53771021e+03
  1.74600000e+01	   4.53491762e+03
  1.74700000e+01	   4.53176002e+03
  1.74800000e+01	   4.52919861e+03
  1.74900000e+01	   4.52613380e+03
  1.75000000e+01	   4.52361351e+03
  1.75100000e+01	   4.52053135e+03
  1.75200000e+01	   4.51770817e+03
  1.75300000e+01	   4.51480076e+03
  1.75400000e+01	   4.51141386e+03
  1.75500000e+01	   4.50856487e+03
  1.75600000e+01	   4.50565121e+03
  1.75700000e+01	   4.50289954e+03
  1.75800000e+01	   4.50044424e+03
  1.75900000e+01	   4.49720074e+03
  1.76000000e+01	   4.49413453e+03
  1.76100000e+01	   4.49092670e+03
  1.76200000e+01	   4.48852701e+03
  1.76300000e+01	   4.48582164e+03
  1.76400000e+01	   4.48294310e+03
  1.76500000e+01	   4.47945806e+03
  1.76600000e+01	   4.47767203e+03
  1.76700000e+01	   4.47394997e+03
  1.76800000e+01	   4.47095598e+03
  1.76900000e+01	   4.46782670e+03
  1.77000000e+01	   4.46546693e+03
  1.77100000e+01	   4.46281356e+03
  1.77200000e+01	   4.45993681e+03
  1.77300000e+01	   4.45706501e+03
  1.77400000e+01	   4.45407012e+03
  1.77500000e+01	   4.45112223e+03
  1.77600000e+01	   4.44800629e+03
  1.77700000e+01	   4.44556747e+03
  1.77800000e+01	   4.44265077e+03
  1.77900000e+01	   4.43959879e+03
  1.78000000e+01	   4.43677196e+03
  1.78100000e+01	   4.43419594e+03
  1.78200000e+01	   4.43104467e+03
  1.78300000e+01	   4.42788633e+03
  1.78400000e+01	   4.42489470e+03
  1.78500000e+01	   4.42281093e+03
  1.78600000e+01	   4.41941341e+03
  1.78700000e+01	   4.41732859e+03
  1.78800000e+01	   4.41510257e+03
  1.78900000e+01	   4.41213719e+03
  1.79000000e+01	   4.40910158e+03
  1.79100000e+01	   4.40599367e+03
  1.79200000e+01	   4.40367749e+03
  1.79300000e+01	   4.40049322e+03
  1.79400000e+01	   4.39736894e+03
  1.79500000e+01	   4.39505506e+03
  1.79600000e+01	   4.39250796e+03
  1.79700000e+01	   4.38964693e+03
  1.79800000e+01	   4.38613013e+03
  1.79900000e+01	   4.38344637e+03
  1.80000000e+01	   4.38058132e+03
  1.80100000e+01	   4.37779749e+03
  1.80200000e+01	   4.37512276e+03
  1.80300000e+01	   4.37215866e+03
  1.80400000e+01	   4.36992342e+03
  1.80500000e+01	   4.36720852e+03
  1.80600000e+01	   4.36465656e+03
  1.80700000e+01	   4.36087082e+03
  1.80800000e+01	   4.35881401e+03
  1.80900000e+01	   4.35544491e+03
  1.81000000e+01	   4.35326872e+03
  1.81100000e+01	   4.35018496e+03
  1.81200000e+01	   4.34683397e+03
  1.81300000e+01	   4.34439724e+03
  1.81400000e+01	   4.34173274e+03
  1.81500000e+01	   4.33931739e+03
  1.81600000e+01	   4.33703454e+03
  1.81700000e+01	   4.33335492e+03
  1.81800000e+01	   4.33072157e+03
  1.81900000e+01	   4.32789702e+03
  1.82000000e+01	   4.32605078e+03
  1.82100000e+01	   4.32223397e+03
  1.82200000e+01	   4.31949179e+03
  1.82300000e+01	   4.31696839e+03
  1.82400000e+01	   4.31455633e+03
  1.82500000e+01	   4.31145036e+03
  1.82600000e+01	   4.30844841e+03
  1.82700000e+01	   4.30641649e+03
  1.82800000e+01	   4.30319538e+03
  1.82900000e+01	   4.30068046e+03
  1.83000000e+01	   4.29761559e+03
  1.83100000e+01	   4.29496694e+03
  1.83200000e+01	   4.29315621e+03
  1.83300000e+01	   4.29011641e+03
  1.83400000e+01	   4.28783314e+03
  1.83500000e+01	   4.28452999e+03
  1.83600000e+01	   4.28170590e+03
  1.83700000e+01	   4.27872017e+03
  1.83800000e+01	   4.27633483e+03
  1.83900000e+01	   4.27442662e+03
  1.84000000e+01	   4.27078737e+03
  1.84100000e+01	   4.26794681e+03
  1.84200000e+01	   4.26611830e+03
  1.84300000e+01	   4.26319461e+03
  1.84400000e+01	   4.26101208e+03
  1.84500000e+01	   4.25755794e+03
  1.84600000e+01	   4.25543446e+03
  1.84700000e+01	   4.25219784e+03
  1.84800000e+01	   4.24921273e+03
  1.84900000e+01	   4.24701043e+03
  1.85000000e+01	   4.24440180e+03
  1.85100000e+01	   4.24119425e+03
  1.85200000e+01	   4.23808683e+03
  1.85300000e+01	   4.23512767e+03
  1.85400000e+01	   4.23401695e+03
  1.85500000e+01	   4.23055261e+03
  1.85600000e+01	   4.22714910e+03
  1.85700000e+01	   4.22572600e+03
  1.85800000e+01	   4.22311897e+03
  1.85900000e+01	   4.22015949e+03
  1.86000000e+01	   4.21716968e+03
  1.86100000e+01	   4.21485141e+03
  1.86200000e+01	   4.21202334e+03
  1.86300000e+01	   4.21023819e+03
  1.86400000e+01	   4.20657255e+03
  1.86500000e+01	   4.20413819e+03
  1.86600000e+01	   4.20174487e+03
  1.86700000e+01	   4.19841111e+03
  1.86800000e+01	   4.19610107e+03
  1.86900000e+01	   4.19329012e+03
  1.87000000e+01	   4.19096528e+03
  1.87100000e+01	   4.18852968e+03
  1.87200000e+01	   4.18575121e+03
  1.87300000e+01	   4.18256696e+03
  1.87400000e+01	   4.18044959e+03
  1.87500000e+01	   4.17737714e+03
  1.87600000e+01	   4.17452591e+03
  1.87700000e+01	   4.17199882e+03
  1.87800000e+01	   4.17057761e+03
  1.87900000e+01	   4.16684072e+03
  1.88000000e+01	   4.16451702e+03
  1.88100000e+01	   4.16144879e+03
  1.88200000e+01	   4.15928025e+03
  1.88300000e+01	   4.15687539e+03
  1.88400000e+01	   4.15396782e+03
  1.88500000e+01	   4.15174324e+03
  1.88600000e+01	   4.14857672e+03
  1.88700000e+01	   4.14684423e+03
  1.88800000e+01	   4.14366870e+03
  1.88900000e+01	   4.14084547e+03
  1.89000000e+01	   4.13853470e+03
  1.89100000e+01	   4.13593044e+03
  1.89200000e+01	   4.13404965e+03
  1.89300000e+01	   4.13009377e+03
  1.89400000e+01	   4.12803896e+03
  1.89500000e+01	   4.12491584e+03
  1.89600000e+01	   4.12244510e+03
  1.89700000e+01	   4.11955264e+03
  1.89800000e+01	   4.11777941e+03
  1.89900000e+01	   4.11523202e+03
  1.90000000e+01	   4.11298018e+03
  1.90100000e+01	   4.11060811e+03
  1.90200000e+01	   4.10734677e+03
  1.90300000e+01	   4.10478230e+03
  1.90400000e+01	   4.10271948e+03
  1.90500000e+01	   4.09946014e+03
  1.90600000e+01	   4.09727737e+03
  1.90700000e+01	   4.09373963e+03
  1.90800000e+01	   4.09158042e+03
  1.90900000e+01	   4.09013263e+03
  1.91000000e+01	   4.08652616e+03
  1.91100000e+01	   4.08488321e+03
  1.91200000e+01	   4.08173757e+03
  1.91300000e+01	   4.07933391e+03
  1.91400000e+01	   4.07734405e+03
  1.91500000e+01	   4.07393248e+03
  1.91600000e+01	   4.07154602e+03
  1.91700000e+01	   4.06860601e+03
  1.91800000e+01	   4.06681663e+03
  1.91900000e+01	   4.06423083e+03
  1.92000000e+01	   4.06184514e+03
  1.92100000e+01	   4.05840383e+03
  1.92200000e+01	   4.05661547e+03
  1.92300000e+01	   4.05314666e+03
  1.92400000e+01	   4.05109234e+03
  1.92500000e+01	   4.04758191e+03
  1.92600000e+01	   4.04513152e+03
  1.92700000e+01	   4.04361000e+03
  1.92800000e+01	   4.04097837e+03
  1.92900000e+01	   4.03832041e+03
  1.93000000e+01	   4.03661565e+03
  1.93100000e+01	   4.03338468e+03
  1.93200000e+01	   4.03110671e+03
  1.93300000e+01	   4.02803441e+03
  1.93400000e+01	   4.02653125e+03
  1.93500000e+01	   4.02334017e+03
  1.93600000e+01	   4.02070901e+03
  1.93700000e+01	   4.01777931e+03
  1.93800000e+01	   4.01578825e+03
  1.93900000e+01	   4.01340762e+03
  1.94000000e+01	   4.01034607e+03
  1.94100000e+01	   4.00812774e+03
  1.94200000e+01	   4.00585213e+03
  1.94300000e+01	   4.00317691e+03
  1.94400000e+01	   4.00048419e+03
  1.94500000e+01	   3.99771612e+03
  1.94600000e+01	   3.99590629e+03
  1.94700000e+01	   3.99331807e+03
  1.94800000e+01	   3.99075078e+03
  1.94900000e+01	   3.98841890e+03
  1.95000000e+01	   3.98551649e+03
  1.95100000e+01	   3.98305078e+03
  1.95200000e+01	   3.98107153e+03
  1.95300000e+01	   3.97780693e+03
  1.95400000e+01	   3.97652084e+03
  1.95500000e+01	   3.97411656e+03
  1.95600000e+01	   3.97145583e+03
  1.95700000e+01	   3.96765361e+03
  1.95800000e+01	   3.96616317e+03
  1.95900000e+01	   3.96334185e+03
  1.96000000e+01	   3.96123136e+03
  1.96100000e+01	   3.95785930e+03
  1.96200000e+01	   3.95588938e+03
  1.96300000e+01	   3.95337985e+03
  1.96400000e+01	   3.95135513e+03
  1.96500000e+01	   3.94787533e+03
  1.96600000e+01	   3.94619648e+03
  1.96700000e+01	   3.94388165e+03
  1.96800000e+01	   3.94124071e+03
  1.96900000e+01	   3.93838428e+03
  1.97000000e+01	   3.93627805e+03
  1.97100000e+01	   3.93391077e+03
  1.97200000e+01	   3.93131994e+03
  1.97300000e+01	   3.92900753e+03
  1.97400000e+01	   3.92588348e+03
  1.97500000e+01	   3.92370814e+03
  1.97600000e+01	   3.92205927e+03
  1.97700000e+01	   3.91889405e+03
  1.97800000e+01	   3.91754902e+03
  1.97900000e+01	   3.91369954e+03
  1.98000000e+01	   3.91133276e+03
  1.98100000e+01	   3.90988808e+03
  1.98200000e+01	   3.90700438e+03
  1.98300000e+01	   3.90479067e+03
  1.98400000e+01	   3.90164107e+03
  1.98500000e+01	   3.89976315e+03
  1.98600000e+01	   3.89753487e+03
  1.98700000e+01	   3.89499052e+03
  1.98800000e+01	   3.89233477e+03
  1.98900000e+01	   3.89022342e+03
  1.99000000e+01	   3.88581906e+03
  1.99100000e+01	   3.88545344e+03
  1.99200000e+01	   3.88243307e+03
  1.99300000e+01	   3.87970202e+03
  1.99400000e+01	   3.87734548e+03
  1.99500000e+01	   3.87504673e+03
  1.99600000e+01	   3.87248609e+03
  1.99700000e+01	   3.87081644e+03
  1.99800000e+01	   3.86850311e+03
  1.99900000e+01	   3.86605151e+03
