1184.44  1.5e17 
1143.52  1.5e17 
1153.91  1.5e17 
1156.27  1.5e17 
1166.29  1.5e17
1117.71  1.5e17
1046.12  1.5e17
1095.56  1.5e17
1025.11  1.5e17
993.04   1.5e17
1021.89  1.5e17
1029.49  1.5e17
997.10   1.5e17
1118.75  1.5e17
1121.03  1.5e17
1059.26  1.5e17
1030.78  1.5e17
1056.26  1.5e17
990.82   1.5e17
980.20   1.5e17
1066.67  1.5e17
1070.82  1.5e17
990.02   1.5e17
1086.56  1.5e17
1161.51  1.5e17
1075.08  1.5e17
905.30   1.5e17
1012.63  1.5e17
1003.68  1.5e17
1022.06  1.5e17
1080.08  1.5e17
989.32   1.5e17
1145.40  1.5e17
964.72   1.5e17
947.36   1.5e17
1071.81  1.5e17
1103.09  1.5e17
1194.00  1.5e17
1010.65  1.5e17
980.98   1.5e17
976.08   1.5e17
946.91   1.5e17
982.23   1.5e17
984.50   1.5e17
985.50   1.5e17
981.35   1.5e17
966.54   1.5e17
977.92   1.5e17
872.50   1.5e17
881.93   1.5e17
909.29   1.5e17
1051.51  1.5e17
1052.25  1.5e17
954.11   1.5e17
1079.09  1.5e17
1003.75  1.5e17
1099.87  1.5e17
1131.28  1.5e17
1106.63  1.5e17
1049.67  1.5e17
958.43   1.5e17
974.13   1.5e17
1070.99  1.5e17







