7785.000000	 4784.355996	 478.435600	 0
7786.000000	 4891.615806	 489.161581	 0
7787.000000	 5001.646147	 500.164615	 0
7788.000000	 4677.480677	 467.748068	 0
7789.000000	 4784.297592	 478.429759	 0
7790.000000	 4918.847798	 491.884780	 0
7791.000000	 4484.738377	 448.473838	 0
7792.000000	 4567.009875	 456.700987	 0
7793.000000	 4586.390205	 458.639020	 0
7794.000000	 4622.127252	 462.212725	 0
7795.000000	 4615.055524	 461.505552	 0
7796.000000	 4609.967092	 460.996709	 0
7797.000000	 4851.375582	 485.137558	 0
7798.000000	 4795.116898	 479.511690	 0
7799.000000	 4835.084570	 483.508457	 0
7800.000000	 4888.928014	 488.892801	 0
7801.000000	 4763.460817	 476.346082	 0
7802.000000	 4593.924296	 459.392430	 0
7803.000000	 4560.900593	 456.090059	 0
7804.000000	 4568.948151	 456.894815	 0
7805.000000	 4494.985812	 449.498581	 0
7806.000000	 4559.612059	 455.961206	 0
7807.000000	 4499.544959	 449.954496	 0
7808.000000	 4586.901238	 458.690124	 0
7809.000000	 4746.203708	 474.620371	 0
7810.000000	 4539.914158	 453.991416	 0
7811.000000	 4606.967813	 460.696781	 0
7812.000000	 4545.793475	 454.579347	 0
7813.000000	 4443.423767	 444.342377	 0
7814.000000	 4618.372374	 461.837237	 0
7815.000000	 4605.377526	 460.537753	 0
7816.000000	 4501.203384	 450.120338	 0
7817.000000	 4457.036721	 445.703672	 0
7818.000000	 4533.691719	 453.369172	 0
7819.000000	 4663.821487	 466.382149	 0
7820.000000	 4563.550666	 456.355067	 0
7821.000000	 4601.249107	 460.124911	 0
7822.000000	 4454.922016	 445.492202	 0
7823.000000	 4388.411030	 438.841103	 0
7824.000000	 4572.695729	 457.269573	 0
7825.000000	 4561.880074	 456.188007	 0
7826.000000	 4651.001851	 465.100185	 0
7827.000000	 4670.619447	 467.061945	 0
7828.000000	 4611.019577	 461.101958	 0
7829.000000	 4463.771410	 446.377141	 0
7830.000000	 4642.572235	 464.257223	 0
7831.000000	 4688.915656	 468.891566	 0
7832.000000	 4593.516686	 459.351669	 0
7833.000000	 4507.877236	 450.787724	 0
7834.000000	 4464.164419	 446.416442	 0
7835.000000	 4642.590486	 464.259049	 0
7836.000000	 4669.523159	 466.952316	 0
7837.000000	 4389.246934	 438.924693	 0
7838.000000	 4555.827979	 455.582798	 0
7839.000000	 4652.992447	 465.299245	 0
7840.000000	 4551.846786	 455.184679	 0
7841.000000	 4695.527454	 469.552745	 0
7842.000000	 4609.183508	 460.918351	 0
7843.000000	 4462.369719	 446.236972	 0
7844.000000	 4700.441891	 470.044189	 0
7845.000000	 4580.602144	 458.060214	 0
7846.000000	 4637.562891	 463.756289	 0
7847.000000	 4636.776874	 463.677687	 0
7848.000000	 4374.026659	 437.402666	 0
7849.000000	 4513.988951	 451.398895	 0
7850.000000	 4589.019593	 458.901959	 0
7851.000000	 4606.481115	 460.648111	 0
7852.000000	 4462.436640	 446.243664	 0
7853.000000	 4514.637477	 451.463748	 0
7854.000000	 4677.091319	 467.709132	 0
7855.000000	 4413.210747	 441.321075	 0
7856.000000	 4321.644527	 432.164453	 0
7857.000000	 4490.072592	 449.007259	 0
7858.000000	 4756.378138	 475.637814	 0
7859.000000	 4577.852298	 457.785230	 0
7860.000000	 4670.574427	 467.057443	 0
7861.000000	 4664.702411	 466.470241	 0
7862.000000	 4575.145038	 457.514504	 0
7863.000000	 4581.216601	 458.121660	 0
7864.000000	 4411.976966	 441.197697	 0
7865.000000	 4601.880598	 460.188060	 0
7866.000000	 4421.078226	 442.107823	 0
7867.000000	 4665.117321	 466.511732	 0
7868.000000	 4620.524797	 462.052480	 0
7869.000000	 4605.662245	 460.566224	 0
7870.000000	 4604.265420	 460.426542	 0
7871.000000	 4633.037813	 463.303781	 0
7872.000000	 4634.342165	 463.434216	 0
7873.000000	 4499.476821	 449.947682	 0
7874.000000	 4601.962120	 460.196212	 0
7875.000000	 4608.909740	 460.890974	 0
7876.000000	 4619.834902	 461.983490	 0
7877.000000	 4573.405092	 457.340509	 0
7878.000000	 4490.889028	 449.088903	 0
7879.000000	 4459.535917	 445.953592	 0
7880.000000	 4743.091272	 474.309127	 0
7881.000000	 4614.728219	 461.472822	 0
7882.000000	 4596.125390	 459.612539	 0
7883.000000	 4370.331401	 437.033140	 0
7884.000000	 4546.383596	 454.638360	 0
7885.000000	 4516.108522	 451.610852	 0
7886.000000	 4711.132222	 471.113222	 0
7887.000000	 4668.234625	 466.823462	 0
7888.000000	 4464.859181	 446.485918	 0
7889.000000	 4624.432985	 462.443299	 0
7890.000000	 4498.024027	 449.802403	 0
7891.000000	 4530.243461	 453.024346	 0
7892.000000	 4527.880540	 452.788054	 0
7893.000000	 4388.902595	 438.890260	 0
7894.000000	 4647.629031	 464.762903	 0
7895.000000	 4550.749281	 455.074928	 0
7896.000000	 4563.464277	 456.346428	 0
7897.000000	 4431.196686	 443.119669	 0
7898.000000	 4523.127930	 452.312793	 0
7899.000000	 4480.362959	 448.036296	 0
7900.000000	 4517.353254	 451.735325	 0
7901.000000	 4420.416317	 442.041632	 0
7902.000000	 4437.406958	 443.740696	 0
7903.000000	 4612.490623	 461.249062	 0
7904.000000	 4651.488549	 465.148855	 0
7905.000000	 4496.678306	 449.667831	 0
7906.000000	 4592.724585	 459.272458	 0
7907.000000	 4368.001332	 436.800133	 0
7908.000000	 4450.524696	 445.052470	 0
7909.000000	 4309.286037	 430.928604	 0
7910.000000	 4513.734651	 451.373465	 0
7911.000000	 4463.691105	 446.369110	 0
7912.000000	 4414.858221	 441.485822	 0
7913.000000	 4532.197555	 453.219755	 0
7914.000000	 4616.344058	 461.634406	 0
7915.000000	 4620.029582	 462.002958	 0
7916.000000	 4386.803708	 438.680371	 0
7917.000000	 4483.343986	 448.334399	 0
7918.000000	 4392.241346	 439.224135	 0
7919.000000	 4469.387910	 446.938791	 0
7920.000000	 4343.479033	 434.347903	 0
7921.000000	 4359.552248	 435.955225	 0
7922.000000	 4474.619917	 447.461992	 0
7923.000000	 4401.963147	 440.196315	 0
7924.000000	 4491.322190	 449.132219	 0
7925.000000	 4647.528041	 464.752804	 0
7926.000000	 4451.439689	 445.143969	 0
7927.000000	 4439.768662	 443.976866	 0
7928.000000	 4450.646371	 445.064637	 0
7929.000000	 4547.243836	 454.724384	 0
7930.000000	 4430.658884	 443.065888	 0
7931.000000	 4334.462946	 433.446295	 0
7932.000000	 4493.351722	 449.335172	 0
7933.000000	 4594.974348	 459.497435	 0
7934.000000	 4655.535447	 465.553545	 0
7935.000000	 4576.371518	 457.637152	 0
7936.000000	 4715.547793	 471.554779	 0
7937.000000	 4763.850176	 476.385018	 0
7938.000000	 4444.473818	 444.447382	 0
7939.000000	 4508.849416	 450.884942	 0
7940.000000	 4507.967275	 450.796728	 0
7941.000000	 4321.189464	 432.118946	 0
7942.000000	 4267.796216	 426.779622	 0
7943.000000	 4350.704071	 435.070407	 0
7944.000000	 4568.261906	 456.826191	 0
7945.000000	 4316.356548	 431.635655	 0
7946.000000	 4466.483537	 446.648354	 0
7947.000000	 4523.803224	 452.380322	 0
7948.000000	 4457.529503	 445.752950	 0
7949.000000	 4358.323335	 435.832333	 0
7950.000000	 4365.043423	 436.504342	 0
7951.000000	 4444.232903	 444.423290	 0
7952.000000	 4506.453643	 450.645364	 0
7953.000000	 4445.487368	 444.548737	 0
7954.000000	 4655.192324	 465.519232	 0
7955.000000	 4489.492204	 448.949220	 0
7956.000000	 4406.792412	 440.679241	 0
7957.000000	 4240.305056	 424.030506	 0
7958.000000	 4284.004489	 428.400449	 0
7959.000000	 4316.307879	 431.630788	 0
7960.000000	 4447.056970	 444.705697	 0
7961.000000	 4298.040871	 429.804087	 0
7962.000000	 4332.254552	 433.225455	 0
7963.000000	 4320.084658	 432.008466	 0
7964.000000	 4575.193708	 457.519371	 0
7965.000000	 4513.024071	 451.302407	 0
7966.000000	 4362.751073	 436.275107	 0
7967.000000	 4331.904129	 433.190413	 0
7968.000000	 4426.506130	 442.650613	 0
7969.000000	 4391.143841	 439.114384	 0
7970.000000	 4625.731253	 462.573125	 0
7971.000000	 4464.326246	 446.432625	 0
7972.000000	 4460.556767	 446.055677	 0
7973.000000	 4495.651372	 449.565137	 0
7974.000000	 4500.960035	 450.096003	 0
7975.000000	 4454.294175	 445.429418	 0
7976.000000	 4427.245912	 442.724591	 0
7977.000000	 4631.812550	 463.181255	 0
7978.000000	 4474.203790	 447.420379	 0
7979.000000	 4600.627350	 460.062735	 0
7980.000000	 4536.633811	 453.663381	 0
7981.000000	 4357.356022	 435.735602	 0
7982.000000	 4526.340140	 452.634014	 0
7983.000000	 4419.323679	 441.932368	 0
7984.000000	 4435.765567	 443.576557	 0
7985.000000	 4521.555894	 452.155589	 0
7986.000000	 4559.779970	 455.977997	 0
7987.000000	 4436.781550	 443.678155	 0
7988.000000	 4505.067769	 450.506777	 0
7989.000000	 4632.867469	 463.286747	 0
7990.000000	 4516.764349	 451.676435	 0
7991.000000	 4472.226578	 447.222658	 0
7992.000000	 4289.812018	 428.981202	 0
7993.000000	 4340.150016	 434.015002	 0
7994.000000	 4253.153894	 425.315389	 0
7995.000000	 4485.142337	 448.514234	 0
7996.000000	 4255.707844	 425.570784	 0
7997.000000	 4376.346993	 437.634699	 0
7998.000000	 4483.390223	 448.339022	 0
7999.000000	 4380.368339	 438.036834	 0
8000.000000	 4281.247343	 428.124734	 0
8001.000000	 4442.019642	 444.201964	 0
8002.000000	 4598.389754	 459.838975	 0
8003.000000	 4508.317698	 450.831770	 0
8004.000000	 4429.341148	 442.934115	 0
8005.000000	 4201.747592	 420.174759	 0
8006.000000	 4431.836695	 443.183669	 0
8007.000000	 4212.263928	 421.226393	 0
8008.000000	 4306.342729	 430.634273	 0
8009.000000	 4432.603245	 443.260324	 0
8010.000000	 4261.975303	 426.197530	 0
8011.000000	 4426.952676	 442.695268	 0
8012.000000	 4343.621393	 434.362139	 0
8013.000000	 4472.173041	 447.217304	 0
8014.000000	 4158.432652	 415.843265	 0
8015.000000	 4430.644283	 443.064428	 0
8016.000000	 4544.239690	 454.423969	 0
8017.000000	 4389.751884	 438.975188	 0
8018.000000	 4257.725209	 425.772521	 0
8019.000000	 4428.109802	 442.810980	 0
8020.000000	 4498.980389	 449.898039	 0
8021.000000	 4345.487881	 434.548788	 0
8022.000000	 4573.941677	 457.394168	 0
8023.000000	 4303.830148	 430.383015	 0
8024.000000	 4313.696742	 431.369674	 0
8025.000000	 4490.750319	 449.075032	 0
8026.000000	 4490.666364	 449.066636	 0
8027.000000	 4384.631817	 438.463182	 0
8028.000000	 4386.396098	 438.639610	 0
8029.000000	 4467.057841	 446.705784	 0
8030.000000	 4453.278193	 445.327819	 0
8031.000000	 4352.197019	 435.219702	 0
8032.000000	 4304.631984	 430.463198	 0
8033.000000	 4357.443627	 435.744363	 0
8034.000000	 4240.249086	 424.024909	 0
8035.000000	 4368.864005	 436.886401	 0
8036.000000	 4224.610250	 422.461025	 0
8037.000000	 4303.149987	 430.314999	 0
8038.000000	 4428.097634	 442.809763	 0
8039.000000	 4494.118272	 449.411827	 0
8040.000000	 4559.744684	 455.974468	 0
8041.000000	 4366.980482	 436.698048	 0
8042.000000	 4311.861889	 431.186189	 0
8043.000000	 4450.175490	 445.017549	 0
8044.000000	 4676.565684	 467.656568	 0
8045.000000	 4508.655953	 450.865595	 0
8046.000000	 4472.729094	 447.272909	 0
8047.000000	 4379.857305	 437.985731	 0
8048.000000	 4498.507075	 449.850707	 0
8049.000000	 4416.090785	 441.609078	 0
8050.000000	 4450.901888	 445.090189	 0
8051.000000	 4234.022997	 423.402300	 0
8052.000000	 3960.936525	 396.093652	 0
8053.000000	 4308.417281	 430.841728	 0
8054.000000	 4276.759983	 427.675998	 0
8055.000000	 4037.283686	 403.728369	 0
8056.000000	 4199.647489	 419.964749	 0
8057.000000	 4186.944661	 418.694466	 0
8058.000000	 4375.256789	 437.525679	 0
8059.000000	 4362.856930	 436.285693	 0
8060.000000	 4225.836730	 422.583673	 0
8061.000000	 4409.345145	 440.934514	 0
8062.000000	 4276.467964	 427.646796	 0
8063.000000	 4416.769729	 441.676973	 0
8064.000000	 4367.843155	 436.784316	 0
8065.000000	 4336.466926	 433.646693	 0
8066.000000	 4208.978714	 420.897871	 0
8067.000000	 4285.451200	 428.545120	 0
8068.000000	 4435.106091	 443.510609	 0
8069.000000	 4521.841830	 452.184183	 0
8070.000000	 4372.429071	 437.242907	 0
8071.000000	 4212.117919	 421.211792	 0
8072.000000	 4332.552654	 433.255265	 0
8073.000000	 4359.762745	 435.976275	 0
8074.000000	 4333.371524	 433.337152	 0
8075.000000	 4265.861589	 426.586159	 0
8076.000000	 4268.196525	 426.819652	 0
8077.000000	 4203.448603	 420.344860	 0
8078.000000	 4511.540858	 451.154086	 0
8079.000000	 4363.290092	 436.329009	 0
8080.000000	 4243.576886	 424.357689	 0
8081.000000	 4365.396279	 436.539628	 0
8082.000000	 4514.048572	 451.404857	 0
8083.000000	 4425.384290	 442.538429	 0
8084.000000	 4325.584350	 432.558435	 0
8085.000000	 4247.287962	 424.728796	 0
8086.000000	 4232.662675	 423.266267	 0
8087.000000	 4404.470860	 440.447086	 0
8088.000000	 4402.026418	 440.202642	 0
8089.000000	 4381.339302	 438.133930	 0
8090.000000	 4426.208028	 442.620803	 0
8091.000000	 4446.572705	 444.657271	 0
8092.000000	 4206.881044	 420.688104	 0
8093.000000	 4379.613956	 437.961396	 0
8094.000000	 4545.441835	 454.544184	 0
8095.000000	 4273.432183	 427.343218	 0
8096.000000	 4432.090994	 443.209099	 0
8097.000000	 4220.670426	 422.067043	 0
8098.000000	 4233.917140	 423.391714	 0
8099.000000	 4393.902204	 439.390220	 0
8100.000000	 4435.181529	 443.518153	 0
8101.000000	 4365.836741	 436.583674	 0
8102.000000	 4318.804641	 431.880464	 0
8103.000000	 4474.381435	 447.438144	 0
8104.000000	 4337.742076	 433.774208	 0
8105.000000	 4236.170554	 423.617055	 0
8106.000000	 4273.438267	 427.343827	 0
8107.000000	 4225.190638	 422.519064	 0
8108.000000	 4555.754974	 455.575497	 0
8109.000000	 4213.037779	 421.303778	 0
8110.000000	 4339.879899	 433.987990	 0
8111.000000	 4328.451004	 432.845100	 0
8112.000000	 4319.404497	 431.940450	 0
8113.000000	 4317.877481	 431.787748	 0
8114.000000	 4453.195454	 445.319545	 0
8115.000000	 4304.072281	 430.407228	 0
8116.000000	 4276.061571	 427.606157	 0
8117.000000	 4278.588753	 427.858875	 0
8118.000000	 4222.052650	 422.205265	 0
8119.000000	 4249.328445	 424.932844	 0
8120.000000	 4279.693558	 427.969356	 0
8121.000000	 4216.257288	 421.625729	 0
8122.000000	 4443.502855	 444.350286	 0
8123.000000	 4514.340591	 451.434059	 0
8124.000000	 4477.608246	 447.760825	 0
8125.000000	 4311.066137	 431.106614	 0
8126.000000	 4288.824020	 428.882402	 0
8127.000000	 4357.429026	 435.742903	 0
8128.000000	 4307.582593	 430.758259	 0
8129.000000	 4120.252379	 412.025238	 0
8130.000000	 4077.264743	 407.726474	 0
8131.000000	 4154.322484	 415.432248	 0
8132.000000	 3687.772181	 368.777218	 0
8133.000000	 3895.979323	 389.597932	 0
8134.000000	 4317.671851	 431.767185	 0
8135.000000	 4188.794115	 418.879411	 0
8136.000000	 4151.999715	 415.199972	 0
8137.000000	 4077.570146	 407.757015	 0
8138.000000	 4144.105467	 414.410547	 0
8139.000000	 4016.581969	 401.658197	 0
8140.000000	 3993.814218	 399.381422	 0
8141.000000	 4349.671054	 434.967105	 0
8142.000000	 4261.775756	 426.177576	 0
8143.000000	 4253.529869	 425.352987	 0
8144.000000	 3945.711382	 394.571138	 0
8145.000000	 4027.361122	 402.736112	 0
8146.000000	 4074.809349	 407.480935	 0
8147.000000	 4142.151373	 414.215137	 0
8148.000000	 3844.619257	 384.461926	 0
8149.000000	 3818.847360	 381.884736	 0
8150.000000	 3913.964045	 391.396405	 0
8151.000000	 3996.988709	 399.698871	 0
8152.000000	 4073.487963	 407.348796	 0
8153.000000	 3800.773815	 380.077382	 0
8154.000000	 4027.395191	 402.739519	 0
8155.000000	 4041.051948	 404.105195	 0
8156.000000	 4007.064582	 400.706458	 0
8157.000000	 3971.574535	 397.157453	 0
8158.000000	 3978.152264	 397.815226	 0
8159.000000	 3813.217476	 381.321748	 0
8160.000000	 3801.960142	 380.196014	 0
8161.000000	 3705.507470	 370.550747	 0
8162.000000	 3815.277427	 381.527743	 0
8163.000000	 3670.170733	 367.017073	 0
8164.000000	 3781.232874	 378.123287	 0
8165.000000	 4041.364652	 404.136465	 0
8166.000000	 3836.958624	 383.695862	 0
8167.000000	 3993.334820	 399.333482	 0
8168.000000	 4060.349540	 406.034954	 0
8169.000000	 3951.563930	 395.156393	 0
8170.000000	 4228.505054	 422.850505	 0
8171.000000	 4196.743116	 419.674312	 0
8172.000000	 4052.842217	 405.284222	 0
8173.000000	 3875.798373	 387.579837	 0
8174.000000	 3747.558212	 374.755821	 0
8175.000000	 3878.871874	 387.887187	 0
8176.000000	 3540.652988	 354.065299	 0
8177.000000	 3509.336380	 350.933638	 0
8178.000000	 3709.887756	 370.988776	 0
8179.000000	 3972.140322	 397.214032	 0
8180.000000	 4072.010833	 407.201083	 0
8181.000000	 4160.474351	 416.047435	 0
8182.000000	 4122.906102	 412.290610	 0
8183.000000	 4155.034280	 415.503428	 0
8184.000000	 4171.848493	 417.184849	 0
8185.000000	 3818.336327	 381.833633	 0
8186.000000	 3819.040823	 381.904082	 0
8187.000000	 3890.491798	 389.049180	 0
8188.000000	 3857.082387	 385.708239	 0
8189.000000	 3812.976561	 381.297656	 0
8190.000000	 3975.389034	 397.538903	 0
8191.000000	 3851.967186	 385.196719	 0
8192.000000	 3886.085961	 388.608596	 0
8193.000000	 4137.204084	 413.720408	 0
8194.000000	 3815.109516	 381.510952	 0
8195.000000	 3919.736288	 391.973629	 0
8196.000000	 3944.111361	 394.411136	 0
8197.000000	 3794.973587	 379.497359	 0
8198.000000	 3947.941677	 394.794168	 0
8199.000000	 3981.020134	 398.102013	 0
8200.000000	 4048.267252	 404.826725	 0
8201.000000	 4151.421761	 415.142176	 0
8202.000000	 4143.860901	 414.386090	 0
8203.000000	 4183.748269	 418.374827	 0
8204.000000	 4525.181797	 452.518180	 0
8205.000000	 4364.849960	 436.484996	 0
8206.000000	 4212.050998	 421.205100	 0
8207.000000	 4055.139433	 405.513943	 0
8208.000000	 4330.920998	 433.092100	 0
8209.000000	 3966.162449	 396.616245	 0
8210.000000	 4091.396031	 409.139603	 0
8211.000000	 4049.027718	 404.902772	 0
8212.000000	 4323.043784	 432.304378	 0
8213.000000	 4142.395939	 414.239594	 0
8214.000000	 4149.145229	 414.914523	 0
8215.000000	 4152.466946	 415.246695	 0
8216.000000	 3995.590667	 399.559067	 0
8217.000000	 3973.928938	 397.392894	 0
8218.000000	 4299.734581	 429.973458	 0
8219.000000	 4285.306407	 428.530641	 0
8220.000000	 4137.375645	 413.737565	 0
8221.000000	 3970.893157	 397.089316	 0
8222.000000	 3677.833799	 367.783380	 0
8223.000000	 3458.089472	 345.808947	 0
8224.000000	 3435.557769	 343.555777	 0
8225.000000	 3179.987572	 317.998757	 0
8226.000000	 2817.267073	 281.726707	 0
8227.000000	 2980.616440	 298.061644	 0
8228.000000	 3248.626648	 324.862665	 0
8229.000000	 3540.848884	 354.084888	 0
8230.000000	 3595.747247	 359.574725	 0
8231.000000	 3769.751659	 376.975166	 0
8232.000000	 3901.210114	 390.121011	 0
8233.000000	 4254.152843	 425.415284	 0
8234.000000	 4063.090869	 406.309087	 0
8235.000000	 4064.740776	 406.474078	 0
8236.000000	 4242.164244	 424.216424	 0
8237.000000	 4175.902691	 417.590269	 0
8238.000000	 3966.733103	 396.673310	 0
8239.000000	 3932.829692	 393.282969	 0
8240.000000	 4235.222708	 423.522271	 0
8241.000000	 4021.636332	 402.163633	 0
8242.000000	 3925.100921	 392.510092	 0
8243.000000	 4338.349232	 433.834923	 0
8244.000000	 4467.489786	 446.748979	 0
8245.000000	 4392.387356	 439.238736	 0
8246.000000	 4501.325059	 450.132506	 0
8247.000000	 4313.335368	 431.333537	 0
8248.000000	 4081.703432	 408.170343	 0
8249.000000	 4213.054813	 421.305481	 0
8250.000000	 4317.407817	 431.740782	 0
8251.000000	 4139.434380	 413.943438	 0
8252.000000	 4018.100468	 401.810047	 0
8253.000000	 4026.174795	 402.617479	 0
8254.000000	 3960.414541	 396.041454	 0
8255.000000	 4005.345320	 400.534532	 0
8256.000000	 4125.649864	 412.564986	 0
8257.000000	 4422.260904	 442.226090	 0
8258.000000	 4107.569019	 410.756902	 0
8259.000000	 4269.914570	 426.991457	 0
8260.000000	 4251.055007	 425.105501	 0
8261.000000	 4176.266498	 417.626650	 0
8262.000000	 4102.914965	 410.291497	 0
8263.000000	 4185.568521	 418.556852	 0
8264.000000	 4524.770537	 452.477054	 0
8265.000000	 4280.548930	 428.054893	 0
8266.000000	 4154.523247	 415.452325	 0
8267.000000	 4150.765935	 415.076594	 0
8268.000000	 4129.980263	 412.998026	 0
8269.000000	 4059.312872	 405.931287	 0
8270.000000	 3933.343159	 393.334316	 0
8271.000000	 4046.410498	 404.641050	 0
8272.000000	 4044.283626	 404.428363	 0
8273.000000	 3782.404601	 378.240460	 0
8274.000000	 4115.178548	 411.517855	 0
8275.000000	 3895.364866	 389.536487	 0
8276.000000	 3867.531801	 386.753180	 0
8277.000000	 4005.095887	 400.509589	 0
8278.000000	 3795.175567	 379.517557	 0
8279.000000	 3691.224089	 369.122409	 0
8280.000000	 3929.535961	 392.953596	 0
8281.000000	 3849.614000	 384.961400	 0
8282.000000	 4110.747159	 411.074716	 0
8283.000000	 4026.183312	 402.618331	 0
8284.000000	 3853.720517	 385.372052	 0
8285.000000	 3871.349950	 387.134995	 0
8286.000000	 3859.166672	 385.916667	 0
8287.000000	 3844.071722	 384.407172	 0
8288.000000	 4044.417468	 404.441747	 0
8289.000000	 3831.690114	 383.169011	 0
8290.000000	 4150.666162	 415.066616	 0
8291.000000	 3990.296606	 399.029661	 0
8292.000000	 4009.324080	 400.932408	 0
8293.000000	 4080.719085	 408.071908	 0
8294.000000	 4201.162338	 420.116234	 0
8295.000000	 4215.439635	 421.543964	 0
8296.000000	 3820.449815	 382.044981	 0
8297.000000	 4009.224306	 400.922431	 0
8298.000000	 4268.515312	 426.851531	 0
8299.000000	 3753.295169	 375.329517	 0
8300.000000	 3671.350977	 367.135098	 0
8301.000000	 3840.197602	 384.019760	 0
8302.000000	 3935.799769	 393.579977	 0
8303.000000	 3595.957744	 359.595774	 0
8304.000000	 3943.454318	 394.345432	 0
8305.000000	 4237.119615	 423.711962	 0
8306.000000	 4015.132825	 401.513282	 0
8307.000000	 4407.316829	 440.731683	 0
8308.000000	 4189.185907	 418.918591	 0
8309.000000	 4048.076223	 404.807622	 0
8310.000000	 4056.200436	 405.620044	 0
8311.000000	 3853.047657	 385.304766	 0
8312.000000	 3818.979986	 381.897999	 0
8313.000000	 3916.273429	 391.627343	 0
8314.000000	 4008.376234	 400.837623	 0
8315.000000	 4036.704515	 403.670451	 0
8316.000000	 3698.752097	 369.875210	 0
8317.000000	 4074.918856	 407.491886	 0
8318.000000	 3931.738271	 393.173827	 0
8319.000000	 3717.835541	 371.783554	 0
8320.000000	 3870.999527	 387.099953	 0
8321.000000	 4406.365334	 440.636533	 0
8322.000000	 4218.724849	 421.872485	 0
8323.000000	 3921.456767	 392.145677	 0
8324.000000	 3711.847934	 371.184793	 0
8325.000000	 4190.485391	 419.048539	 0
8326.000000	 4217.893812	 421.789381	 0
8327.000000	 4092.146763	 409.214676	 0
8328.000000	 3984.637520	 398.463752	 0
8329.000000	 3951.729408	 395.172941	 0
8330.000000	 3991.765218	 399.176522	 0
8331.000000	 4162.290953	 416.229095	 0
8332.000000	 3939.367268	 393.936727	 0
8333.000000	 3809.566022	 380.956602	 0
8334.000000	 3962.302930	 396.230293	 0
8335.000000	 4072.257833	 407.225783	 0
8336.000000	 3917.014427	 391.701443	 0
8337.000000	 4050.020583	 405.002058	 0
8338.000000	 4025.882776	 402.588278	 0
8339.000000	 4266.129274	 426.612927	 0
8340.000000	 4313.891421	 431.389142	 0
8341.000000	 4143.593217	 414.359322	 0
8342.000000	 4355.254701	 435.525470	 0
8343.000000	 4401.139410	 440.113941	 0
8344.000000	 4308.263971	 430.826397	 0
8345.000000	 4240.766203	 424.076620	 0
8346.000000	 4173.711331	 417.371133	 0
8347.000000	 4006.585184	 400.658518	 0
8348.000000	 4080.787222	 408.078722	 0
8349.000000	 4328.779525	 432.877953	 0
8350.000000	 3862.107547	 386.210755	 0
8351.000000	 3768.604268	 376.860427	 0
8352.000000	 4019.549613	 401.954961	 0
8353.000000	 4151.742982	 415.174298	 0
8354.000000	 3966.941166	 396.694117	 0
8355.000000	 3935.480982	 393.548098	 0
8356.000000	 4148.046508	 414.804651	 0
8357.000000	 3882.429639	 388.242964	 0
8358.000000	 4043.717839	 404.371784	 0
8359.000000	 4005.381822	 400.538182	 0
8360.000000	 4200.674422	 420.067442	 0
8361.000000	 4148.939599	 414.893960	 0
8362.000000	 3997.247875	 399.724788	 0
8363.000000	 3818.324159	 381.832416	 0
8364.000000	 4073.070619	 407.307062	 0
8365.000000	 4185.733998	 418.573400	 0
8366.000000	 4242.158161	 424.215816	 0
8367.000000	 4080.380829	 408.038083	 0
8368.000000	 4092.399846	 409.239985	 0
8369.000000	 4029.741077	 402.974108	 0
8370.000000	 4027.850254	 402.785025	 0
8371.000000	 4028.032766	 402.803277	 0
8372.000000	 3946.133593	 394.613359	 0
8373.000000	 4100.848930	 410.084893	 0
8374.000000	 3845.040251	 384.504025	 0
8375.000000	 3715.481137	 371.548114	 0
8376.000000	 3823.399207	 382.339921	 0
8377.000000	 3999.625397	 399.962540	 0
8378.000000	 4101.100797	 410.110080	 0
8379.000000	 4203.789292	 420.378929	 0
8380.000000	 4132.655888	 413.265589	 0
8381.000000	 4324.635288	 432.463529	 0
8382.000000	 4175.838203	 417.583820	 0
8383.000000	 4104.614759	 410.461476	 0
8384.000000	 3946.301504	 394.630150	 0
8385.000000	 4025.375393	 402.537539	 0
8386.000000	 4240.604376	 424.060438	 0
8387.000000	 4108.498612	 410.849861	 0
8388.000000	 4040.262280	 404.026228	 0
8389.000000	 4156.899552	 415.689955	 0
8390.000000	 4024.630744	 402.463074	 0
8391.000000	 3949.306866	 394.930687	 0
8392.000000	 4035.673931	 403.567393	 0
8393.000000	 3848.241510	 384.824151	 0
8394.000000	 3739.847693	 373.984769	 0
8395.000000	 4022.252006	 402.225201	 0
8396.000000	 3979.762019	 397.976202	 0
8397.000000	 4065.378351	 406.537835	 0
8398.000000	 3955.345577	 395.534558	 0
8399.000000	 3951.399669	 395.139967	 0
8400.000000	 3827.379183	 382.737918	 0
8401.000000	 4080.211701	 408.021170	 0
8402.000000	 3864.676098	 386.467610	 0
8403.000000	 4009.232824	 400.923282	 0
8404.000000	 4025.393644	 402.539364	 0
8405.000000	 4188.904838	 418.890484	 0
8406.000000	 4089.624449	 408.962445	 0
8407.000000	 4102.059593	 410.205959	 0
8408.000000	 4188.137072	 418.813707	 0
8409.000000	 3977.440467	 397.744047	 0
8410.000000	 4091.561508	 409.156151	 0
8411.000000	 3903.194626	 390.319463	 0
8412.000000	 3840.179351	 384.017935	 0
8413.000000	 3876.322791	 387.632279	 0
8414.000000	 3771.953969	 377.195397	 0
8415.000000	 3991.389243	 399.138924	 0
8416.000000	 4058.322441	 405.832244	 0
8417.000000	 3971.620771	 397.162077	 0
8418.000000	 4244.466328	 424.446633	 0
8419.000000	 4175.824819	 417.582482	 0
8420.000000	 4169.523291	 416.952329	 0
8421.000000	 3837.984341	 383.798434	 0
8422.000000	 3996.358434	 399.635843	 0
8423.000000	 4094.521851	 409.452185	 0
8424.000000	 4229.362860	 422.936286	 0
8425.000000	 4159.062926	 415.906293	 0
8426.000000	 4104.625710	 410.462571	 0
8427.000000	 4045.906765	 404.590676	 0
8428.000000	 3900.588356	 390.058836	 0
8429.000000	 3780.659787	 378.065979	 0
8430.000000	 3899.891161	 389.989116	 0
8431.000000	 4123.359948	 412.335995	 0
8432.000000	 4066.058512	 406.605851	 0
8433.000000	 4207.622042	 420.762204	 0
8434.000000	 3977.793324	 397.779332	 0
8435.000000	 3963.102332	 396.310233	 0
8436.000000	 3855.677045	 385.567704	 0
8437.000000	 3997.528944	 399.752894	 0
8438.000000	 4100.492424	 410.049242	 0
8439.000000	 3618.126856	 361.812686	 0
8440.000000	 3876.466367	 387.646637	 0
8441.000000	 3759.297377	 375.929738	 0
8442.000000	 3962.754343	 396.275434	 0
8443.000000	 3904.192358	 390.419236	 0
8444.000000	 3851.114247	 385.111425	 0
8445.000000	 4017.757346	 401.775735	 0
8446.000000	 3939.453657	 393.945366	 0
8447.000000	 4259.399451	 425.939945	 0
8448.000000	 4135.366798	 413.536680	 0
8449.000000	 4073.657091	 407.365709	 0
8450.000000	 4151.120008	 415.112001	 0
8451.000000	 3847.650172	 384.765017	 0
8452.000000	 4070.154079	 407.015408	 0
8453.000000	 4144.393836	 414.439384	 0
8454.000000	 4184.141278	 418.414128	 0
8455.000000	 4021.632682	 402.163268	 0
8456.000000	 3963.749641	 396.374964	 0
8457.000000	 4045.843494	 404.584349	 0
8458.000000	 3817.288709	 381.728871	 0
8459.000000	 4004.230781	 400.423078	 0
8460.000000	 3690.831080	 369.083108	 0
8461.000000	 4111.781393	 411.178139	 0
8462.000000	 4026.569021	 402.656902	 0
8463.000000	 3945.382860	 394.538286	 0
8464.000000	 4017.479928	 401.747993	 0
8465.000000	 3857.957227	 385.795723	 0
8466.000000	 4065.991591	 406.599159	 0
8467.000000	 4111.931053	 411.193105	 0
8468.000000	 4158.411967	 415.841197	 0
8469.000000	 3908.399866	 390.839987	 0
8470.000000	 3956.166880	 395.616688	 0
8471.000000	 4119.544233	 411.954423	 0
8472.000000	 4055.329246	 405.532925	 0
8473.000000	 3807.650864	 380.765086	 0
8474.000000	 4117.204430	 411.720443	 0
8475.000000	 4128.943596	 412.894360	 0
8476.000000	 4064.884352	 406.488435	 0
8477.000000	 3975.690787	 397.569079	 0
8478.000000	 4130.420725	 413.042073	 0
8479.000000	 4067.042860	 406.704286	 0
8480.000000	 3912.224098	 391.222410	 0
8481.000000	 3791.314832	 379.131483	 0
8482.000000	 3970.368740	 397.036874	 0
8483.000000	 3991.032737	 399.103274	 0
8484.000000	 3939.777312	 393.977731	 0
8485.000000	 3806.554575	 380.655458	 0
8486.000000	 3901.418177	 390.141818	 0
8487.000000	 3862.448236	 386.244824	 0
8488.000000	 3865.289338	 386.528934	 0
8489.000000	 3808.400379	 380.840038	 0
8490.000000	 3600.055745	 360.005574	 0
8491.000000	 3997.981573	 399.798157	 0
8492.000000	 4132.244627	 413.224463	 0
8493.000000	 3996.006795	 399.600679	 0
8494.000000	 4014.750767	 401.475077	 0
8495.000000	 4155.666988	 415.566699	 0
8496.000000	 4323.391774	 432.339177	 0
8497.000000	 3982.095738	 398.209574	 0
8498.000000	 3876.096476	 387.609648	 0
8499.000000	 3772.256939	 377.225694	 0
8500.000000	 3732.477862	 373.247786	 0
8501.000000	 3434.648860	 343.464886	 0
8502.000000	 3180.896482	 318.089648	 0
8503.000000	 3284.738452	 328.473845	 0
8504.000000	 3686.168509	 368.616851	 0
8505.000000	 3891.955544	 389.195554	 0
8506.000000	 3873.502374	 387.350237	 0
8507.000000	 3795.255872	 379.525587	 0
8508.000000	 3828.101930	 382.810193	 0
8509.000000	 3875.575709	 387.557571	 0
8510.000000	 4031.921486	 403.192149	 0
8511.000000	 4131.165374	 413.116537	 0
8512.000000	 4137.415798	 413.741580	 0
8513.000000	 3929.392385	 392.939238	 0
8514.000000	 4067.682868	 406.768287	 0
8515.000000	 4070.502068	 407.050207	 0
8516.000000	 3968.679896	 396.867990	 0
8517.000000	 4272.833544	 427.283354	 0
8518.000000	 3827.565345	 382.756535	 0
8519.000000	 3795.344694	 379.534469	 0
8520.000000	 4086.926923	 408.692692	 0
8521.000000	 3960.438875	 396.043888	 0
8522.000000	 4014.654644	 401.465464	 0
8523.000000	 4169.042677	 416.904268	 0
8524.000000	 4000.367612	 400.036761	 0
8525.000000	 3881.678907	 388.167891	 0
8526.000000	 4188.163840	 418.816384	 0
8527.000000	 3999.642432	 399.964243	 0
8528.000000	 4048.002001	 404.800200	 0
8529.000000	 4045.361663	 404.536166	 0
8530.000000	 3979.075774	 397.907577	 0
8531.000000	 3898.819208	 389.881921	 0
8532.000000	 3633.842348	 363.384235	 0
8533.000000	 3800.917391	 380.091739	 0
8534.000000	 4015.716863	 401.571686	 0
8535.000000	 3900.583490	 390.058349	 0
8536.000000	 3811.466579	 381.146658	 0
8537.000000	 3887.842942	 388.784294	 0
8538.000000	 4102.270090	 410.227009	 0
8539.000000	 3664.795149	 366.479515	 0
8540.000000	 3677.306948	 367.730695	 0
8541.000000	 3513.771419	 351.377142	 0
8542.000000	 3540.032448	 354.003245	 0
8543.000000	 3083.111473	 308.311147	 0
8544.000000	 2612.599445	 261.259944	 0
8545.000000	 2603.129511	 260.312951	 0
8546.000000	 2605.496082	 260.549608	 0
8547.000000	 2710.085134	 271.008513	 0
8548.000000	 2895.495323	 289.549532	 0
8549.000000	 3324.747494	 332.474749	 0
8550.000000	 3643.441257	 364.344126	 0
8551.000000	 3665.463143	 366.546314	 0
8552.000000	 3694.141846	 369.414185	 0
8553.000000	 3978.666947	 397.866695	 0
8554.000000	 3904.969859	 390.496986	 0
8555.000000	 4177.045215	 417.704522	 0
8556.000000	 3880.153107	 388.015311	 0
8557.000000	 3844.497583	 384.449758	 0
8558.000000	 3878.147910	 387.814791	 0
8559.000000	 4090.637998	 409.063800	 0
8560.000000	 3860.507526	 386.050753	 0
8561.000000	 3785.692248	 378.569225	 0
8562.000000	 3948.260465	 394.826046	 0
8563.000000	 4128.792719	 412.879272	 0
8564.000000	 3972.077051	 397.207705	 0
8565.000000	 3717.419414	 371.741941	 0
8566.000000	 3952.871932	 395.287193	 0
8567.000000	 3841.228186	 384.122819	 0
8568.000000	 3947.102123	 394.710212	 0
8569.000000	 3984.345501	 398.434550	 0
8570.000000	 4160.672681	 416.067268	 0
8571.000000	 3985.963773	 398.596377	 0
8572.000000	 3911.474583	 391.147458	 0
8573.000000	 4026.908493	 402.690849	 0
8574.000000	 4049.352589	 404.935259	 0
8575.000000	 4058.687465	 405.868746	 0
8576.000000	 4028.890572	 402.889057	 0
8577.000000	 4325.382370	 432.538237	 0
8578.000000	 3882.245911	 388.224591	 0
8579.000000	 3839.942086	 383.994209	 0
8580.000000	 4042.521777	 404.252178	 0
8581.000000	 4144.612851	 414.461285	 0
8582.000000	 4040.601752	 404.060175	 0
8583.000000	 3818.752454	 381.875245	 0
8584.000000	 3835.732144	 383.573214	 0
8585.000000	 3993.716879	 399.371688	 0
8586.000000	 3845.855471	 384.585547	 0
8587.000000	 3805.697986	 380.569799	 0
8588.000000	 3884.237724	 388.423772	 0
8589.000000	 3879.715079	 387.971508	 0
8590.000000	 3949.224128	 394.922413	 0
8591.000000	 3918.560912	 391.856091	 0
8592.000000	 3878.093156	 387.809316	 0
8593.000000	 3938.931673	 393.893167	 0
8594.000000	 3786.456365	 378.645636	 0
8595.000000	 4057.433000	 405.743300	 0
8596.000000	 4029.498945	 402.949894	 0
8597.000000	 3771.939368	 377.193937	 0
8598.000000	 3704.360079	 370.436008	 0
8599.000000	 3912.642659	 391.264266	 0
8600.000000	 3937.174692	 393.717469	 0
8601.000000	 4048.358508	 404.835851	 0
8602.000000	 3794.944385	 379.494439	 0
8603.000000	 3861.684120	 386.168412	 0
8604.000000	 3837.284712	 383.728471	 0
8605.000000	 3702.375566	 370.237557	 0
8606.000000	 3747.755325	 374.775532	 0
8607.000000	 4000.499021	 400.049902	 0
8608.000000	 4204.128764	 420.412876	 0
8609.000000	 3980.919144	 398.091914	 0
8610.000000	 3783.599445	 378.359945	 0
8611.000000	 3981.495882	 398.149588	 0
8612.000000	 3776.217447	 377.621745	 0
8613.000000	 3758.873950	 375.887395	 0
8614.000000	 3605.447146	 360.544715	 0
8615.000000	 4029.064567	 402.906457	 0
8616.000000	 3861.240008	 386.124001	 0
8617.000000	 3757.741159	 375.774116	 0
8618.000000	 3777.891690	 377.789169	 0
8619.000000	 3705.195983	 370.519598	 0
8620.000000	 3680.051927	 368.005193	 0
8621.000000	 3559.309355	 355.930935	 0
8622.000000	 3642.658889	 364.265889	 0
8623.000000	 3692.737721	 369.273772	 0
8624.000000	 3737.831545	 373.783154	 0
8625.000000	 3960.715077	 396.071508	 0
8626.000000	 3820.543504	 382.054350	 0
8627.000000	 3743.842270	 374.384227	 0
8628.000000	 4019.796612	 401.979661	 0
8629.000000	 3831.308056	 383.130806	 0
8630.000000	 4103.700983	 410.370098	 0
8631.000000	 3837.514677	 383.751468	 0
8632.000000	 3867.322521	 386.732252	 0
8633.000000	 4134.119633	 413.411963	 0
8634.000000	 3929.365616	 392.936562	 0
8635.000000	 3939.114185	 393.911419	 0
8636.000000	 3827.845197	 382.784520	 0
8637.000000	 3585.572817	 358.557282	 0
8638.000000	 3790.626153	 379.062615	 0
8639.000000	 3870.954508	 387.095451	 0
8640.000000	 3821.001001	 382.100100	 0
8641.000000	 4158.495922	 415.849592	 0
8642.000000	 4027.317319	 402.731732	 0
8643.000000	 3787.236299	 378.723630	 0
8644.000000	 3847.842417	 384.784242	 0
8645.000000	 3960.577585	 396.057758	 0
8646.000000	 3746.188156	 374.618816	 0
8647.000000	 3946.460897	 394.646090	 0
8648.000000	 3761.859845	 376.185984	 0
8649.000000	 3793.306645	 379.330664	 0
8650.000000	 3820.395061	 382.039506	 0
8651.000000	 3594.631491	 359.463149	 0
8652.000000	 3766.837552	 376.683755	 0
8653.000000	 3673.168795	 367.316880	 0
8654.000000	 3852.975869	 385.297587	 0
8655.000000	 3763.944130	 376.394413	 0
8656.000000	 3593.513301	 359.351330	 0
8657.000000	 3853.862877	 385.386288	 0
8658.000000	 3656.647818	 365.664782	 0
8659.000000	 3980.035787	 398.003579	 0
8660.000000	 3960.205260	 396.020526	 0
8661.000000	 3889.321289	 388.932129	 0
8662.000000	 3762.644646	 376.264465	 0
8663.000000	 3541.128736	 354.112874	 0
8664.000000	 3063.774945	 306.377495	 0
8665.000000	 2863.436500	 286.343650	 0
8666.000000	 2853.308306	 285.330831	 0
8667.000000	 3000.176849	 300.017685	 0
8668.000000	 3127.920578	 312.792058	 0
8669.000000	 2927.605250	 292.760525	 0
8670.000000	 3501.500535	 350.150054	 0
8671.000000	 3471.886155	 347.188615	 0
8672.000000	 3620.800047	 362.080005	 0
8673.000000	 3819.882811	 381.988281	 0
8674.000000	 3674.464630	 367.446463	 0
8675.000000	 3893.360885	 389.336089	 0
8676.000000	 3476.191002	 347.619100	 0
8677.000000	 3808.441748	 380.844175	 0
8678.000000	 3698.736279	 369.873628	 0
8679.000000	 3930.654150	 393.065415	 0
8680.000000	 3872.406086	 387.240609	 0
8681.000000	 3944.487335	 394.448734	 0
8682.000000	 3871.769727	 387.176973	 0
8683.000000	 3774.488451	 377.448845	 0
8684.000000	 3751.223051	 375.122305	 0
8685.000000	 3921.297373	 392.129737	 0
8686.000000	 3728.572107	 372.857211	 0
8687.000000	 3737.584545	 373.758455	 0
8688.000000	 3667.828497	 366.782850	 0
8689.000000	 3607.859954	 360.785995	 0
8690.000000	 3897.416300	 389.741630	 0
8691.000000	 3772.924933	 377.292493	 0
8692.000000	 3826.363200	 382.636320	 0
8693.000000	 3768.185707	 376.818571	 0
8694.000000	 3742.361490	 374.236149	 0
8695.000000	 3629.951194	 362.995119	 0
8696.000000	 3834.978979	 383.497898	 0
8697.000000	 3777.386740	 377.738674	 0
8698.000000	 3946.403710	 394.640371	 0
8699.000000	 3677.096451	 367.709645	 0
8700.000000	 3885.037126	 388.503713	 0
8701.000000	 3615.580207	 361.558021	 0
8702.000000	 3933.379661	 393.337966	 0
8703.000000	 3759.826662	 375.982666	 0
8704.000000	 3747.636084	 374.763608	 0
8705.000000	 3824.540515	 382.454051	 0
8706.000000	 3781.687937	 378.168794	 0
8707.000000	 3785.223801	 378.522380	 0
8708.000000	 3776.294102	 377.629410	 0
8709.000000	 3806.505906	 380.650591	 0
8710.000000	 3605.192846	 360.519285	 0
8711.000000	 3863.792741	 386.379274	 0
8712.000000	 3740.692114	 374.069211	 0
8713.000000	 3585.782097	 358.578210	 0
8714.000000	 3765.651225	 376.565123	 0
8715.000000	 3845.982013	 384.598201	 0
8716.000000	 3981.318237	 398.131824	 0
8717.000000	 3814.701907	 381.470191	 0
8718.000000	 3662.474815	 366.247481	 0
8719.000000	 3781.030895	 378.103089	 0
8720.000000	 3767.026148	 376.702615	 0
8721.000000	 3682.654547	 368.265455	 0
8722.000000	 3556.577760	 355.657776	 0
8723.000000	 3873.773708	 387.377371	 0
8724.000000	 3803.007761	 380.300776	 0
8725.000000	 3783.979070	 378.397907	 0
8726.000000	 3941.853080	 394.185308	 0
8727.000000	 3920.786340	 392.078634	 0
8728.000000	 3792.928237	 379.292824	 0
8729.000000	 3928.270545	 392.827054	 0
8730.000000	 3891.802234	 389.180223	 0
8731.000000	 3656.140435	 365.614043	 0
8732.000000	 3842.045839	 384.204584	 0
8733.000000	 3822.467180	 382.246718	 0
8734.000000	 3638.420963	 363.842096	 0
8735.000000	 3691.626832	 369.162683	 0
8736.000000	 3566.963904	 356.696390	 0
8737.000000	 3682.042524	 368.204252	 0
8738.000000	 3662.732765	 366.273276	 0
8739.000000	 3635.270807	 363.527081	 0
8740.000000	 3927.117070	 392.711707	 0
8741.000000	 3800.020649	 380.002065	 0
8742.000000	 3889.568288	 388.956829	 0
8743.000000	 3797.898644	 379.789864	 0
8744.000000	 3878.785485	 387.878548	 0
8745.000000	 3871.794062	 387.179406	 0
8746.000000	 3527.983012	 352.798301	 0
8747.000000	 3671.123445	 367.112345	 0
8748.000000	 3885.495839	 388.549584	 0
8749.000000	 4025.866958	 402.586696	 0
8750.000000	 3803.904503	 380.390450	 0
8751.000000	 3666.199274	 366.619927	 0
8752.000000	 3660.240869	 366.024087	 0
8753.000000	 3772.084161	 377.208416	 0
8754.000000	 3841.893746	 384.189375	 0
8755.000000	 3732.895206	 373.289521	 0
8756.000000	 3629.639707	 362.963971	 0
8757.000000	 3575.548047	 357.554805	 0
8758.000000	 3427.212108	 342.721211	 0
8759.000000	 3727.585326	 372.758533	 0
8760.000000	 3861.384800	 386.138480	 0
8761.000000	 3624.682684	 362.468268	 0
8762.000000	 3598.483709	 359.848371	 0
8763.000000	 3756.497645	 375.649764	 0
8764.000000	 3611.538177	 361.153818	 0
8765.000000	 3652.288217	 365.228822	 0
8766.000000	 3803.700089	 380.370009	 0
8767.000000	 3788.804685	 378.880468	 0
8768.000000	 4011.161366	 401.116137	 0
8769.000000	 3817.226655	 381.722665	 0
8770.000000	 3655.976174	 365.597617	 0
8771.000000	 3468.527936	 346.852794	 0
8772.000000	 3336.689856	 333.668986	 0
8773.000000	 3558.311623	 355.831162	 0
8774.000000	 3494.750029	 349.475003	 0
8775.000000	 3485.078115	 348.507811	 0
8776.000000	 3662.417627	 366.241763	 0
8777.000000	 3661.649861	 366.164986	 0
8778.000000	 3518.561748	 351.856175	 0
8779.000000	 3677.229077	 367.722908	 0
8780.000000	 3550.094937	 355.009494	 0
8781.000000	 3545.792523	 354.579252	 0
8782.000000	 3625.922548	 362.592255	 0
8783.000000	 3516.127039	 351.612704	 0
8784.000000	 3703.499839	 370.349984	 0
8785.000000	 3557.441650	 355.744165	 0
8786.000000	 3471.404323	 347.140432	 0
8787.000000	 3510.044526	 351.004453	 0
8788.000000	 3587.141203	 358.714120	 0
8789.000000	 3576.427754	 357.642775	 0
8790.000000	 3610.400519	 361.040052	 0
8791.000000	 3580.357844	 358.035784	 0
8792.000000	 3616.165462	 361.616546	 0
8793.000000	 3414.606620	 341.460662	 0
8794.000000	 3669.615897	 366.961590	 0
8795.000000	 3495.999627	 349.599963	 0
8796.000000	 3634.586996	 363.458700	 0
8797.000000	 3709.854904	 370.985490	 0
8798.000000	 3670.213319	 367.021332	 0
8799.000000	 3717.503369	 371.750337	 0
8800.000000	 3668.144851	 366.814485	 0
8801.000000	 3926.613337	 392.661334	 0
8802.000000	 3562.177225	 356.217722	 0
8803.000000	 3652.177493	 365.217749	 0
8804.000000	 3985.514794	 398.551479	 0
8805.000000	 3814.385553	 381.438555	 0
8806.000000	 3856.562836	 385.656284	 0
8807.000000	 3777.714045	 377.771404	 0
8808.000000	 3931.771123	 393.177112	 0
8809.000000	 3944.054174	 394.405417	 0
8810.000000	 3846.302017	 384.630202	 0
8811.000000	 3872.313613	 387.231361	 0
8812.000000	 3893.199058	 389.319906	 0
8813.000000	 3683.301856	 368.330186	 0
8814.000000	 3702.811161	 370.281116	 0
8815.000000	 3749.817709	 374.981771	 0
8816.000000	 4117.171578	 411.717158	 0
8817.000000	 4139.487916	 413.948792	 0
8818.000000	 3952.600598	 395.260060	 0
8819.000000	 4049.608106	 404.960811	 0
8820.000000	 4387.802657	 438.780266	 0
8821.000000	 4357.704011	 435.770401	 0
8822.000000	 4204.604512	 420.460451	 0
