7785.  3.932091E-14
7786.  4.020244E-14
7787.  4.110674E-14
7788.  3.844254E-14
7789.  3.932043E-14
7790.  4.042625E-14
7791.  3.685846E-14
7792.  3.753462E-14
7793.  3.769390E-14
7794.  3.798761E-14
7795.  3.792949E-14
7796.  3.788767E-14
7797.  3.987172E-14
7798.  3.940935E-14
7799.  3.973783E-14
7800.  4.018035E-14
7801.  3.914918E-14
7802.  3.775582E-14
7803.  3.748441E-14
7804.  3.755055E-14
7805.  3.694268E-14
7806.  3.747382E-14
7807.  3.698015E-14
7808.  3.769810E-14
7809.  3.900735E-14
7810.  3.731193E-14
7811.  3.786302E-14
7812.  3.736025E-14
7813.  3.651891E-14
7814.  3.795675E-14
7815.  3.784995E-14
7816.  3.699378E-14
7817.  3.663079E-14
7818.  3.726079E-14
7819.  3.833028E-14
7820.  3.750619E-14
7821.  3.781602E-14
7822.  3.661341E-14
7823.  3.606678E-14
7824.  3.758135E-14
7825.  3.749246E-14
7826.  3.822492E-14
7827.  3.838615E-14
7828.  3.789632E-14
7829.  3.668614E-14
7830.  3.815564E-14
7831.  3.853652E-14
7832.  3.775247E-14
7833.  3.704863E-14
7834.  3.668937E-14
7835.  3.815579E-14
7836.  3.837714E-14
7837.  3.607365E-14
7838.  3.744272E-14
7839.  3.824128E-14
7840.  3.741000E-14
7841.  3.859086E-14
7842.  3.788123E-14
7843.  3.667462E-14
7844.  3.863125E-14
7845.  3.764633E-14
7846.  3.811447E-14
7847.  3.810801E-14
7848.  3.594856E-14
7849.  3.709886E-14
7850.  3.771551E-14
7851.  3.785902E-14
7852.  3.667517E-14
7853.  3.710419E-14
7854.  3.843934E-14
7855.  3.627060E-14
7856.  3.551805E-14
7857.  3.690230E-14
7858.  3.909097E-14
7859.  3.762373E-14
7860.  3.838578E-14
7861.  3.833752E-14
7862.  3.760148E-14
7863.  3.765138E-14
7864.  3.626046E-14
7865.  3.782121E-14
7866.  3.633526E-14
7867.  3.834093E-14
7868.  3.797444E-14
7869.  3.785229E-14
7870.  3.784081E-14
7871.  3.807728E-14
7872.  3.808800E-14
7873.  3.697959E-14
7874.  3.782188E-14
7875.  3.787898E-14
7876.  3.796877E-14
7877.  3.758718E-14
7878.  3.690901E-14
7879.  3.665133E-14
7880.  3.898177E-14
7881.  3.792680E-14
7882.  3.777391E-14
7883.  3.591819E-14
7884.  3.736510E-14
7885.  3.711628E-14
7886.  3.871911E-14
7887.  3.836655E-14
7888.  3.669508E-14
7889.  3.800656E-14
7890.  3.696765E-14
7891.  3.723245E-14
7892.  3.721303E-14
7893.  3.607082E-14
7894.  3.819720E-14
7895.  3.740098E-14
7896.  3.750548E-14
7897.  3.641842E-14
7898.  3.717397E-14
7899.  3.682250E-14
7900.  3.712651E-14
7901.  3.632982E-14
7902.  3.646946E-14
7903.  3.790841E-14
7904.  3.822892E-14
7905.  3.695659E-14
7906.  3.774596E-14
7907.  3.589904E-14
7908.  3.657727E-14
7909.  3.541648E-14
7910.  3.709677E-14
7911.  3.668548E-14
7912.  3.628414E-14
7913.  3.724851E-14
7914.  3.794008E-14
7915.  3.797037E-14
7916.  3.605357E-14
7917.  3.684700E-14
7918.  3.609826E-14
7919.  3.673230E-14
7920.  3.569750E-14
7921.  3.582960E-14
7922.  3.677530E-14
7923.  3.617816E-14
7924.  3.691257E-14
7925.  3.819637E-14
7926.  3.658479E-14
7927.  3.648887E-14
7928.  3.657827E-14
7929.  3.737217E-14
7930.  3.641400E-14
7931.  3.562340E-14
7932.  3.692925E-14
7933.  3.776445E-14
7934.  3.826218E-14
7935.  3.761156E-14
7936.  3.875540E-14
7937.  3.915238E-14
7938.  3.652754E-14
7939.  3.705662E-14
7940.  3.704937E-14
7941.  3.551431E-14
7942.  3.507549E-14
7943.  3.575688E-14
7944.  3.754491E-14
7945.  3.547459E-14
7946.  3.670843E-14
7947.  3.717952E-14
7948.  3.663484E-14
7949.  3.581950E-14
7950.  3.587473E-14
7951.  3.652556E-14
7952.  3.703693E-14
7953.  3.653587E-14
7954.  3.825936E-14
7955.  3.689753E-14
7956.  3.621785E-14
7957.  3.484955E-14
7958.  3.520870E-14
7959.  3.547419E-14
7960.  3.654877E-14
7961.  3.532406E-14
7962.  3.560525E-14
7963.  3.550523E-14
7964.  3.760188E-14
7965.  3.709093E-14
7966.  3.585589E-14
7967.  3.560237E-14
7968.  3.637987E-14
7969.  3.608924E-14
7970.  3.801723E-14
7971.  3.669070E-14
7972.  3.665972E-14
7973.  3.694815E-14
7974.  3.699178E-14
7975.  3.660825E-14
7976.  3.638595E-14
7977.  3.806721E-14
7978.  3.677188E-14
7979.  3.781091E-14
7980.  3.728497E-14
7981.  3.581155E-14
7982.  3.720037E-14
7983.  3.632084E-14
7984.  3.645597E-14
7985.  3.716105E-14
7986.  3.747520E-14
7987.  3.646432E-14
7988.  3.702554E-14
7989.  3.807588E-14
7990.  3.712167E-14
7991.  3.675563E-14
7992.  3.525643E-14
7993.  3.567014E-14
7994.  3.495515E-14
7995.  3.686178E-14
7996.  3.497614E-14
7997.  3.596763E-14
7998.  3.684738E-14
7999.  3.600068E-14
8000.  3.518604E-14
8001.  3.650737E-14
8002.  3.779252E-14
8003.  3.705225E-14
8004.  3.640317E-14
8005.  3.453266E-14
8006.  3.642368E-14
8007.  3.461909E-14
8008.  3.539229E-14
8009.  3.642998E-14
8010.  3.502765E-14
8011.  3.638354E-14
8012.  3.569867E-14
8013.  3.675519E-14
8014.  3.417667E-14
8015.  3.641388E-14
8016.  3.734748E-14
8017.  3.607780E-14
8018.  3.499272E-14
8019.  3.639305E-14
8020.  3.697551E-14
8021.  3.571401E-14
8022.  3.759159E-14
8023.  3.537164E-14
8024.  3.545273E-14
8025.  3.690787E-14
8026.  3.690718E-14
8027.  3.603572E-14
8028.  3.605022E-14
8029.  3.671315E-14
8030.  3.659990E-14
8031.  3.576915E-14
8032.  3.537823E-14
8033.  3.581227E-14
8034.  3.484909E-14
8035.  3.590613E-14
8036.  3.472056E-14
8037.  3.536605E-14
8038.  3.639295E-14
8039.  3.693555E-14
8040.  3.747491E-14
8041.  3.589065E-14
8042.  3.543765E-14
8043.  3.657440E-14
8044.  3.843502E-14
8045.  3.705503E-14
8046.  3.675976E-14
8047.  3.599648E-14
8048.  3.697162E-14
8049.  3.629427E-14
8050.  3.658037E-14
8051.  3.479792E-14
8052.  3.255352E-14
8053.  3.540934E-14
8054.  3.514916E-14
8055.  3.318099E-14
8056.  3.451540E-14
8057.  3.441100E-14
8058.  3.595867E-14
8059.  3.585676E-14
8060.  3.473064E-14
8061.  3.623883E-14
8062.  3.514676E-14
8063.  3.629985E-14
8064.  3.589774E-14
8065.  3.563987E-14
8066.  3.459209E-14
8067.  3.522059E-14
8068.  3.645055E-14
8069.  3.716340E-14
8070.  3.593543E-14
8071.  3.461789E-14
8072.  3.560770E-14
8073.  3.583133E-14
8074.  3.561443E-14
8075.  3.505959E-14
8076.  3.507878E-14
8077.  3.454664E-14
8078.  3.707874E-14
8079.  3.586032E-14
8080.  3.487644E-14
8081.  3.587763E-14
8082.  3.709935E-14
8083.  3.637065E-14
8084.  3.555043E-14
8085.  3.490694E-14
8086.  3.478674E-14
8087.  3.619877E-14
8088.  3.617868E-14
8089.  3.600866E-14
8090.  3.637742E-14
8091.  3.654479E-14
8092.  3.457485E-14
8093.  3.599448E-14
8094.  3.735736E-14
8095.  3.512181E-14
8096.  3.642577E-14
8097.  3.468818E-14
8098.  3.479705E-14
8099.  3.611191E-14
8100.  3.645117E-14
8101.  3.588125E-14
8102.  3.549471E-14
8103.  3.677334E-14
8104.  3.565035E-14
8105.  3.481557E-14
8106.  3.512186E-14
8107.  3.472533E-14
8108.  3.744212E-14
8109.  3.462545E-14
8110.  3.566792E-14
8111.  3.557399E-14
8112.  3.549964E-14
8113.  3.548709E-14
8114.  3.659922E-14
8115.  3.537363E-14
8116.  3.514342E-14
8117.  3.516419E-14
8118.  3.469954E-14
8119.  3.492371E-14
8120.  3.517327E-14
8121.  3.465191E-14
8122.  3.651956E-14
8123.  3.710175E-14
8124.  3.679986E-14
8125.  3.543111E-14
8126.  3.524831E-14
8127.  3.581215E-14
8128.  3.540248E-14
8129.  3.386288E-14
8130.  3.350958E-14
8131.  3.414289E-14
8132.  3.030848E-14
8133.  3.201966E-14
8134.  3.548540E-14
8135.  3.442620E-14
8136.  3.412380E-14
8137.  3.351209E-14
8138.  3.405892E-14
8139.  3.301085E-14
8140.  3.282373E-14
8141.  3.574839E-14
8142.  3.502601E-14
8143.  3.495824E-14
8144.  3.242839E-14
8145.  3.309944E-14
8146.  3.348940E-14
8147.  3.404286E-14
8148.  3.159755E-14
8149.  3.138574E-14
8150.  3.216747E-14
8151.  3.284982E-14
8152.  3.347854E-14
8153.  3.123720E-14
8154.  3.309972E-14
8155.  3.321196E-14
8156.  3.293263E-14
8157.  3.264095E-14
8158.  3.269501E-14
8159.  3.133947E-14
8160.  3.124695E-14
8161.  3.045424E-14
8162.  3.135640E-14
8163.  3.016382E-14
8164.  3.107660E-14
8165.  3.321453E-14
8166.  3.153459E-14
8167.  3.281979E-14
8168.  3.337056E-14
8169.  3.247649E-14
8170.  3.475257E-14
8171.  3.449153E-14
8172.  3.330886E-14
8173.  3.185380E-14
8174.  3.079984E-14
8175.  3.187906E-14
8176.  2.909936E-14
8177.  2.884198E-14
8178.  3.049024E-14
8179.  3.264560E-14
8180.  3.346640E-14
8181.  3.419345E-14
8182.  3.388469E-14
8183.  3.414874E-14
8184.  3.428693E-14
8185.  3.138154E-14
8186.  3.138733E-14
8187.  3.197456E-14
8188.  3.169998E-14
8189.  3.133749E-14
8190.  3.267230E-14
8191.  3.165794E-14
8192.  3.193835E-14
8193.  3.400220E-14
8194.  3.135502E-14
8195.  3.221491E-14
8196.  3.241524E-14
8197.  3.118953E-14
8198.  3.244672E-14
8199.  3.271858E-14
8200.  3.327126E-14
8201.  3.411905E-14
8202.  3.405691E-14
8203.  3.438473E-14
8204.  3.719085E-14
8205.  3.587314E-14
8206.  3.461734E-14
8207.  3.332774E-14
8208.  3.559429E-14
8209.  3.259647E-14
8210.  3.362572E-14
8211.  3.327751E-14
8212.  3.552955E-14
8213.  3.404487E-14
8214.  3.410034E-14
8215.  3.412764E-14
8216.  3.283833E-14
8217.  3.266030E-14
8218.  3.533798E-14
8219.  3.521940E-14
8220.  3.400361E-14
8221.  3.263535E-14
8222.  3.022680E-14
8223.  2.842080E-14
8224.  2.823562E-14
8225.  2.613518E-14
8226.  2.315411E-14
8227.  2.449662E-14
8228.  2.669930E-14
8229.  2.910097E-14
8230.  2.955216E-14
8231.  3.098224E-14
8232.  3.206265E-14
8233.  3.496336E-14
8234.  3.339309E-14
8235.  3.340665E-14
8236.  3.486483E-14
8237.  3.432025E-14
8238.  3.260116E-14
8239.  3.232252E-14
8240.  3.480778E-14
8241.  3.305239E-14
8242.  3.225900E-14
8243.  3.565534E-14
8244.  3.671670E-14
8245.  3.609946E-14
8246.  3.699478E-14
8247.  3.544976E-14
8248.  3.354606E-14
8249.  3.462559E-14
8250.  3.548323E-14
8251.  3.402053E-14
8252.  3.302333E-14
8253.  3.308969E-14
8254.  3.254923E-14
8255.  3.291850E-14
8256.  3.390724E-14
8257.  3.634498E-14
8258.  3.375864E-14
8259.  3.509290E-14
8260.  3.493790E-14
8261.  3.432324E-14
8262.  3.372039E-14
8263.  3.439969E-14
8264.  3.718747E-14
8265.  3.518030E-14
8266.  3.414454E-14
8267.  3.411366E-14
8268.  3.394283E-14
8269.  3.336204E-14
8270.  3.232674E-14
8271.  3.325600E-14
8272.  3.323852E-14
8273.  3.108623E-14
8274.  3.382118E-14
8275.  3.201461E-14
8276.  3.178586E-14
8277.  3.291645E-14
8278.  3.119119E-14
8279.  3.033685E-14
8280.  3.229545E-14
8281.  3.163860E-14
8282.  3.378476E-14
8283.  3.308976E-14
8284.  3.167235E-14
8285.  3.181724E-14
8286.  3.171711E-14
8287.  3.159305E-14
8288.  3.323962E-14
8289.  3.149129E-14
8290.  3.411284E-14
8291.  3.279482E-14
8292.  3.295120E-14
8293.  3.353797E-14
8294.  3.452785E-14
8295.  3.464519E-14
8296.  3.139891E-14
8297.  3.295038E-14
8298.  3.508140E-14
8299.  3.084699E-14
8300.  3.017352E-14
8301.  3.156121E-14
8302.  3.234693E-14
8303.  2.955389E-14
8304.  3.240984E-14
8305.  3.482337E-14
8306.  3.299894E-14
8307.  3.622216E-14
8308.  3.442942E-14
8309.  3.326969E-14
8310.  3.333646E-14
8311.  3.166682E-14
8312.  3.138683E-14
8313.  3.218645E-14
8314.  3.294341E-14
8315.  3.317623E-14
8316.  3.039872E-14
8317.  3.349030E-14
8318.  3.231355E-14
8319.  3.055556E-14
8320.  3.181436E-14
8321.  3.621434E-14
8322.  3.467219E-14
8323.  3.222905E-14
8324.  3.050635E-14
8325.  3.444010E-14
8326.  3.466536E-14
8327.  3.363189E-14
8328.  3.274831E-14
8329.  3.247785E-14
8330.  3.280689E-14
8331.  3.420838E-14
8332.  3.237625E-14
8333.  3.130946E-14
8334.  3.256475E-14
8335.  3.346843E-14
8336.  3.219254E-14
8337.  3.328567E-14
8338.  3.308729E-14
8339.  3.506179E-14
8340.  3.545433E-14
8341.  3.405471E-14
8342.  3.579428E-14
8343.  3.617139E-14
8344.  3.540808E-14
8345.  3.485334E-14
8346.  3.430224E-14
8347.  3.292869E-14
8348.  3.353853E-14
8349.  3.557669E-14
8350.  3.174128E-14
8351.  3.097281E-14
8352.  3.303524E-14
8353.  3.412169E-14
8354.  3.260287E-14
8355.  3.234431E-14
8356.  3.409131E-14
8357.  3.190830E-14
8358.  3.323387E-14
8359.  3.291880E-14
8360.  3.452384E-14
8361.  3.409865E-14
8362.  3.285195E-14
8363.  3.138144E-14
8364.  3.347511E-14
8365.  3.440105E-14
8366.  3.486478E-14
8367.  3.353519E-14
8368.  3.363397E-14
8369.  3.311900E-14
8370.  3.310346E-14
8371.  3.310496E-14
8372.  3.243186E-14
8373.  3.370341E-14
8374.  3.160101E-14
8375.  3.053621E-14
8376.  3.142315E-14
8377.  3.287149E-14
8378.  3.370548E-14
8379.  3.454944E-14
8380.  3.396482E-14
8381.  3.554263E-14
8382.  3.431972E-14
8383.  3.373436E-14
8384.  3.243324E-14
8385.  3.308312E-14
8386.  3.485201E-14
8387.  3.376628E-14
8388.  3.320547E-14
8389.  3.416407E-14
8390.  3.307700E-14
8391.  3.245794E-14
8392.  3.316776E-14
8393.  3.162732E-14
8394.  3.073647E-14
8395.  3.305745E-14
8396.  3.270824E-14
8397.  3.341189E-14
8398.  3.250757E-14
8399.  3.247514E-14
8400.  3.145586E-14
8401.  3.353380E-14
8402.  3.176239E-14
8403.  3.295045E-14
8404.  3.308327E-14
8405.  3.442711E-14
8406.  3.361116E-14
8407.  3.371336E-14
8408.  3.442080E-14
8409.  3.268916E-14
8410.  3.362708E-14
8411.  3.207896E-14
8412.  3.156106E-14
8413.  3.185811E-14
8414.  3.100034E-14
8415.  3.280380E-14
8416.  3.335390E-14
8417.  3.264133E-14
8418.  3.488375E-14
8419.  3.431961E-14
8420.  3.426782E-14
8421.  3.154302E-14
8422.  3.284464E-14
8423.  3.365141E-14
8424.  3.475962E-14
8425.  3.418185E-14
8426.  3.373445E-14
8427.  3.325186E-14
8428.  3.205754E-14
8429.  3.107189E-14
8430.  3.205181E-14
8431.  3.388842E-14
8432.  3.341748E-14
8433.  3.458094E-14
8434.  3.269206E-14
8435.  3.257132E-14
8436.  3.168843E-14
8437.  3.285426E-14
8438.  3.370048E-14
8439.  2.973609E-14
8440.  3.185929E-14
8441.  3.089632E-14
8442.  3.256846E-14
8443.  3.208716E-14
8444.  3.165093E-14
8445.  3.302051E-14
8446.  3.237696E-14
8447.  3.500648E-14
8448.  3.398710E-14
8449.  3.347993E-14
8450.  3.411657E-14
8451.  3.162246E-14
8452.  3.345114E-14
8453.  3.406129E-14
8454.  3.438796E-14
8455.  3.305236E-14
8456.  3.257664E-14
8457.  3.325134E-14
8458.  3.137293E-14
8459.  3.290934E-14
8460.  3.033362E-14
8461.  3.379326E-14
8462.  3.309293E-14
8463.  3.242569E-14
8464.  3.301823E-14
8465.  3.170717E-14
8466.  3.341693E-14
8467.  3.379449E-14
8468.  3.417650E-14
8469.  3.212174E-14
8470.  3.251432E-14
8471.  3.385706E-14
8472.  3.332930E-14
8473.  3.129372E-14
8474.  3.383783E-14
8475.  3.393431E-14
8476.  3.340783E-14
8477.  3.267478E-14
8478.  3.394645E-14
8479.  3.342557E-14
8480.  3.215317E-14
8481.  3.115946E-14
8482.  3.263104E-14
8483.  3.280087E-14
8484.  3.237962E-14
8485.  3.128471E-14
8486.  3.206436E-14
8487.  3.174408E-14
8488.  3.176743E-14
8489.  3.129988E-14
8490.  2.958757E-14
8491.  3.285798E-14
8492.  3.396144E-14
8493.  3.284175E-14
8494.  3.299580E-14
8495.  3.415394E-14
8496.  3.553241E-14
8497.  3.272742E-14
8498.  3.185625E-14
8499.  3.100283E-14
8500.  3.067590E-14
8501.  2.822815E-14
8502.  2.614265E-14
8503.  2.699609E-14
8504.  3.029530E-14
8505.  3.198659E-14
8506.  3.183493E-14
8507.  3.119185E-14
8508.  3.146180E-14
8509.  3.185197E-14
8510.  3.313692E-14
8511.  3.395257E-14
8512.  3.400394E-14
8513.  3.229427E-14
8514.  3.343083E-14
8515.  3.345400E-14
8516.  3.261716E-14
8517.  3.511689E-14
8518.  3.145739E-14
8519.  3.119258E-14
8520.  3.358899E-14
8521.  3.254943E-14
8522.  3.299501E-14
8523.  3.426387E-14
8524.  3.287759E-14
8525.  3.190213E-14
8526.  3.442102E-14
8527.  3.287163E-14
8528.  3.326908E-14
8529.  3.324738E-14
8530.  3.270260E-14
8531.  3.204300E-14
8532.  2.986525E-14
8533.  3.123838E-14
8534.  3.300374E-14
8535.  3.205750E-14
8536.  3.132508E-14
8537.  3.195279E-14
8538.  3.371509E-14
8539.  3.011964E-14
8540.  3.022247E-14
8541.  2.887843E-14
8542.  2.909426E-14
8543.  2.533899E-14
8544.  2.147202E-14
8545.  2.139419E-14
8546.  2.141364E-14
8547.  2.227322E-14
8548.  2.379704E-14
8549.  2.732491E-14
8550.  2.994414E-14
8551.  3.012513E-14
8552.  3.036083E-14
8553.  3.269924E-14
8554.  3.209355E-14
8555.  3.432964E-14
8556.  3.188959E-14
8557.  3.159655E-14
8558.  3.187311E-14
8559.  3.361949E-14
8560.  3.172813E-14
8561.  3.111325E-14
8562.  3.244934E-14
8563.  3.393307E-14
8564.  3.264508E-14
8565.  3.055214E-14
8566.  3.248724E-14
8567.  3.156968E-14
8568.  3.243982E-14
8569.  3.274591E-14
8570.  3.419508E-14
8571.  3.275921E-14
8572.  3.214701E-14
8573.  3.309572E-14
8574.  3.328018E-14
8575.  3.335690E-14
8576.  3.311201E-14
8577.  3.554877E-14
8578.  3.190679E-14
8579.  3.155911E-14
8580.  3.322404E-14
8581.  3.406309E-14
8582.  3.320826E-14
8583.  3.138496E-14
8584.  3.152451E-14
8585.  3.282293E-14
8586.  3.160771E-14
8587.  3.127767E-14
8588.  3.192316E-14
8589.  3.188599E-14
8590.  3.245726E-14
8591.  3.220525E-14
8592.  3.187266E-14
8593.  3.237267E-14
8594.  3.111953E-14
8595.  3.334659E-14
8596.  3.311701E-14
8597.  3.100022E-14
8598.  3.044481E-14
8599.  3.215661E-14
8600.  3.235823E-14
8601.  3.327201E-14
8602.  3.118929E-14
8603.  3.173780E-14
8604.  3.153727E-14
8605.  3.042850E-14
8606.  3.080146E-14
8607.  3.287867E-14
8608.  3.455223E-14
8609.  3.271775E-14
8610.  3.109605E-14
8611.  3.272249E-14
8612.  3.103538E-14
8613.  3.089284E-14
8614.  2.963188E-14
8615.  3.311344E-14
8616.  3.173415E-14
8617.  3.088353E-14
8618.  3.104914E-14
8619.  3.045168E-14
8620.  3.024503E-14
8621.  2.925269E-14
8622.  2.993771E-14
8623.  3.034929E-14
8624.  3.071990E-14
8625.  3.255170E-14
8626.  3.139968E-14
8627.  3.076930E-14
8628.  3.303727E-14
8629.  3.148815E-14
8630.  3.372685E-14
8631.  3.153916E-14
8632.  3.178414E-14
8633.  3.397685E-14
8634.  3.229405E-14
8635.  3.237417E-14
8636.  3.145969E-14
8637.  2.946854E-14
8638.  3.115380E-14
8639.  3.181399E-14
8640.  3.140344E-14
8641.  3.417719E-14
8642.  3.309908E-14
8643.  3.112594E-14
8644.  3.162404E-14
8645.  3.255057E-14
8646.  3.078858E-14
8647.  3.243455E-14
8648.  3.091738E-14
8649.  3.117583E-14
8650.  3.139846E-14
8651.  2.954299E-14
8652.  3.095829E-14
8653.  3.018846E-14
8654.  3.166623E-14
8655.  3.093451E-14
8656.  2.953380E-14
8657.  3.167352E-14
8658.  3.005268E-14
8659.  3.271049E-14
8660.  3.254751E-14
8661.  3.196494E-14
8662.  3.092383E-14
8663.  2.910327E-14
8664.  2.518007E-14
8665.  2.353356E-14
8666.  2.345032E-14
8667.  2.465738E-14
8668.  2.570726E-14
8669.  2.406094E-14
8670.  2.877758E-14
8671.  2.853419E-14
8672.  2.975806E-14
8673.  3.139425E-14
8674.  3.019911E-14
8675.  3.199814E-14
8676.  2.856957E-14
8677.  3.130022E-14
8678.  3.039859E-14
8679.  3.230464E-14
8680.  3.182592E-14
8681.  3.241833E-14
8682.  3.182069E-14
8683.  3.102117E-14
8684.  3.082996E-14
8685.  3.222774E-14
8686.  3.064380E-14
8687.  3.071787E-14
8688.  3.014457E-14
8689.  2.965171E-14
8690.  3.203147E-14
8691.  3.100832E-14
8692.  3.144751E-14
8693.  3.096937E-14
8694.  3.075713E-14
8695.  2.983327E-14
8696.  3.151832E-14
8697.  3.104499E-14
8698.  3.243408E-14
8699.  3.022074E-14
8700.  3.192973E-14
8701.  2.971516E-14
8702.  3.232704E-14
8703.  3.090067E-14
8704.  3.080048E-14
8705.  3.143253E-14
8706.  3.108034E-14
8707.  3.110940E-14
8708.  3.103601E-14
8709.  3.128431E-14
8710.  2.962979E-14
8711.  3.175513E-14
8712.  3.074341E-14
8713.  2.947026E-14
8714.  3.094854E-14
8715.  3.160875E-14
8716.  3.272103E-14
8717.  3.135167E-14
8718.  3.010057E-14
8719.  3.107494E-14
8720.  3.095984E-14
8721.  3.026642E-14
8722.  2.923024E-14
8723.  3.183716E-14
8724.  3.125556E-14
8725.  3.109917E-14
8726.  3.239668E-14
8727.  3.222354E-14
8728.  3.117272E-14
8729.  3.228505E-14
8730.  3.198533E-14
8731.  3.004851E-14
8732.  3.157640E-14
8733.  3.141549E-14
8734.  2.990288E-14
8735.  3.034016E-14
8736.  2.931560E-14
8737.  3.026139E-14
8738.  3.010269E-14
8739.  2.987699E-14
8740.  3.227557E-14
8741.  3.123101E-14
8742.  3.196697E-14
8743.  3.121357E-14
8744.  3.187835E-14
8745.  3.182089E-14
8746.  2.899523E-14
8747.  3.017165E-14
8748.  3.193350E-14
8749.  3.308716E-14
8750.  3.126293E-14
8751.  3.013118E-14
8752.  3.008221E-14
8753.  3.100141E-14
8754.  3.157515E-14
8755.  3.067933E-14
8756.  2.983071E-14
8757.  2.938615E-14
8758.  2.816703E-14
8759.  3.063569E-14
8760.  3.173534E-14
8761.  2.978997E-14
8762.  2.957465E-14
8763.  3.087331E-14
8764.  2.968194E-14
8765.  3.001685E-14
8766.  3.126125E-14
8767.  3.113883E-14
8768.  3.296630E-14
8769.  3.137242E-14
8770.  3.004716E-14
8771.  2.850659E-14
8772.  2.742306E-14
8773.  2.924449E-14
8774.  2.872210E-14
8775.  2.864261E-14
8776.  3.010010E-14
8777.  3.009379E-14
8778.  2.891780E-14
8779.  3.022183E-14
8780.  2.917696E-14
8781.  2.914160E-14
8782.  2.980016E-14
8783.  2.889779E-14
8784.  3.043774E-14
8785.  2.923734E-14
8786.  2.853023E-14
8787.  2.884780E-14
8788.  2.948143E-14
8789.  2.939338E-14
8790.  2.967259E-14
8791.  2.942568E-14
8792.  2.971997E-14
8793.  2.806343E-14
8794.  3.015926E-14
8795.  2.873237E-14
8796.  2.987137E-14
8797.  3.048997E-14
8798.  3.016417E-14
8799.  3.055283E-14
8800.  3.014717E-14
8801.  3.227143E-14
8802.  2.927626E-14
8803.  3.001594E-14
8804.  3.275552E-14
8805.  3.134907E-14
8806.  3.169571E-14
8807.  3.104768E-14
8808.  3.231382E-14
8809.  3.241477E-14
8810.  3.161138E-14
8811.  3.182516E-14
8812.  3.199681E-14
8813.  3.027174E-14
8814.  3.043208E-14
8815.  3.081841E-14
8816.  3.383756E-14
8817.  3.402097E-14
8818.  3.248501E-14
8819.  3.328228E-14
8820.  3.606178E-14
8821.  3.581441E-14
8822.  3.455614E-14