0.005000	 59396.691579
0.010000	 70218.248357
0.015000	 78576.324075
0.020000	 85804.344018
0.025000	 92375.259100
0.030000	 98518.016183
0.035000	 104362.789360
0.040000	 109991.432149
0.045000	 115459.121959
0.050000	 120805.007430
0.055000	 126057.980167
0.060000	 131240.040157
0.065000	 136368.373083
0.070000	 141456.692658
0.075000	 146516.141323
0.080000	 151555.914008
0.085000	 156583.701854
0.090000	 161606.015257
0.095000	 166628.423824
0.100000	 171655.737811
0.105000	 176692.147465
0.110000	 181741.331554
0.115000	 186806.542958
0.120000	 191890.676943
0.125000	 196996.326179
0.130000	 202125.825507
0.135000	 207281.288654
0.140000	 212464.638607
0.145000	 217677.632912
0.150000	 222921.884886
0.155000	 228198.881521
0.160000	 233509.998679
0.165000	 238856.514057
0.170000	 244239.618310
0.175000	 249660.424635
0.180000	 255119.977061
0.185000	 260619.257669
0.190000	 266159.192873
0.195000	 271740.658941
0.200000	 277364.486833
0.205000	 283031.466474
0.210000	 288742.350536
0.215000	 294497.857788
0.220000	 300298.676084
0.225000	 306145.465023
0.230000	 312038.858333
0.235000	 317979.466007
0.240000	 323967.876222
0.245000	 330004.657072
0.250000	 336090.358131
0.255000	 342225.511861
0.260000	 348410.634901
0.265000	 354646.229223
0.270000	 360932.783201
0.275000	 367270.772567
0.280000	 373660.661298
0.285000	 380102.902422
0.290000	 386597.938754
0.295000	 393146.203579
0.300000	 399748.121269
0.305000	 406404.107857
0.310000	 413114.571568
0.315000	 419879.913304
0.320000	 426700.527092
0.325000	 433576.800503
0.330000	 440509.115036
0.335000	 447497.846473
0.340000	 454543.365215
0.345000	 461646.036586
0.350000	 468806.221119
0.355000	 476024.274826
0.360000	 483300.549443
0.365000	 490635.392666
0.370000	 498029.148362
0.375000	 505482.156776
0.380000	 512994.754715
0.385000	 520567.275731
0.390000	 528200.050285
0.395000	 535893.405898
0.400000	 543647.667304
0.405000	 551463.156583
0.410000	 559340.193291
0.415000	 567279.094580
0.420000	 575280.175316
0.425000	 583343.748181
0.430000	 591470.123779
0.435000	 599659.610729
0.440000	 607912.515758
0.445000	 616229.143780
0.450000	 624609.797986
0.455000	 633054.779913
0.460000	 641564.389516
0.465000	 650138.925242
0.470000	 658778.684088
0.475000	 667483.961668
0.480000	 676255.052266
0.485000	 685092.248896
0.490000	 693995.843349
0.495000	 702966.126248
0.505000	   -nan
0.510000	   -nan
0.515000	   -nan
0.520000	   -nan
0.525000	   -nan
0.530000	   -nan
0.535000	   -nan
0.540000	   -nan
0.545000	   -nan
0.550000	   -nan
0.555000	   -nan
0.560000	   -nan
0.565000	   -nan
0.570000	   -nan
0.575000	   -nan
0.580000	   -nan
0.585000	   -nan
0.590000	   -nan
0.595000	   -nan
0.600000	   -nan
0.605000	   -nan
0.610000	   -nan
0.615000	   -nan
0.620000	   -nan
0.625000	   -nan
0.630000	   -nan
0.635000	   -nan
0.640000	   -nan
0.645000	   -nan
0.650000	   -nan
0.655000	   -nan
0.660000	   -nan
0.665000	   -nan
0.670000	   -nan
0.675000	   -nan
0.680000	   -nan
0.685000	   -nan
0.690000	   -nan
0.695000	   -nan
0.700000	   -nan
0.705000	   -nan
0.710000	   -nan
0.715000	   -nan
0.720000	   -nan
0.725000	   -nan
0.730000	   -nan
0.735000	   -nan
0.740000	   -nan
0.745000	   -nan
0.750000	   -nan
0.755000	   -nan
0.760000	   -nan
0.765000	   -nan
0.770000	   -nan
0.775000	   -nan
0.780000	   -nan
0.785000	   -nan
0.790000	   -nan
0.795000	   -nan
0.800000	   -nan
0.805000	   -nan
0.810000	   -nan
0.815000	   -nan
0.820000	   -nan
0.825000	   -nan
0.830000	   -nan
0.835000	   -nan
0.840000	   -nan
0.845000	   -nan
0.850000	   -nan
0.855000	   -nan
0.860000	   -nan
0.865000	   -nan
0.870000	   -nan
0.875000	   -nan
0.880000	   -nan
0.885000	   -nan
0.890000	   -nan
0.895000	   -nan
0.900000	   -nan
0.905000	   -nan
0.910000	   -nan
0.915000	   -nan
0.920000	   -nan
0.925000	   -nan
0.930000	   -nan
0.935000	   -nan
0.940000	   -nan
0.945000	   -nan
0.950000	   -nan
0.955000	   -nan
0.960000	   -nan
0.965000	   -nan
0.970000	   -nan
0.975000	   -nan
0.980000	   -nan
0.985000	   -nan
0.990000	   -nan
0.995000	   -nan
1.000000	 0.000000
1.005000	 2018198.433646
1.010000	 2035491.050391
1.015000	 2052878.107961
1.020000	 2070359.864543
1.025000	 2087936.578300
1.030000	 2105608.507194
1.035000	 2123375.909239
1.040000	 2141239.042349
1.045000	 2159198.164396
1.050000	 2177253.533206
1.055000	 2195405.406542
1.060000	 2213654.042136
1.065000	 2231999.697664
1.070000	 2250442.630757
1.075000	 2268983.099001
1.080000	 2287621.359942
1.085000	 2306357.671079
1.090000	 2325192.289867
1.095000	 2344125.473725
1.100000	 2363157.480025
1.105000	 2382288.566105
1.110000	 2401518.989259
1.115000	 2420849.006747
1.120000	 2440278.875786
1.125000	 2459808.853562
1.130000	 2479439.197219
1.135000	 2499170.163871
1.140000	 2519002.010593
1.145000	 2538934.994426
1.150000	 2558969.372381
1.155000	 2579105.401432
1.160000	 2599343.338523
1.165000	 2619683.440566
1.170000	 2640125.964440
1.175000	 2660671.166996
1.180000	 2681319.305053
1.185000	 2702070.635402
1.190000	 2722925.414804
1.195000	 2743883.899991
1.200000	 2764946.347670
1.205000	 2786113.014518
1.210000	 2807384.157185
1.215000	 2828760.032295
1.220000	 2850240.896448
1.225000	 2871827.006215
1.230000	 2893518.618145
1.235000	 2915315.988760
1.240000	 2937219.374560
1.245000	 2959229.032020
1.250000	 2981345.217591
1.255000	 3003568.187703
1.260000	 3025898.198762
1.265000	 3048335.507151
1.270000	 3070880.369234
1.275000	 3093533.041350
1.280000	 3116293.779821
1.285000	 3139162.840945
1.290000	 3162140.481001
1.295000	 3185226.956248
1.300000	 3208422.522925
1.305000	 3231727.437252
1.310000	 3255141.955430
1.315000	 3278666.333640
1.320000	 3302300.828047
1.325000	 3326045.694795
1.330000	 3349901.190014
1.335000	 3373867.569812
1.340000	 3397945.090284
1.345000	 3422134.007505
1.350000	 3446434.577534
1.355000	 3470847.056415
1.360000	 3495371.700175
1.365000	 3520008.764825
1.370000	 3544758.506359
1.375000	 3569621.180759
1.380000	 3594597.043988
1.385000	 3619686.351998
1.390000	 3644889.360722
1.395000	 3670206.326083
1.400000	 3695637.503987
1.405000	 3721183.150326
1.410000	 3746843.520980
1.415000	 3772618.871814
1.420000	 3798509.458680
1.425000	 3824515.537417
1.430000	 3850637.363850
1.435000	 3876875.193794
1.440000	 3903229.283049
1.445000	 3929699.887403
1.450000	 3956287.262632
1.455000	 3982991.664500
1.460000	 4009813.348761
1.465000	 4036752.571154
1.470000	 4063809.587409
1.475000	 4090984.653244
1.480000	 4118278.024366
1.485000	 4145689.956471
1.490000	 4173220.705244
1.495000	 4200870.526359
1.500000	 4228639.675482
1.505000	 4256528.408264
1.510000	 4284536.980351
1.515000	 4312665.647375
1.520000	 4340914.664960
1.525000	 4369284.288721
1.530000	 4397774.774261
1.535000	 4426386.377176
1.540000	 4455119.353051
1.545000	 4483973.957462
1.550000	 4512950.445977
1.555000	 4542049.074154
1.560000	 4571270.097543
1.565000	 4600613.771685
1.570000	 4630080.352112
1.575000	 4659670.094349
1.580000	 4689383.253910
1.585000	 4719220.086303
1.590000	 4749180.847027
1.595000	 4779265.791575
1.600000	 4809475.175429
1.605000	 4839809.254065
1.610000	 4870268.282951
1.615000	 4900852.517549
1.620000	 4931562.213310
1.625000	 4962397.625681
1.630000	 4993359.010100
1.635000	 5024446.621999
1.640000	 5055660.716802
1.645000	 5087001.549927
1.650000	 5118469.376783
1.655000	 5150064.452775
1.660000	 5181787.033300
1.665000	 5213637.373749
1.670000	 5245615.729505
1.675000	 5277722.355946
1.680000	 5309957.508443
1.685000	 5342321.442362
1.690000	 5374814.413061
1.695000	 5407436.675893
1.700000	 5440188.486205
1.705000	 5473070.099338
1.710000	 5506081.770627
1.715000	 5539223.755400
1.720000	 5572496.308983
1.725000	 5605899.686692
1.730000	 5639434.143839
1.735000	 5673099.935733
1.740000	 5706897.317674
1.745000	 5740826.544959
1.750000	 5774887.872878
1.755000	 5809081.556718
1.760000	 5843407.851758
1.765000	 5877867.013274
1.770000	 5912459.296537
1.775000	 5947184.956812
1.780000	 5982044.249361
1.785000	 6017037.429437
1.790000	 6052164.752294
1.795000	 6087426.473177
1.800000	 6122822.847327
1.805000	 6158354.129983
1.810000	 6194020.576376
1.815000	 6229822.441735
1.820000	 6265759.981283
1.825000	 6301833.450239
1.830000	 6338043.103820
1.835000	 6374389.197234
1.840000	 6410871.985690
1.845000	 6447491.724389
1.850000	 6484248.668530
1.855000	 6521143.073306
1.860000	 6558175.193909
1.865000	 6595345.285524
1.870000	 6632653.603334
1.875000	 6670100.402516
1.880000	 6707685.938247
1.885000	 6745410.465696
1.890000	 6783274.240030
1.895000	 6821277.516414
1.900000	 6859420.550007
1.905000	 6897703.595966
1.910000	 6936126.909442
1.915000	 6974690.745585
1.920000	 7013395.359541
1.925000	 7052241.006451
1.930000	 7091227.941456
1.935000	 7130356.419690
1.940000	 7169626.696285
1.945000	 7209039.026370
1.950000	 7248593.665071
1.955000	 7288290.867510
1.960000	 7328130.888807
1.965000	 7368113.984078
1.970000	 7408240.408436
1.975000	 7448510.416990
1.980000	 7488924.264848
1.985000	 7529482.207114
1.990000	 7570184.498888
1.995000	 7611031.395269
2.000000	 7652023.151353
2.005000	 7693160.022230
2.010000	 7734442.262991
2.015000	 7775870.128723
2.020000	 7817443.874510
2.025000	 7859163.755432
2.030000	 7901030.026568
2.035000	 7943042.942995
2.040000	 7985202.759785
2.045000	 8027509.732009
2.050000	 8069964.114735
2.055000	 8112566.163028
2.060000	 8155316.131951
2.065000	 8198214.276565
2.070000	 8241260.851928
2.075000	 8284456.113095
2.080000	 8327800.315120
2.085000	 8371293.713052
2.090000	 8414936.561941
2.095000	 8458729.116832
2.100000	 8502671.632769
2.105000	 8546764.364793
2.110000	 8591007.567943
2.115000	 8635401.497257
2.120000	 8679946.407769
2.125000	 8724642.554510
2.130000	 8769490.192513
2.135000	 8814489.576804
2.140000	 8859640.962410
2.145000	 8904944.604355
2.150000	 8950400.757660
2.155000	 8996009.677345
2.160000	 9041771.618428
2.165000	 9087686.835924
2.170000	 9133755.584848
2.175000	 9179978.120210
2.180000	 9226354.697022
2.185000	 9272885.570289
2.190000	 9319570.995019
2.195000	 9366411.226216
2.200000	 9413406.518881
2.205000	 9460557.128015
2.210000	 9507863.308616
2.215000	 9555325.315681
2.220000	 9602943.404205
2.225000	 9650717.829180
2.230000	 9698648.845599
2.235000	 9746736.708450
2.240000	 9794981.672721
2.245000	 9843383.993399
2.250000	 9891943.925468
2.255000	 9940661.723910
2.260000	 9989537.643707
2.265000	 10038571.939837
2.270000	 10087764.867280
2.275000	 10137116.681011
2.280000	 10186627.636004
2.285000	 10236297.987233
2.290000	 10286127.989668
2.295000	 10336117.898281
2.300000	 10386267.968039
2.305000	 10436578.453909
2.310000	 10487049.610857
2.315000	 10537681.693846
2.320000	 10588474.957839
2.325000	 10639429.657796
2.330000	 10690546.048677
2.335000	 10741824.385441
2.340000	 10793264.923044
2.345000	 10844867.916440
2.350000	 10896633.620585
2.355000	 10948562.290430
2.360000	 11000654.180926
2.365000	 11052909.547023
2.370000	 11105328.643671
2.375000	 11157911.725815
2.380000	 11210659.048401
2.385000	 11263570.866375
2.390000	 11316647.434679
2.395000	 11369889.008255
2.400000	 11423295.842044
2.405000	 11476868.190985
2.410000	 11530606.310017
2.415000	 11584510.454076
2.420000	 11638580.878098
2.425000	 11692817.837018
2.430000	 11747221.585770
2.435000	 11801792.379284
2.440000	 11856530.472492
2.445000	 11911436.120325
2.450000	 11966509.577711
2.455000	 12021751.099576
2.460000	 12077160.940849
2.465000	 12132739.356453
2.470000	 12188486.601314
2.475000	 12244402.930355
2.480000	 12300488.598496
2.485000	 12356743.860660
2.490000	 12413168.971767
2.495000	 12469764.186734
2.500000	 12526529.760481
2.505000	 12583465.947923
2.510000	 12640573.003976
2.515000	 12697851.183555
2.520000	 12755300.741574
2.525000	 12812921.932946
2.530000	 12870715.012582
2.535000	 12928680.235392
2.540000	 12986817.856287
2.545000	 13045128.130176
2.550000	 13103611.311966
2.555000	 13162267.656564
2.560000	 13221097.418876
2.565000	 13280100.853807
2.570000	 13339278.216261
2.575000	 13398629.761142
2.580000	 13458155.743351
2.585000	 13517856.417790
2.590000	 13577732.039360
2.595000	 13637782.862960
2.600000	 13698009.143489
2.605000	 13758411.135845
2.610000	 13818989.094924
2.615000	 13879743.275623
2.620000	 13940673.932837
2.625000	 14001781.321461
2.630000	 14063065.696389
2.635000	 14124527.312512
2.640000	 14186166.424724
2.645000	 14247983.287915
2.650000	 14309978.156976
2.655000	 14372151.286796
2.660000	 14434502.932265
2.665000	 14497033.348270
2.670000	 14559742.789698
2.675000	 14622631.511437
2.680000	 14685699.768371
2.685000	 14748947.815386
2.690000	 14812375.907366
2.695000	 14875984.299195
2.700000	 14939773.245755
2.705000	 15003743.001928
2.710000	 15067893.822596
2.715000	 15132225.962640
2.720000	 15196739.676938
2.725000	 15261435.220371
2.730000	 15326312.847817
2.735000	 15391372.814154
2.740000	 15456615.374258
2.745000	 15522040.783007
2.750000	 15587649.295275
2.755000	 15653441.165939
2.760000	 15719416.649872
2.765000	 15785576.001948
2.770000	 15851919.477041
2.775000	 15918447.330023
2.780000	 15985159.815766
2.785000	 16052057.189140
2.790000	 16119139.705017
2.795000	 16186407.618266
2.800000	 16253861.183757
2.805000	 16321500.656358
2.810000	 16389326.290938
2.815000	 16457338.342364
2.820000	 16525537.065503
2.825000	 16593922.715220
2.830000	 16662495.546383
2.835000	 16731255.813856
2.840000	 16800203.772503
2.845000	 16869339.677188
2.850000	 16938663.782775
2.855000	 17008176.344127
2.860000	 17077877.616106
2.865000	 17147767.853573
2.870000	 17217847.311390
2.875000	 17288116.244417
2.880000	 17358574.907515
2.885000	 17429223.555542
2.890000	 17500062.443358
2.895000	 17571091.825821
2.900000	 17642311.957790
2.905000	 17713723.094120
2.910000	 17785325.489670
2.915000	 17857119.399296
2.920000	 17929105.077853
2.925000	 18001282.780198
2.930000	 18073652.761183
2.935000	 18146215.275665
2.940000	 18218970.578496
2.945000	 18291918.924531
2.950000	 18365060.568622
2.955000	 18438395.765621
2.960000	 18511924.770380
2.965000	 18585647.837751
2.970000	 18659565.222584
2.975000	 18733677.179730
2.980000	 18807983.964040
2.985000	 18882485.830362
2.990000	 18957183.033545
2.995000	 19032075.828439
3.000000	 19107164.469892
3.005000	 19182449.212750
3.010000	 19257930.311862
3.015000	 19333608.022074
3.020000	 19409482.598233
3.025000	 19485554.295185
3.030000	 19561823.367775
3.035000	 19638290.070848
3.040000	 19714954.659249
3.045000	 19791817.387822
3.050000	 19868878.511412
3.055000	 19946138.284861
3.060000	 20023596.963013
3.065000	 20101254.800709
3.070000	 20179112.052794
3.075000	 20257168.974107
3.080000	 20335425.819491
3.085000	 20413882.843787
3.090000	 20492540.301835
3.095000	 20571398.448475
3.100000	 20650457.538547
3.105000	 20729717.826892
3.110000	 20809179.568347
3.115000	 20888843.017752
3.120000	 20968708.429944
3.125000	 21048776.059762
3.130000	 21129046.162044
3.135000	 21209518.991626
3.140000	 21290194.803346
3.145000	 21371073.852039
3.150000	 21452156.392542
3.155000	 21533442.679691
3.160000	 21614932.968322
3.165000	 21696627.513268
3.170000	 21778526.569366
3.175000	 21860630.391448
3.180000	 21942939.234350
3.185000	 22025453.352905
3.190000	 22108173.001946
3.195000	 22191098.436307
3.200000	 22274229.910820
3.205000	 22357567.680316
3.210000	 22441111.999629
3.215000	 22524863.123590
3.220000	 22608821.307031
3.225000	 22692986.804781
3.230000	 22777359.871673
3.235000	 22861940.762536
3.240000	 22946729.732201
3.245000	 23031727.035497
3.250000	 23116932.927254
3.255000	 23202347.662300
3.260000	 23287971.495466
3.265000	 23373804.681578
3.270000	 23459847.475466
3.275000	 23546100.131957
3.280000	 23632562.905880
3.285000	 23719236.052060
3.290000	 23806119.825326
3.295000	 23893214.480505
3.300000	 23980520.272422
3.305000	 24068037.455903
3.310000	 24155766.285775
3.315000	 24243707.016864
3.320000	 24331859.903994
3.325000	 24420225.201991
3.330000	 24508803.165679
3.335000	 24597594.049883
3.340000	 24686598.109427
3.345000	 24775815.599135
3.350000	 24865246.773831
3.355000	 24954891.888338
3.360000	 25044751.197479
3.365000	 25134824.956077
3.370000	 25225113.418955
3.375000	 25315616.840935
3.380000	 25406335.476839
3.385000	 25497269.581489
3.390000	 25588419.409707
3.395000	 25679785.216313
3.400000	 25771367.256130
3.405000	 25863165.783977
3.410000	 25955181.054676
3.415000	 26047413.323047
3.420000	 26139862.843909
3.425000	 26232529.872083
3.430000	 26325414.662388
3.435000	 26418517.469643
3.440000	 26511838.548669
3.445000	 26605378.154282
3.450000	 26699136.541303
3.455000	 26793113.964550
3.460000	 26887310.678840
3.465000	 26981726.938993
3.470000	 27076362.999824
3.475000	 27171219.116153
3.480000	 27266295.542796
3.485000	 27361592.534570
3.490000	 27457110.346292
3.495000	 27552849.232778
3.500000	 27648809.448846
3.505000	 27744991.249311
3.510000	 27841394.888990
3.515000	 27938020.622697
3.520000	 28034868.705248
3.525000	 28131939.391459
3.530000	 28229232.936145
3.535000	 28326749.594121
3.540000	 28424489.620200
3.545000	 28522453.269199
3.550000	 28620640.795931
3.555000	 28719052.455209
3.560000	 28817688.501849
3.565000	 28916549.190663
3.570000	 29015634.776465
3.575000	 29114945.514069
3.580000	 29214481.658287
3.585000	 29314243.463932
3.590000	 29414231.185816
3.595000	 29514445.078753
3.600000	 29614885.397555
3.605000	 29715552.397033
3.610000	 29816446.332000
3.615000	 29917567.457266
3.620000	 30018916.027645
3.625000	 30120492.297947
3.630000	 30222296.522982
3.635000	 30324328.957563
3.640000	 30426589.856500
3.645000	 30529079.474603
3.650000	 30631798.066683
3.655000	 30734745.887551
3.660000	 30837923.192015
3.665000	 30941330.234886
3.670000	 31044967.270974
3.675000	 31148834.555089
3.680000	 31252932.342039
3.685000	 31357260.886633
3.690000	 31461820.443682
3.695000	 31566611.267993
3.700000	 31671633.614375
3.705000	 31776887.737637
3.710000	 31882373.892587
3.715000	 31988092.334034
3.720000	 32094043.316784
3.725000	 32200227.095647
3.730000	 32306643.925429
3.735000	 32413294.060939
3.740000	 32520177.756983
3.745000	 32627295.268369
3.750000	 32734646.849903
3.755000	 32842232.756394
3.760000	 32950053.242646
3.765000	 33058108.563468
3.770000	 33166398.973664
3.775000	 33274924.728043
3.780000	 33383686.081408
3.785000	 33492683.288568
3.790000	 33601916.604327
3.795000	 33711386.283490
3.800000	 33821092.580864
3.805000	 33931035.751254
3.810000	 34041216.049465
3.815000	 34151633.730302
3.820000	 34262289.048570
3.825000	 34373182.259073
3.830000	 34484313.616617
3.835000	 34595683.376005
3.840000	 34707291.792042
3.845000	 34819139.119533
3.850000	 34931225.613281
3.855000	 35043551.528090
3.860000	 35156117.118764
3.865000	 35268922.640106
3.870000	 35381968.346920
3.875000	 35495254.494010
3.880000	 35608781.336178
3.885000	 35722549.128228
3.890000	 35836558.124962
3.895000	 35950808.581184
3.900000	 36065300.751696
3.905000	 36180034.891300
3.910000	 36295011.254799
3.915000	 36410230.096996
3.920000	 36525691.672692
3.925000	 36641396.236690
3.930000	 36757344.043790
3.935000	 36873535.348796
3.940000	 36989970.406509
3.945000	 37106649.471730
3.950000	 37223572.799261
3.955000	 37340740.643903
3.960000	 37458153.260456
3.965000	 37575810.903723
3.970000	 37693713.828504
3.975000	 37811862.289600
3.980000	 37930256.541811
3.985000	 38048896.839938
3.990000	 38167783.438781
3.995000	 38286916.593141
4.000000	 38406296.557818
4.005000	 38525923.587613
4.010000	 38645797.937324
4.015000	 38765919.861751
4.020000	 38886289.615695
4.025000	 39006907.453956
4.030000	 39127773.631332
4.035000	 39248888.402622
4.040000	 39370252.022628
4.045000	 39491864.746146
4.050000	 39613726.827977
4.055000	 39735838.522919
4.060000	 39858200.085772
4.065000	 39980811.771333
4.070000	 40103673.834402
4.075000	 40226786.529777
4.080000	 40350150.112256
4.085000	 40473764.836638
4.090000	 40597630.957721
4.095000	 40721748.730303
4.100000	 40846118.409182
4.105000	 40970740.249155
4.110000	 41095614.505021
4.115000	 41220741.431578
4.120000	 41346121.283622
4.125000	 41471754.315952
4.130000	 41597640.783364
4.135000	 41723780.940656
4.140000	 41850175.042625
4.145000	 41976823.344068
4.150000	 42103726.099782
4.155000	 42230883.564564
4.160000	 42358295.993210
4.165000	 42485963.640518
4.170000	 42613886.761284
4.175000	 42742065.610304
4.180000	 42870500.442375
4.185000	 42999191.512293
4.190000	 43128139.074854
4.195000	 43257343.384854
4.200000	 43386804.697090
4.205000	 43516523.266357
4.210000	 43646499.347451
4.215000	 43776733.195167
4.220000	 43907225.064302
4.225000	 44037975.209651
4.230000	 44168983.886010
4.235000	 44300251.348173
4.240000	 44431777.850935
4.245000	 44563563.649094
4.250000	 44695608.997442
4.255000	 44827914.150776
4.260000	 44960479.363890
4.265000	 45093304.891578
4.270000	 45226390.988637
4.275000	 45359737.909860
4.280000	 45493345.910042
4.285000	 45627215.243978
4.290000	 45761346.166461
4.295000	 45895738.932287
4.300000	 46030393.796249
4.305000	 46165311.013142
4.310000	 46300490.837759
4.315000	 46435933.524895
4.320000	 46571639.329344
4.325000	 46707608.505898
4.330000	 46843841.309354
4.335000	 46980337.994502
4.340000	 47117098.816139
4.345000	 47254124.029056
4.350000	 47391413.888047
4.355000	 47528968.647906
4.360000	 47666788.563427
4.365000	 47804873.889401
4.370000	 47943224.880622
4.375000	 48081841.791884
4.380000	 48220724.877979
4.385000	 48359874.393700
4.390000	 48499290.593840
4.395000	 48638973.733191
4.400000	 48778924.066547
4.405000	 48919141.848700
4.410000	 49059627.334442
4.415000	 49200380.778566
4.420000	 49341402.435864
4.425000	 49482692.561129
4.430000	 49624251.409152
4.435000	 49766079.234726
4.440000	 49908176.292643
4.445000	 50050542.837695
4.450000	 50193179.124674
4.455000	 50336085.408371
4.460000	 50479261.943579
4.465000	 50622708.985089
4.470000	 50766426.787693
4.475000	 50910415.606183
4.480000	 51054675.695349
4.485000	 51199207.309984
4.490000	 51344010.704878
4.495000	 51489086.134824
4.500000	 51634433.854612
4.505000	 51780054.119033
4.510000	 51925947.182879
4.515000	 52072113.300940
4.520000	 52218552.728008
4.525000	 52365265.718874
4.530000	 52512252.528328
4.535000	 52659513.411161
4.540000	 52807048.622164
4.545000	 52954858.416127
4.550000	 53102943.047841
4.555000	 53251302.772097
4.560000	 53399937.843685
4.565000	 53548848.517395
4.570000	 53698035.048018
4.575000	 53847497.690344
4.580000	 53997236.699163
4.585000	 54147252.329266
4.590000	 54297544.835442
4.595000	 54448114.472482
4.600000	 54598961.495175
4.605000	 54750086.158311
4.610000	 54901488.716680
4.615000	 55053169.425073
4.620000	 55205128.538278
4.625000	 55357366.311085
4.630000	 55509882.998285
4.635000	 55662678.854665
4.640000	 55815754.135017
4.645000	 55969109.094129
4.650000	 56122743.986791
4.655000	 56276659.067792
4.660000	 56430854.591922
4.665000	 56585330.813969
4.670000	 56740087.988722
4.675000	 56895126.370972
4.680000	 57050446.215506
4.685000	 57206047.777114
4.690000	 57361931.310584
4.695000	 57518097.070706
4.700000	 57674545.312269
4.705000	 57831276.290061
4.710000	 57988290.258870
4.715000	 58145587.473486
4.720000	 58303168.188697
4.725000	 58461032.659292
4.730000	 58619181.140058
4.735000	 58777613.885785
4.740000	 58936331.151262
4.745000	 59095333.191275
4.750000	 59254620.260614
4.755000	 59414192.614066
4.760000	 59574050.506421
4.765000	 59734194.192465
4.770000	 59894623.926987
4.775000	 60055339.964776
4.780000	 60216342.560619
4.785000	 60377631.969303
4.790000	 60539208.445618
4.795000	 60701072.244350
4.800000	 60863223.620288
4.805000	 61025662.828219
4.810000	 61188390.122930
4.815000	 61351405.759210
4.820000	 61514709.991846
4.825000	 61678303.075626
4.830000	 61842185.265337
4.835000	 62006356.815766
4.840000	 62170817.981701
4.845000	 62335569.017929
4.850000	 62500610.179238
4.855000	 62665941.720414
4.860000	 62831563.896245
4.865000	 62997476.961518
4.870000	 63163681.171020
4.875000	 63330176.779539
4.880000	 63496964.041860
4.885000	 63664043.212772
4.890000	 63831414.547061
4.895000	 63999078.299513
4.900000	 64167034.724917
4.905000	 64335284.078058
4.910000	 64503826.613723
4.915000	 64672662.586699
4.920000	 64841792.251773
4.925000	 65011215.863731
4.930000	 65180933.677359
4.935000	 65350945.947445
4.940000	 65521252.928775
4.945000	 65691854.876135
4.950000	 65862752.044311
4.955000	 66033944.688091
4.960000	 66205433.062259
4.965000	 66377217.421603
4.970000	 66549298.020909
4.975000	 66721675.114962
4.980000	 66894348.958550
4.985000	 67067319.806458
4.990000	 67240587.913471
4.995000	 67414153.534377
5.000000	 67588016.923961
