NOAO/IRAF V2.16.1 juan@juan-UX303LA Sat 19:32:45 30-Jan-2016
Sensitivity function for aperture 1:
Fitting function is spline3 of order 20 with 21 points and RMS of 0.0043.
       Image Airmass  Points   Shift RMS Fit   Dev 1   Dev 2   Dev 3
int_spectrum.fits   1.225      21  0.0000  0.0042  0.0004 -0.0008  0.0004

  Lambda     Fit     Avg   Resid  SD Avg     N     Ext    Dext
 7800.00  33.371  33.371  0.0000  0.0000     1  0.0490  0.0000
 7850.00  33.415  33.415 -0.0000  0.0000     1  0.0494  0.0000
 7900.00  33.391  33.391  0.0001  0.0000     1  0.0503  0.0000
 7950.00  33.357  33.357 -0.0007  0.0000     1  0.0513  0.0000
 8000.00  33.341  33.344  0.0028  0.0000     1  0.0522  0.0000
 8050.00  33.331  33.325 -0.0061  0.0000     1  0.0528  0.0000
 8100.00  33.261  33.268  0.0068  0.0000     1  0.0530  0.0000
 8150.00  33.191  33.189 -0.0022  0.0000     1  0.0529  0.0000
 8200.00  33.195  33.191 -0.0042  0.0000     1  0.0527  0.0000
 8250.00  33.201  33.209  0.0073  0.0000     1  0.0524  0.0000
 8300.00  33.191  33.184 -0.0075  0.0000     1  0.0517  0.0000
 8350.00  33.200  33.207  0.0069  0.0000     1  0.0506  0.0000
 8400.00  33.209  33.205 -0.0038  0.0000     1  0.0488  0.0000
 8450.00  33.199  33.197 -0.0022  0.0000     1  0.0460  0.0000
 8500.00  33.174  33.181  0.0066  0.0000     1  0.0427  0.0000
 8550.00  33.149  33.143 -0.0059  0.0000     1  0.0392  0.0000
 8600.00  33.138  33.141  0.0028  0.0000     1  0.0358  0.0000
 8650.00  33.150  33.149 -0.0007  0.0000     1  0.0328  0.0000
 8700.00  33.173  33.173  0.0001  0.0000     1  0.0303  0.0000
 8750.00  33.197  33.197 -0.0000  0.0000     1  0.0286  0.0000
 8800.00  33.197  33.197  0.0000  0.0000     1  0.0275  0.0000

