7785.  3.932091E3	3.932091E4	0
7786.  4.020244E3       4.020244E4      0
7787.  4.110674E3       4.110674E4      0
7788.  3.844254E3       3.844254E4      0
7789.  3.932043E3       3.932043E4      0
7790.  4.042625E3       4.042625E4      0
7791.  3.685846E3       3.685846E4      0
7792.  3.753462E3       3.753462E4      0
7793.  3.769390E3       3.769390E4      0
7794.  3.798761E3       3.798761E4      0
7795.  3.792949E3       3.792949E4      0
7796.  3.788767E3       3.788767E4      0
7797.  3.987172E3       3.987172E4      0
7798.  3.940935E3       3.940935E4      0
7799.  3.973783E3       3.973783E4      0
7800.  4.018035E3       4.018035E4      0
7801.  3.914918E3       3.914918E4      0
7802.  3.775582E3       3.775582E4      0
7803.  3.748441E3       3.748441E4      0
7804.  3.755055E3       3.755055E4      0
7805.  3.694268E3       3.694268E4      0
7806.  3.747382E3       3.747382E4      0
7807.  3.698015E3       3.698015E4      0
7808.  3.769810E3       3.769810E4      0
7809.  3.900735E3       3.900735E4      0
7810.  3.731193E3       3.731193E4      0
7811.  3.786302E3       3.786302E4      0
7812.  3.736025E3       3.736025E4      0
7813.  3.651891E3       3.651891E4      0
7814.  3.795675E3       3.795675E4      0
7815.  3.784995E3       3.784995E4      0
7816.  3.699378E3       3.699378E4      0
7817.  3.663079E3       3.663079E4      0
7818.  3.726079E3       3.726079E4      0
7819.  3.833028E3       3.833028E4      0
7820.  3.750619E3       3.750619E4      0
7821.  3.781602E3       3.781602E4      0
7822.  3.661341E3       3.661341E4      0
7823.  3.606678E3       3.606678E4      0
7824.  3.758135E3       3.758135E4      0
7825.  3.749246E3       3.749246E4      0
7826.  3.822492E3       3.822492E4      0
7827.  3.838615E3       3.838615E4      0
7828.  3.789632E3       3.789632E4      0
7829.  3.668614E3       3.668614E4      0
7830.  3.815564E3       3.815564E4      0
7831.  3.853652E3       3.853652E4      0
7832.  3.775247E3       3.775247E4      0
7833.  3.704863E3       3.704863E4      0
7834.  3.668937E3       3.668937E4      0
7835.  3.815579E3       3.815579E4      0
7836.  3.837714E3       3.837714E4      0
7837.  3.607365E3       3.607365E4      0
7838.  3.744272E3       3.744272E4      0
7839.  3.824128E3       3.824128E4      0
7840.  3.741000E3       3.741000E4      0
7841.  3.859086E3       3.859086E4      0
7842.  3.788123E3       3.788123E4      0
7843.  3.667462E3       3.667462E4      0
7844.  3.863125E3       3.863125E4      0
7845.  3.764633E3       3.764633E4      0
7846.  3.811447E3       3.811447E4      0
7847.  3.810801E3       3.810801E4      0
7848.  3.594856E3       3.594856E4      0
7849.  3.709886E3       3.709886E4      0
7850.  3.771551E3       3.771551E4      0
7851.  3.785902E3       3.785902E4      0
7852.  3.667517E3       3.667517E4      0
7853.  3.710419E3       3.710419E4      0
7854.  3.843934E3       3.843934E4      0
7855.  3.627060E3       3.627060E4      0
7856.  3.551805E3       3.551805E4      0
7857.  3.690230E3       3.690230E4      0
7858.  3.909097E3       3.909097E4      0
7859.  3.762373E3       3.762373E4      0
7860.  3.838578E3       3.838578E4      0
7861.  3.833752E3       3.833752E4      0
7862.  3.760148E3       3.760148E4      0
7863.  3.765138E3       3.765138E4      0
7864.  3.626046E3       3.626046E4      0
7865.  3.782121E3       3.782121E4      0
7866.  3.633526E3       3.633526E4      0
7867.  3.834093E3       3.834093E4      0
7868.  3.797444E3       3.797444E4      0
7869.  3.785229E3       3.785229E4      0
7870.  3.784081E3       3.784081E4      0
7871.  3.807728E3       3.807728E4      0
7872.  3.808800E3       3.808800E4      0
7873.  3.697959E3       3.697959E4      0
7874.  3.782188E3       3.782188E4      0
7875.  3.787898E3       3.787898E4      0
7876.  3.796877E3       3.796877E4      0
7877.  3.758718E3       3.758718E4      0
7878.  3.690901E3       3.690901E4      0
7879.  3.665133E3       3.665133E4      0
7880.  3.898177E3       3.898177E4      0
7881.  3.792680E3       3.792680E4      0
7882.  3.777391E3       3.777391E4      0
7883.  3.591819E3       3.591819E4      0
7884.  3.736510E3       3.736510E4      0
7885.  3.711628E3       3.711628E4      0
7886.  3.871911E3       3.871911E4      0
7887.  3.836655E3       3.836655E4      0
7888.  3.669508E3       3.669508E4      0
7889.  3.800656E3       3.800656E4      0
7890.  3.696765E3       3.696765E4      0
7891.  3.723245E3       3.723245E4      0
7892.  3.721303E3       3.721303E4      0
7893.  3.607082E3       3.607082E4      0
7894.  3.819720E3       3.819720E4      0
7895.  3.740098E3       3.740098E4      0
7896.  3.750548E3       3.750548E4      0
7897.  3.641842E3       3.641842E4      0
7898.  3.717397E3       3.717397E4      0
7899.  3.682250E3       3.682250E4      0
7900.  3.712651E3       3.712651E4      0
7901.  3.632982E3       3.632982E4      0
7902.  3.646946E3       3.646946E4      0
7903.  3.790841E3       3.790841E4      0
7904.  3.822892E3       3.822892E4      0
7905.  3.695659E3       3.695659E4      0
7906.  3.774596E3       3.774596E4      0
7907.  3.589904E3       3.589904E4      0
7908.  3.657727E3       3.657727E4      0
7909.  3.541648E3       3.541648E4      0
7910.  3.709677E3       3.709677E4      0
7911.  3.668548E3       3.668548E4      0
7912.  3.628414E3       3.628414E4      0
7913.  3.724851E3       3.724851E4      0
7914.  3.794008E3       3.794008E4      0
7915.  3.797037E3       3.797037E4      0
7916.  3.605357E3       3.605357E4      0
7917.  3.684700E3       3.684700E4      0
7918.  3.609826E3       3.609826E4      0
7919.  3.673230E3       3.673230E4      0
7920.  3.569750E3       3.569750E4      0
7921.  3.582960E3       3.582960E4      0
7922.  3.677530E3       3.677530E4      0
7923.  3.617816E3       3.617816E4      0
7924.  3.691257E3       3.691257E4      0
7925.  3.819637E3       3.819637E4      0
7926.  3.658479E3       3.658479E4      0
7927.  3.648887E3       3.648887E4      0
7928.  3.657827E3       3.657827E4      0
7929.  3.737217E3       3.737217E4      0
7930.  3.641400E3       3.641400E4      0
7931.  3.562340E3       3.562340E4      0
7932.  3.692925E3       3.692925E4      0
7933.  3.776445E3       3.776445E4      0
7934.  3.826218E3       3.826218E4      0
7935.  3.761156E3       3.761156E4      0
7936.  3.875540E3       3.875540E4      0
7937.  3.915238E3       3.915238E4      0
7938.  3.652754E3       3.652754E4      0
7939.  3.705662E3       3.705662E4      0
7940.  3.704937E3       3.704937E4      0
7941.  3.551431E3       3.551431E4      0
7942.  3.507549E3       3.507549E4      0
7943.  3.575688E3       3.575688E4      0
7944.  3.754491E3       3.754491E4      0
7945.  3.547459E3       3.547459E4      0
7946.  3.670843E3       3.670843E4      0
7947.  3.717952E3       3.717952E4      0
7948.  3.663484E3       3.663484E4      0
7949.  3.581950E3       3.581950E4      0
7950.  3.587473E3       3.587473E4      0
7951.  3.652556E3       3.652556E4      0
7952.  3.703693E3       3.703693E4      0
7953.  3.653587E3       3.653587E4      0
7954.  3.825936E3       3.825936E4      0
7955.  3.689753E3       3.689753E4      0
7956.  3.621785E3       3.621785E4      0
7957.  3.484955E3       3.484955E4      0
7958.  3.520870E3       3.520870E4      0
7959.  3.547419E3       3.547419E4      0
7960.  3.654877E3       3.654877E4      0
7961.  3.532406E3       3.532406E4      0
7962.  3.560525E3       3.560525E4      0
7963.  3.550523E3       3.550523E4      0
7964.  3.760188E3       3.760188E4      0
7965.  3.709093E3       3.709093E4      0
7966.  3.585589E3       3.585589E4      0
7967.  3.560237E3       3.560237E4      0
7968.  3.637987E3       3.637987E4      0
7969.  3.608924E3       3.608924E4      0
7970.  3.801723E3       3.801723E4      0
7971.  3.669070E3       3.669070E4      0
7972.  3.665972E3       3.665972E4      0
7973.  3.694815E3       3.694815E4      0
7974.  3.699178E3       3.699178E4      0
7975.  3.660825E3       3.660825E4      0
7976.  3.638595E3       3.638595E4      0
7977.  3.806721E3       3.806721E4      0
7978.  3.677188E3       3.677188E4      0
7979.  3.781091E3       3.781091E4      0
7980.  3.728497E3       3.728497E4      0
7981.  3.581155E3       3.581155E4      0
7982.  3.720037E3       3.720037E4      0
7983.  3.632084E3       3.632084E4      0
7984.  3.645597E3       3.645597E4      0
7985.  3.716105E3       3.716105E4      0
7986.  3.747520E3       3.747520E4      0
7987.  3.646432E3       3.646432E4      0
7988.  3.702554E3       3.702554E4      0
7989.  3.807588E3       3.807588E4      0
7990.  3.712167E3       3.712167E4      0
7991.  3.675563E3       3.675563E4      0
7992.  3.525643E3       3.525643E4      0
7993.  3.567014E3       3.567014E4      0
7994.  3.495515E3       3.495515E4      0
7995.  3.686178E3       3.686178E4      0
7996.  3.497614E3       3.497614E4      0
7997.  3.596763E3       3.596763E4      0
7998.  3.684738E3       3.684738E4      0
7999.  3.600068E3       3.600068E4      0
8000.  3.518604E3       3.518604E4      0
8001.  3.650737E3       3.650737E4      0
8002.  3.779252E3       3.779252E4      0
8003.  3.705225E3       3.705225E4      0
8004.  3.640317E3       3.640317E4      0
8005.  3.453266E3       3.453266E4      0
8006.  3.642368E3       3.642368E4      0
8007.  3.461909E3       3.461909E4      0
8008.  3.539229E3       3.539229E4      0
8009.  3.642998E3       3.642998E4      0
8010.  3.502765E3       3.502765E4      0
8011.  3.638354E3       3.638354E4      0
8012.  3.569867E3       3.569867E4      0
8013.  3.675519E3       3.675519E4      0
8014.  3.417667E3       3.417667E4      0
8015.  3.641388E3       3.641388E4      0
8016.  3.734748E3       3.734748E4      0
8017.  3.607780E3       3.607780E4      0
8018.  3.499272E3       3.499272E4      0
8019.  3.639305E3       3.639305E4      0
8020.  3.697551E3       3.697551E4      0
8021.  3.571401E3       3.571401E4      0
8022.  3.759159E3       3.759159E4      0
8023.  3.537164E3       3.537164E4      0
8024.  3.545273E3       3.545273E4      0
8025.  3.690787E3       3.690787E4      0
8026.  3.690718E3       3.690718E4      0
8027.  3.603572E3       3.603572E4      0
8028.  3.605022E3       3.605022E4      0
8029.  3.671315E3       3.671315E4      0
8030.  3.659990E3       3.659990E4      0
8031.  3.576915E3       3.576915E4      0
8032.  3.537823E3       3.537823E4      0
8033.  3.581227E3       3.581227E4      0
8034.  3.484909E3       3.484909E4      0
8035.  3.590613E3       3.590613E4      0
8036.  3.472056E3       3.472056E4      0
8037.  3.536605E3       3.536605E4      0
8038.  3.639295E3       3.639295E4      0
8039.  3.693555E3       3.693555E4      0
8040.  3.747491E3       3.747491E4      0
8041.  3.589065E3       3.589065E4      0
8042.  3.543765E3       3.543765E4      0
8043.  3.657440E3       3.657440E4      0
8044.  3.843502E3       3.843502E4      0
8045.  3.705503E3       3.705503E4      0
8046.  3.675976E3       3.675976E4      0
8047.  3.599648E3       3.599648E4      0
8048.  3.697162E3       3.697162E4      0
8049.  3.629427E3       3.629427E4      0
8050.  3.658037E3       3.658037E4      0
8051.  3.479792E3       3.479792E4      0
8052.  3.255352E3       3.255352E4      0
8053.  3.540934E3       3.540934E4      0
8054.  3.514916E3       3.514916E4      0
8055.  3.318099E3       3.318099E4      0
8056.  3.451540E3       3.451540E4      0
8057.  3.441100E3       3.441100E4      0
8058.  3.595867E3       3.595867E4      0
8059.  3.585676E3       3.585676E4      0
8060.  3.473064E3       3.473064E4      0
8061.  3.623883E3       3.623883E4      0
8062.  3.514676E3       3.514676E4      0
8063.  3.629985E3       3.629985E4      0
8064.  3.589774E3       3.589774E4      0
8065.  3.563987E3       3.563987E4      0
8066.  3.459209E3       3.459209E4      0
8067.  3.522059E3       3.522059E4      0
8068.  3.645055E3       3.645055E4      0
8069.  3.716340E3       3.716340E4      0
8070.  3.593543E3       3.593543E4      0
8071.  3.461789E3       3.461789E4      0
8072.  3.560770E3       3.560770E4      0
8073.  3.583133E3       3.583133E4      0
8074.  3.561443E3       3.561443E4      0
8075.  3.505959E3       3.505959E4      0
8076.  3.507878E3       3.507878E4      0
8077.  3.454664E3       3.454664E4      0
8078.  3.707874E3       3.707874E4      0
8079.  3.586032E3       3.586032E4      0
8080.  3.487644E3       3.487644E4      0
8081.  3.587763E3       3.587763E4      0
8082.  3.709935E3       3.709935E4      0
8083.  3.637065E3       3.637065E4      0
8084.  3.555043E3       3.555043E4      0
8085.  3.490694E3       3.490694E4      0
8086.  3.478674E3       3.478674E4      0
8087.  3.619877E3       3.619877E4      0
8088.  3.617868E3       3.617868E4      0
8089.  3.600866E3       3.600866E4      0
8090.  3.637742E3       3.637742E4      0
8091.  3.654479E3       3.654479E4      0
8092.  3.457485E3       3.457485E4      0
8093.  3.599448E3       3.599448E4      0
8094.  3.735736E3       3.735736E4      0
8095.  3.512181E3       3.512181E4      0
8096.  3.642577E3       3.642577E4      0
8097.  3.468818E3       3.468818E4      0
8098.  3.479705E3       3.479705E4      0
8099.  3.611191E3       3.611191E4      0
8100.  3.645117E3       3.645117E4      0
8101.  3.588125E3       3.588125E4      0
8102.  3.549471E3       3.549471E4      0
8103.  3.677334E3       3.677334E4      0
8104.  3.565035E3       3.565035E4      0
8105.  3.481557E3       3.481557E4      0
8106.  3.512186E3       3.512186E4      0
8107.  3.472533E3       3.472533E4      0
8108.  3.744212E3       3.744212E4      0
8109.  3.462545E3       3.462545E4      0
8110.  3.566792E3       3.566792E4      0
8111.  3.557399E3       3.557399E4      0
8112.  3.549964E3       3.549964E4      0
8113.  3.548709E3       3.548709E4      0
8114.  3.659922E3       3.659922E4      0
8115.  3.537363E3       3.537363E4      0
8116.  3.514342E3       3.514342E4      0
8117.  3.516419E3       3.516419E4      0
8118.  3.469954E3       3.469954E4      0
8119.  3.492371E3       3.492371E4      0
8120.  3.517327E3       3.517327E4      0
8121.  3.465191E3       3.465191E4      0
8122.  3.651956E3       3.651956E4      0
8123.  3.710175E3       3.710175E4      0
8124.  3.679986E3       3.679986E4      0
8125.  3.543111E3       3.543111E4      0
8126.  3.524831E3       3.524831E4      0
8127.  3.581215E3       3.581215E4      0
8128.  3.540248E3       3.540248E4      0
8129.  3.386288E3       3.386288E4      0
8130.  3.350958E3       3.350958E4      0
8131.  3.414289E3       3.414289E4      0
8132.  3.030848E3       3.030848E4      0
8133.  3.201966E3       3.201966E4      0
8134.  3.548540E3       3.548540E4      0
8135.  3.442620E3       3.442620E4      0
8136.  3.412380E3       3.412380E4      0
8137.  3.351209E3       3.351209E4      0
8138.  3.405892E3       3.405892E4      0
8139.  3.301085E3       3.301085E4      0
8140.  3.282373E3       3.282373E4      0
8141.  3.574839E3       3.574839E4      0
8142.  3.502601E3       3.502601E4      0
8143.  3.495824E3       3.495824E4      0
8144.  3.242839E3       3.242839E4      0
8145.  3.309944E3       3.309944E4      0
8146.  3.348940E3       3.348940E4      0
8147.  3.404286E3       3.404286E4      0
8148.  3.159755E3       3.159755E4      0
8149.  3.138574E3       3.138574E4      0
8150.  3.216747E3       3.216747E4      0
8151.  3.284982E3       3.284982E4      0
8152.  3.347854E3       3.347854E4      0
8153.  3.123720E3       3.123720E4      0
8154.  3.309972E3       3.309972E4      0
8155.  3.321196E3       3.321196E4      0
8156.  3.293263E3       3.293263E4      0
8157.  3.264095E3       3.264095E4      0
8158.  3.269501E3       3.269501E4      0
8159.  3.133947E3       3.133947E4      0
8160.  3.124695E3       3.124695E4      0
8161.  3.045424E3       3.045424E4      0
8162.  3.135640E3       3.135640E4      0
8163.  3.016382E3       3.016382E4      0
8164.  3.107660E3       3.107660E4      0
8165.  3.321453E3       3.321453E4      0
8166.  3.153459E3       3.153459E4      0
8167.  3.281979E3       3.281979E4      0
8168.  3.337056E3       3.337056E4      0
8169.  3.247649E3       3.247649E4      0
8170.  3.475257E3       3.475257E4      0
8171.  3.449153E3       3.449153E4      0
8172.  3.330886E3       3.330886E4      0
8173.  3.185380E3       3.185380E4      0
8174.  3.079984E3       3.079984E4      0
8175.  3.187906E3       3.187906E4      0
8176.  2.909936E3       2.909936E4      0
8177.  2.884198E3       2.884198E4      0
8178.  3.049024E3       3.049024E4      0
8179.  3.264560E3       3.264560E4      0
8180.  3.346640E3       3.346640E4      0
8181.  3.419345E3       3.419345E4      0
8182.  3.388469E3       3.388469E4      0
8183.  3.414874E3       3.414874E4      0
8184.  3.428693E3       3.428693E4      0
8185.  3.138154E3       3.138154E4      0
8186.  3.138733E3       3.138733E4      0
8187.  3.197456E3       3.197456E4      0
8188.  3.169998E3       3.169998E4      0
8189.  3.133749E3       3.133749E4      0
8190.  3.267230E3       3.267230E4      0
8191.  3.165794E3       3.165794E4      0
8192.  3.193835E3       3.193835E4      0
8193.  3.400220E3       3.400220E4      0
8194.  3.135502E3       3.135502E4      0
8195.  3.221491E3       3.221491E4      0
8196.  3.241524E3       3.241524E4      0
8197.  3.118953E3       3.118953E4      0
8198.  3.244672E3       3.244672E4      0
8199.  3.271858E3       3.271858E4      0
8200.  3.327126E3       3.327126E4      0
8201.  3.411905E3       3.411905E4      0
8202.  3.405691E3       3.405691E4      0
8203.  3.438473E3       3.438473E4      0
8204.  3.719085E3       3.719085E4      0
8205.  3.587314E3       3.587314E4      0
8206.  3.461734E3       3.461734E4      0
8207.  3.332774E3       3.332774E4      0
8208.  3.559429E3       3.559429E4      0
8209.  3.259647E3       3.259647E4      0
8210.  3.362572E3       3.362572E4      0
8211.  3.327751E3       3.327751E4      0
8212.  3.552955E3       3.552955E4      0
8213.  3.404487E3       3.404487E4      0
8214.  3.410034E3       3.410034E4      0
8215.  3.412764E3       3.412764E4      0
8216.  3.283833E3       3.283833E4      0
8217.  3.266030E3       3.266030E4      0
8218.  3.533798E3       3.533798E4      0
8219.  3.521940E3       3.521940E4      0
8220.  3.400361E3       3.400361E4      0
8221.  3.263535E3       3.263535E4      0
8222.  3.022680E3       3.022680E4      0
8223.  2.842080E3       2.842080E4      0
8224.  2.823562E3       2.823562E4      0
8225.  2.613518E3       2.613518E4      0
8226.  2.315411E3       2.315411E4      0
8227.  2.449662E3       2.449662E4      0
8228.  2.669930E3       2.669930E4      0
8229.  2.910097E3       2.910097E4      0
8230.  2.955216E3       2.955216E4      0
8231.  3.098224E3       3.098224E4      0
8232.  3.206265E3       3.206265E4      0
8233.  3.496336E3       3.496336E4      0
8234.  3.339309E3       3.339309E4      0
8235.  3.340665E3       3.340665E4      0
8236.  3.486483E3       3.486483E4      0
8237.  3.432025E3       3.432025E4      0
8238.  3.260116E3       3.260116E4      0
8239.  3.232252E3       3.232252E4      0
8240.  3.480778E3       3.480778E4      0
8241.  3.305239E3       3.305239E4      0
8242.  3.225900E3       3.225900E4      0
8243.  3.565534E3       3.565534E4      0
8244.  3.671670E3       3.671670E4      0
8245.  3.609946E3       3.609946E4      0
8246.  3.699478E3       3.699478E4      0
8247.  3.544976E3       3.544976E4      0
8248.  3.354606E3       3.354606E4      0
8249.  3.462559E3       3.462559E4      0
8250.  3.548323E3       3.548323E4      0
8251.  3.402053E3       3.402053E4      0
8252.  3.302333E3       3.302333E4      0
8253.  3.308969E3       3.308969E4      0
8254.  3.254923E3       3.254923E4      0
8255.  3.291850E3       3.291850E4      0
8256.  3.390724E3       3.390724E4      0
8257.  3.634498E3       3.634498E4      0
8258.  3.375864E3       3.375864E4      0
8259.  3.509290E3       3.509290E4      0
8260.  3.493790E3       3.493790E4      0
8261.  3.432324E3       3.432324E4      0
8262.  3.372039E3       3.372039E4      0
8263.  3.439969E3       3.439969E4      0
8264.  3.718747E3       3.718747E4      0
8265.  3.518030E3       3.518030E4      0
8266.  3.414454E3       3.414454E4      0
8267.  3.411366E3       3.411366E4      0
8268.  3.394283E3       3.394283E4      0
8269.  3.336204E3       3.336204E4      0
8270.  3.232674E3       3.232674E4      0
8271.  3.325600E3       3.325600E4      0
8272.  3.323852E3       3.323852E4      0
8273.  3.108623E3       3.108623E4      0
8274.  3.382118E3       3.382118E4      0
8275.  3.201461E3       3.201461E4      0
8276.  3.178586E3       3.178586E4      0
8277.  3.291645E3       3.291645E4      0
8278.  3.119119E3       3.119119E4      0
8279.  3.033685E3       3.033685E4      0
8280.  3.229545E3       3.229545E4      0
8281.  3.163860E3       3.163860E4      0
8282.  3.378476E3       3.378476E4      0
8283.  3.308976E3       3.308976E4      0
8284.  3.167235E3       3.167235E4      0
8285.  3.181724E3       3.181724E4      0
8286.  3.171711E3       3.171711E4      0
8287.  3.159305E3       3.159305E4      0
8288.  3.323962E3       3.323962E4      0
8289.  3.149129E3       3.149129E4      0
8290.  3.411284E3       3.411284E4      0
8291.  3.279482E3       3.279482E4      0
8292.  3.295120E3       3.295120E4      0
8293.  3.353797E3       3.353797E4      0
8294.  3.452785E3       3.452785E4      0
8295.  3.464519E3       3.464519E4      0
8296.  3.139891E3       3.139891E4      0
8297.  3.295038E3       3.295038E4      0
8298.  3.508140E3       3.508140E4      0
8299.  3.084699E3       3.084699E4      0
8300.  3.017352E3       3.017352E4      0
8301.  3.156121E3       3.156121E4      0
8302.  3.234693E3       3.234693E4      0
8303.  2.955389E3       2.955389E4      0
8304.  3.240984E3       3.240984E4      0
8305.  3.482337E3       3.482337E4      0
8306.  3.299894E3       3.299894E4      0
8307.  3.622216E3       3.622216E4      0
8308.  3.442942E3       3.442942E4      0
8309.  3.326969E3       3.326969E4      0
8310.  3.333646E3       3.333646E4      0
8311.  3.166682E3       3.166682E4      0
8312.  3.138683E3       3.138683E4      0
8313.  3.218645E3       3.218645E4      0
8314.  3.294341E3       3.294341E4      0
8315.  3.317623E3       3.317623E4      0
8316.  3.039872E3       3.039872E4      0
8317.  3.349030E3       3.349030E4      0
8318.  3.231355E3       3.231355E4      0
8319.  3.055556E3       3.055556E4      0
8320.  3.181436E3       3.181436E4      0
8321.  3.621434E3       3.621434E4      0
8322.  3.467219E3       3.467219E4      0
8323.  3.222905E3       3.222905E4      0
8324.  3.050635E3       3.050635E4      0
8325.  3.444010E3       3.444010E4      0
8326.  3.466536E3       3.466536E4      0
8327.  3.363189E3       3.363189E4      0
8328.  3.274831E3       3.274831E4      0
8329.  3.247785E3       3.247785E4      0
8330.  3.280689E3       3.280689E4      0
8331.  3.420838E3       3.420838E4      0
8332.  3.237625E3       3.237625E4      0
8333.  3.130946E3       3.130946E4      0
8334.  3.256475E3       3.256475E4      0
8335.  3.346843E3       3.346843E4      0
8336.  3.219254E3       3.219254E4      0
8337.  3.328567E3       3.328567E4      0
8338.  3.308729E3       3.308729E4      0
8339.  3.506179E3       3.506179E4      0
8340.  3.545433E3       3.545433E4      0
8341.  3.405471E3       3.405471E4      0
8342.  3.579428E3       3.579428E4      0
8343.  3.617139E3       3.617139E4      0
8344.  3.540808E3       3.540808E4      0
8345.  3.485334E3       3.485334E4      0
8346.  3.430224E3       3.430224E4      0
8347.  3.292869E3       3.292869E4      0
8348.  3.353853E3       3.353853E4      0
8349.  3.557669E3       3.557669E4      0
8350.  3.174128E3       3.174128E4      0
8351.  3.097281E3       3.097281E4      0
8352.  3.303524E3       3.303524E4      0
8353.  3.412169E3       3.412169E4      0
8354.  3.260287E3       3.260287E4      0
8355.  3.234431E3       3.234431E4      0
8356.  3.409131E3       3.409131E4      0
8357.  3.190830E3       3.190830E4      0
8358.  3.323387E3       3.323387E4      0
8359.  3.291880E3       3.291880E4      0
8360.  3.452384E3       3.452384E4      0
8361.  3.409865E3       3.409865E4      0
8362.  3.285195E3       3.285195E4      0
8363.  3.138144E3       3.138144E4      0
8364.  3.347511E3       3.347511E4      0
8365.  3.440105E3       3.440105E4      0
8366.  3.486478E3       3.486478E4      0
8367.  3.353519E3       3.353519E4      0
8368.  3.363397E3       3.363397E4      0
8369.  3.311900E3       3.311900E4      0
8370.  3.310346E3       3.310346E4      0
8371.  3.310496E3       3.310496E4      0
8372.  3.243186E3       3.243186E4      0
8373.  3.370341E3       3.370341E4      0
8374.  3.160101E3       3.160101E4      0
8375.  3.053621E3       3.053621E4      0
8376.  3.142315E3       3.142315E4      0
8377.  3.287149E3       3.287149E4      0
8378.  3.370548E3       3.370548E4      0
8379.  3.454944E3       3.454944E4      0
8380.  3.396482E3       3.396482E4      0
8381.  3.554263E3       3.554263E4      0
8382.  3.431972E3       3.431972E4      0
8383.  3.373436E3       3.373436E4      0
8384.  3.243324E3       3.243324E4      0
8385.  3.308312E3       3.308312E4      0
8386.  3.485201E3       3.485201E4      0
8387.  3.376628E3       3.376628E4      0
8388.  3.320547E3       3.320547E4      0
8389.  3.416407E3       3.416407E4      0
8390.  3.307700E3       3.307700E4      0
8391.  3.245794E3       3.245794E4      0
8392.  3.316776E3       3.316776E4      0
8393.  3.162732E3       3.162732E4      0
8394.  3.073647E3       3.073647E4      0
8395.  3.305745E3       3.305745E4      0
8396.  3.270824E3       3.270824E4      0
8397.  3.341189E3       3.341189E4      0
8398.  3.250757E3       3.250757E4      0
8399.  3.247514E3       3.247514E4      0
8400.  3.145586E3       3.145586E4      0
8401.  3.353380E3       3.353380E4      0
8402.  3.176239E3       3.176239E4      0
8403.  3.295045E3       3.295045E4      0
8404.  3.308327E3       3.308327E4      0
8405.  3.442711E3       3.442711E4      0
8406.  3.361116E3       3.361116E4      0
8407.  3.371336E3       3.371336E4      0
8408.  3.442080E3       3.442080E4      0
8409.  3.268916E3       3.268916E4      0
8410.  3.362708E3       3.362708E4      0
8411.  3.207896E3       3.207896E4      0
8412.  3.156106E3       3.156106E4      0
8413.  3.185811E3       3.185811E4      0
8414.  3.100034E3       3.100034E4      0
8415.  3.280380E3       3.280380E4      0
8416.  3.335390E3       3.335390E4      0
8417.  3.264133E3       3.264133E4      0
8418.  3.488375E3       3.488375E4      0
8419.  3.431961E3       3.431961E4      0
8420.  3.426782E3       3.426782E4      0
8421.  3.154302E3       3.154302E4      0
8422.  3.284464E3       3.284464E4      0
8423.  3.365141E3       3.365141E4      0
8424.  3.475962E3       3.475962E4      0
8425.  3.418185E3       3.418185E4      0
8426.  3.373445E3       3.373445E4      0
8427.  3.325186E3       3.325186E4      0
8428.  3.205754E3       3.205754E4      0
8429.  3.107189E3       3.107189E4      0
8430.  3.205181E3       3.205181E4      0
8431.  3.388842E3       3.388842E4      0
8432.  3.341748E3       3.341748E4      0
8433.  3.458094E3       3.458094E4      0
8434.  3.269206E3       3.269206E4      0
8435.  3.257132E3       3.257132E4      0
8436.  3.168843E3       3.168843E4      0
8437.  3.285426E3       3.285426E4      0
8438.  3.370048E3       3.370048E4      0
8439.  2.973609E3       2.973609E4      0
8440.  3.185929E3       3.185929E4      0
8441.  3.089632E3       3.089632E4      0
8442.  3.256846E3       3.256846E4      0
8443.  3.208716E3       3.208716E4      0
8444.  3.165093E3       3.165093E4      0
8445.  3.302051E3       3.302051E4      0
8446.  3.237696E3       3.237696E4      0
8447.  3.500648E3       3.500648E4      0
8448.  3.398710E3       3.398710E4      0
8449.  3.347993E3       3.347993E4      0
8450.  3.411657E3       3.411657E4      0
8451.  3.162246E3       3.162246E4      0
8452.  3.345114E3       3.345114E4      0
8453.  3.406129E3       3.406129E4      0
8454.  3.438796E3       3.438796E4      0
8455.  3.305236E3       3.305236E4      0
8456.  3.257664E3       3.257664E4      0
8457.  3.325134E3       3.325134E4      0
8458.  3.137293E3       3.137293E4      0
8459.  3.290934E3       3.290934E4      0
8460.  3.033362E3       3.033362E4      0
8461.  3.379326E3       3.379326E4      0
8462.  3.309293E3       3.309293E4      0
8463.  3.242569E3       3.242569E4      0
8464.  3.301823E3       3.301823E4      0
8465.  3.170717E3       3.170717E4      0
8466.  3.341693E3       3.341693E4      0
8467.  3.379449E3       3.379449E4      0
8468.  3.417650E3       3.417650E4      0
8469.  3.212174E3       3.212174E4      0
8470.  3.251432E3       3.251432E4      0
8471.  3.385706E3       3.385706E4      0
8472.  3.332930E3       3.332930E4      0
8473.  3.129372E3       3.129372E4      0
8474.  3.383783E3       3.383783E4      0
8475.  3.393431E3       3.393431E4      0
8476.  3.340783E3       3.340783E4      0
8477.  3.267478E3       3.267478E4      0
8478.  3.394645E3       3.394645E4      0
8479.  3.342557E3       3.342557E4      0
8480.  3.215317E3       3.215317E4      0
8481.  3.115946E3       3.115946E4      0
8482.  3.263104E3       3.263104E4      0
8483.  3.280087E3       3.280087E4      0
8484.  3.237962E3       3.237962E4      0
8485.  3.128471E3       3.128471E4      0
8486.  3.206436E3       3.206436E4      0
8487.  3.174408E3       3.174408E4      0
8488.  3.176743E3       3.176743E4      0
8489.  3.129988E3       3.129988E4      0
8490.  2.958757E3       2.958757E4      0
8491.  3.285798E3       3.285798E4      0
8492.  3.396144E3       3.396144E4      0
8493.  3.284175E3       3.284175E4      0
8494.  3.299580E3       3.299580E4      0
8495.  3.415394E3       3.415394E4      0
8496.  3.553241E3       3.553241E4      0
8497.  3.272742E3       3.272742E4      0
8498.  3.185625E3       3.185625E4      0
8499.  3.100283E3       3.100283E4      0
8500.  3.067590E3       3.067590E4      0
8501.  2.822815E3       2.822815E4      0
8502.  2.614265E3       2.614265E4      0
8503.  2.699609E3       2.699609E4      0
8504.  3.029530E3       3.029530E4      0
8505.  3.198659E3       3.198659E4      0
8506.  3.183493E3       3.183493E4      0
8507.  3.119185E3       3.119185E4      0
8508.  3.146180E3       3.146180E4      0
8509.  3.185197E3       3.185197E4      0
8510.  3.313692E3       3.313692E4      0
8511.  3.395257E3       3.395257E4      0
8512.  3.400394E3       3.400394E4      0
8513.  3.229427E3       3.229427E4      0
8514.  3.343083E3       3.343083E4      0
8515.  3.345400E3       3.345400E4      0
8516.  3.261716E3       3.261716E4      0
8517.  3.511689E3       3.511689E4      0
8518.  3.145739E3       3.145739E4      0
8519.  3.119258E3       3.119258E4      0
8520.  3.358899E3       3.358899E4      0
8521.  3.254943E3       3.254943E4      0
8522.  3.299501E3       3.299501E4      0
8523.  3.426387E3       3.426387E4      0
8524.  3.287759E3       3.287759E4      0
8525.  3.190213E3       3.190213E4      0
8526.  3.442102E3       3.442102E4      0
8527.  3.287163E3       3.287163E4      0
8528.  3.326908E3       3.326908E4      0
8529.  3.324738E3       3.324738E4      0
8530.  3.270260E3       3.270260E4      0
8531.  3.204300E3       3.204300E4      0
8532.  2.986525E3       2.986525E4      0
8533.  3.123838E3       3.123838E4      0
8534.  3.300374E3       3.300374E4      0
8535.  3.205750E3       3.205750E4      0
8536.  3.132508E3       3.132508E4      0
8537.  3.195279E3       3.195279E4      0
8538.  3.371509E3       3.371509E4      0
8539.  3.011964E3       3.011964E4      0
8540.  3.022247E3       3.022247E4      0
8541.  2.887843E3       2.887843E4      0
8542.  2.909426E3       2.909426E4      0
8543.  2.533899E3       2.533899E4      0
8544.  2.147202E3       2.147202E4      0
8545.  2.139419E3       2.139419E4      0
8546.  2.141364E3       2.141364E4      0
8547.  2.227322E3       2.227322E4      0
8548.  2.379704E3       2.379704E4      0
8549.  2.732491E3       2.732491E4      0
8550.  2.994414E3       2.994414E4      0
8551.  3.012513E3       3.012513E4      0
8552.  3.036083E3       3.036083E4      0
8553.  3.269924E3       3.269924E4      0
8554.  3.209355E3       3.209355E4      0
8555.  3.432964E3       3.432964E4      0
8556.  3.188959E3       3.188959E4      0
8557.  3.159655E3       3.159655E4      0
8558.  3.187311E3       3.187311E4      0
8559.  3.361949E3       3.361949E4      0
8560.  3.172813E3       3.172813E4      0
8561.  3.111325E3       3.111325E4      0
8562.  3.244934E3       3.244934E4      0
8563.  3.393307E3       3.393307E4      0
8564.  3.264508E3       3.264508E4      0
8565.  3.055214E3       3.055214E4      0
8566.  3.248724E3       3.248724E4      0
8567.  3.156968E3       3.156968E4      0
8568.  3.243982E3       3.243982E4      0
8569.  3.274591E3       3.274591E4      0
8570.  3.419508E3       3.419508E4      0
8571.  3.275921E3       3.275921E4      0
8572.  3.214701E3       3.214701E4      0
8573.  3.309572E3       3.309572E4      0
8574.  3.328018E3       3.328018E4      0
8575.  3.335690E3       3.335690E4      0
8576.  3.311201E3       3.311201E4      0
8577.  3.554877E3       3.554877E4      0
8578.  3.190679E3       3.190679E4      0
8579.  3.155911E3       3.155911E4      0
8580.  3.322404E3       3.322404E4      0
8581.  3.406309E3       3.406309E4      0
8582.  3.320826E3       3.320826E4      0
8583.  3.138496E3       3.138496E4      0
8584.  3.152451E3       3.152451E4      0
8585.  3.282293E3       3.282293E4      0
8586.  3.160771E3       3.160771E4      0
8587.  3.127767E3       3.127767E4      0
8588.  3.192316E3       3.192316E4      0
8589.  3.188599E3       3.188599E4      0
8590.  3.245726E3       3.245726E4      0
8591.  3.220525E3       3.220525E4      0
8592.  3.187266E3       3.187266E4      0
8593.  3.237267E3       3.237267E4      0
8594.  3.111953E3       3.111953E4      0
8595.  3.334659E3       3.334659E4      0
8596.  3.311701E3       3.311701E4      0
8597.  3.100022E3       3.100022E4      0
8598.  3.044481E3       3.044481E4      0
8599.  3.215661E3       3.215661E4      0
8600.  3.235823E3       3.235823E4      0
8601.  3.327201E3       3.327201E4      0
8602.  3.118929E3       3.118929E4      0
8603.  3.173780E3       3.173780E4      0
8604.  3.153727E3       3.153727E4      0
8605.  3.042850E3       3.042850E4      0
8606.  3.080146E3       3.080146E4      0
8607.  3.287867E3       3.287867E4      0
8608.  3.455223E3       3.455223E4      0
8609.  3.271775E3       3.271775E4      0
8610.  3.109605E3       3.109605E4      0
8611.  3.272249E3       3.272249E4      0
8612.  3.103538E3       3.103538E4      0
8613.  3.089284E3       3.089284E4      0
8614.  2.963188E3       2.963188E4      0
8615.  3.311344E3       3.311344E4      0
8616.  3.173415E3       3.173415E4      0
8617.  3.088353E3       3.088353E4      0
8618.  3.104914E3       3.104914E4      0
8619.  3.045168E3       3.045168E4      0
8620.  3.024503E3       3.024503E4      0
8621.  2.925269E3       2.925269E4      0
8622.  2.993771E3       2.993771E4      0
8623.  3.034929E3       3.034929E4      0
8624.  3.071990E3       3.071990E4      0
8625.  3.255170E3       3.255170E4      0
8626.  3.139968E3       3.139968E4      0
8627.  3.076930E3       3.076930E4      0
8628.  3.303727E3       3.303727E4      0
8629.  3.148815E3       3.148815E4      0
8630.  3.372685E3       3.372685E4      0
8631.  3.153916E3       3.153916E4      0
8632.  3.178414E3       3.178414E4      0
8633.  3.397685E3       3.397685E4      0
8634.  3.229405E3       3.229405E4      0
8635.  3.237417E3       3.237417E4      0
8636.  3.145969E3       3.145969E4      0
8637.  2.946854E3       2.946854E4      0
8638.  3.115380E3       3.115380E4      0
8639.  3.181399E3       3.181399E4      0
8640.  3.140344E3       3.140344E4      0
8641.  3.417719E3       3.417719E4      0
8642.  3.309908E3       3.309908E4      0
8643.  3.112594E3       3.112594E4      0
8644.  3.162404E3       3.162404E4      0
8645.  3.255057E3       3.255057E4      0
8646.  3.078858E3       3.078858E4      0
8647.  3.243455E3       3.243455E4      0
8648.  3.091738E3       3.091738E4      0
8649.  3.117583E3       3.117583E4      0
8650.  3.139846E3       3.139846E4      0
8651.  2.954299E3       2.954299E4      0
8652.  3.095829E3       3.095829E4      0
8653.  3.018846E3       3.018846E4      0
8654.  3.166623E3       3.166623E4      0
8655.  3.093451E3       3.093451E4      0
8656.  2.953380E3       2.953380E4      0
8657.  3.167352E3       3.167352E4      0
8658.  3.005268E3       3.005268E4      0
8659.  3.271049E3       3.271049E4      0
8660.  3.254751E3       3.254751E4      0
8661.  3.196494E3       3.196494E4      0
8662.  3.092383E3       3.092383E4      0
8663.  2.910327E3       2.910327E4      0
8664.  2.518007E3       2.518007E4      0
8665.  2.353356E3       2.353356E4      0
8666.  2.345032E3       2.345032E4      0
8667.  2.465738E3       2.465738E4      0
8668.  2.570726E3       2.570726E4      0
8669.  2.406094E3       2.406094E4      0
8670.  2.877758E3       2.877758E4      0
8671.  2.853419E3       2.853419E4      0
8672.  2.975806E3       2.975806E4      0
8673.  3.139425E3       3.139425E4      0
8674.  3.019911E3       3.019911E4      0
8675.  3.199814E3       3.199814E4      0
8676.  2.856957E3       2.856957E4      0
8677.  3.130022E3       3.130022E4      0
8678.  3.039859E3       3.039859E4      0
8679.  3.230464E3       3.230464E4      0
8680.  3.182592E3       3.182592E4      0
8681.  3.241833E3       3.241833E4      0
8682.  3.182069E3       3.182069E4      0
8683.  3.102117E3       3.102117E4      0
8684.  3.082996E3       3.082996E4      0
8685.  3.222774E3       3.222774E4      0
8686.  3.064380E3       3.064380E4      0
8687.  3.071787E3       3.071787E4      0
8688.  3.014457E3       3.014457E4      0
8689.  2.965171E3       2.965171E4      0
8690.  3.203147E3       3.203147E4      0
8691.  3.100832E3       3.100832E4      0
8692.  3.144751E3       3.144751E4      0
8693.  3.096937E3       3.096937E4      0
8694.  3.075713E3       3.075713E4      0
8695.  2.983327E3       2.983327E4      0
8696.  3.151832E3       3.151832E4      0
8697.  3.104499E3       3.104499E4      0
8698.  3.243408E3       3.243408E4      0
8699.  3.022074E3       3.022074E4      0
8700.  3.192973E3       3.192973E4      0
8701.  2.971516E3       2.971516E4      0
8702.  3.232704E3       3.232704E4      0
8703.  3.090067E3       3.090067E4      0
8704.  3.080048E3       3.080048E4      0
8705.  3.143253E3       3.143253E4      0
8706.  3.108034E3       3.108034E4      0
8707.  3.110940E3       3.110940E4      0
8708.  3.103601E3       3.103601E4      0
8709.  3.128431E3       3.128431E4      0
8710.  2.962979E3       2.962979E4      0
8711.  3.175513E3       3.175513E4      0
8712.  3.074341E3       3.074341E4      0
8713.  2.947026E3       2.947026E4      0
8714.  3.094854E3       3.094854E4      0
8715.  3.160875E3       3.160875E4      0
8716.  3.272103E3       3.272103E4      0
8717.  3.135167E3       3.135167E4      0
8718.  3.010057E3       3.010057E4      0
8719.  3.107494E3       3.107494E4      0
8720.  3.095984E3       3.095984E4      0
8721.  3.026642E3       3.026642E4      0
8722.  2.923024E3       2.923024E4      0
8723.  3.183716E3       3.183716E4      0
8724.  3.125556E3       3.125556E4      0
8725.  3.109917E3       3.109917E4      0
8726.  3.239668E3       3.239668E4      0
8727.  3.222354E3       3.222354E4      0
8728.  3.117272E3       3.117272E4      0
8729.  3.228505E3       3.228505E4      0
8730.  3.198533E3       3.198533E4      0
8731.  3.004851E3       3.004851E4      0
8732.  3.157640E3       3.157640E4      0
8733.  3.141549E3       3.141549E4      0
8734.  2.990288E3       2.990288E4      0
8735.  3.034016E3       3.034016E4      0
8736.  2.931560E3       2.931560E4      0
8737.  3.026139E3       3.026139E4      0
8738.  3.010269E3       3.010269E4      0
8739.  2.987699E3       2.987699E4      0
8740.  3.227557E3       3.227557E4      0
8741.  3.123101E3       3.123101E4      0
8742.  3.196697E3       3.196697E4      0
8743.  3.121357E3       3.121357E4      0
8744.  3.187835E3       3.187835E4      0
8745.  3.182089E3       3.182089E4      0
8746.  2.899523E3       2.899523E4      0
8747.  3.017165E3       3.017165E4      0
8748.  3.193350E3       3.193350E4      0
8749.  3.308716E3       3.308716E4      0
8750.  3.126293E3       3.126293E4      0
8751.  3.013118E3       3.013118E4      0
8752.  3.008221E3       3.008221E4      0
8753.  3.100141E3       3.100141E4      0
8754.  3.157515E3       3.157515E4      0
8755.  3.067933E3       3.067933E4      0
8756.  2.983071E3       2.983071E4      0
8757.  2.938615E3       2.938615E4      0
8758.  2.816703E3       2.816703E4      0
8759.  3.063569E3       3.063569E4      0
8760.  3.173534E3       3.173534E4      0
8761.  2.978997E3       2.978997E4      0
8762.  2.957465E3       2.957465E4      0
8763.  3.087331E3       3.087331E4      0
8764.  2.968194E3       2.968194E4      0
8765.  3.001685E3       3.001685E4      0
8766.  3.126125E3       3.126125E4      0
8767.  3.113883E3       3.113883E4      0
8768.  3.296630E3       3.296630E4      0
8769.  3.137242E3       3.137242E4      0
8770.  3.004716E3       3.004716E4      0
8771.  2.850659E3       2.850659E4      0
8772.  2.742306E3       2.742306E4      0
8773.  2.924449E3       2.924449E4      0
8774.  2.872210E3       2.872210E4      0
8775.  2.864261E3       2.864261E4      0
8776.  3.010010E3       3.010010E4      0
8777.  3.009379E3       3.009379E4      0
8778.  2.891780E3       2.891780E4      0
8779.  3.022183E3       3.022183E4      0
8780.  2.917696E3       2.917696E4      0
8781.  2.914160E3       2.914160E4      0
8782.  2.980016E3       2.980016E4      0
8783.  2.889779E3       2.889779E4      0
8784.  3.043774E3       3.043774E4      0
8785.  2.923734E3       2.923734E4      0
8786.  2.853023E3       2.853023E4      0
8787.  2.884780E3       2.884780E4      0
8788.  2.948143E3       2.948143E4      0
8789.  2.939338E3       2.939338E4      0
8790.  2.967259E3       2.967259E4      0
8791.  2.942568E3       2.942568E4      0
8792.  2.971997E3       2.971997E4      0
8793.  2.806343E3       2.806343E4      0
8794.  3.015926E3       3.015926E4      0
8795.  2.873237E3       2.873237E4      0
8796.  2.987137E3       2.987137E4      0
8797.  3.048997E3       3.048997E4      0
8798.  3.016417E3       3.016417E4      0
8799.  3.055283E3       3.055283E4      0
8800.  3.014717E3       3.014717E4      0
8801.  3.227143E3       3.227143E4      0
8802.  2.927626E3       2.927626E4      0
8803.  3.001594E3       3.001594E4      0
8804.  3.275552E3       3.275552E4      0
8805.  3.134907E3       3.134907E4      0
8806.  3.169571E3       3.169571E4      0
8807.  3.104768E3       3.104768E4      0
8808.  3.231382E3       3.231382E4      0
8809.  3.241477E3       3.241477E4      0
8810.  3.161138E3       3.161138E4      0
8811.  3.182516E3       3.182516E4      0
8812.  3.199681E3       3.199681E4      0
8813.  3.027174E3       3.027174E4      0
8814.  3.043208E3       3.043208E4      0
8815.  3.081841E3       3.081841E4      0
8816.  3.383756E3       3.383756E4      0
8817.  3.402097E3       3.402097E4      0
8818.  3.248501E3       3.248501E4      0
8819.  3.328228E3       3.328228E4      0
8820.  3.606178E3       3.606178E4      0
8821.  3.581441E3       3.581441E4      0
8822.  3.455614E3       3.455614E4      0