1149.51 1.5e17			
1156.60 1.5e17
1777.94 1.5e17
1831.25 1.5e17
1036.78 1.5e17
1805.59 1.5e17
1097.48 1.5e17
1179.58 1.5e17
939.10  1.5e17
912.49  1.5e17
1079.12 1.5e17
1131.89 1.5e17
1058.58 1.5e17
1132.67 1.5e17
1112.24 1.5e17
1183.89 1.5e17
1168.37 1.5e17
1151.87 1.5e17
1000.85 1.5e17
1079.77 1.5e17
1123.87 1.5e17
1064.53 1.5e17
990.11  1.5e17
1070.59 1.5e17
1114.68 1.5e17
1111.19 1.5e17
1021.69 1.5e17
1118.86 1.5e17
1133.09 1.5e17
1142.68 1.5e17
1162.71 1.5e17
1113.09 1.5e17
1014.92 1.5e17
1101.37 1.5e17
1121.41 1.5e17
1147.58 1.5e17
1199.90 1.5e17
1121.13 1.5e17
1112.51 1.5e17
1117.42 1.5e17
1122.47 1.5e17
1072.45 1.5e17
1150.37 1.5e17
1148.28 1.5e17
1165.81 1.5e17
1165.20 1.5e17
1171.74 1.5e17
1141.39 1.5e17
1052.47 1.5e17
1101.61 1.5e17
1031.97 1.5e17
1172.88 1.5e17
1175.99 1.5e17
1027.93 1.5e17
1185.93 1.5e17
1191.51 1.5e17
1151.02 1.5e17
1146.98 1.5e17
1245.98 1.5e17
1761.43 1.5e17
1763.03 1.5e17
1722.40 1.5e17
1760.58 1.5e17