1097.83 1.5e17			
1049.82 1.5e17
1481.18 1.5e17
1511.07 1.5e17
1771.93 1.5e17
1741.68 1.5e17
1019.63 1.5e17
1058.01 1.5e17
923.49  1.5e17
844.40  1.5e17
968.37  1.5e17
982.34  1.5e17
917.77  1.5e17
1004.93 1.5e17
1011.29 1.5e17
1126.23 1.5e17
1108.89 1.5e17
1091.27 1.5e17
1924.88 1.5e17
955.90  1.5e17
1027.72 1.5e17
962.28  1.5e17
866.78  1.5e17
901.54  1.5e17
988.92  1.5e17
973.89  1.5e17
936.11  1.5e17
1010.93 1.5e17
1030.99 1.5e17
1064.12 1.5e17
1125.31 1.5e17
1020.61 1.5e17
1191.34 1.5e17
997.63  1.5e17
1014.57 1.5e17
998.09  1.5e17
1111.33 1.5e17
1268.32 1.5e17
1034.88 1.5e17
1034.28 1.5e17
1037.05 1.5e17
985.94  1.5e17
1040.05 1.5e17
1037.60 1.5e17
1060.92 1.5e17
1065.05 1.5e17
1069.09 1.5e17
1044.87 1.5e17
954.78  1.5e17
1020.44 1.5e17
973.36  1.5e17
1082.93 1.5e17
1081.62 1.5e17
930.28  1.5e17
1126.26 1.5e17
1150.39 1.5e17
1078.22 1.5e17
1087.00 1.5e17
1288.60 1.5e17
1451.17 1.5e17
2487.75 1.5e17
2338.80 1.5e17
969.07  1.5e17