1165.42 1.5e17			
1064.95 1.5e17
1315.72 1.5e17
1346.33 1.5e17
1791.06 1.5e17
1759.45 1.5e17
1022.53 1.5e17
1027.05 1.5e17
832.74  1.5e17
2614.79 1.5e17
2025.48 1.5e17
919.04  1.5e17
895.62  1.5e17
989.64  1.5e17
1011.08 1.5e17
1114.61 1.5e17
1097.40 1.5e17
1097.10 1.5e17
2028.91 1.5e17
2804.57 1.5e17
1007.71 1.5e17
964.58  1.5e17
863.68  1.5e17
905.88  1.5e17
977.20  1.5e17
934.23  1.5e17
878.64  1.5e17
971.90  1.5e17
994.80  1.5e17
1051.04 1.5e17
1046.52 1.5e17
1006.68 1.5e17
1210.56 1.5e17
979.06  1.5e17
1005.67 1.5e17
1078.86 1.5e17
1100.40 1.5e17
1192.65 1.5e17
1029.97 1.5e17
1004.89 1.5e17
1012.92 1.5e17
953.94  1.5e17
1043.07 1.5e17
1043.15 1.5e17
1063.49 1.5e17
1059.27 1.5e17
1073.11 1.5e17
1050.08 1.5e17
872.49  1.5e17
1011.83 1.5e17
947.42  1.5e17
1079.84 1.5e17
1094.01 1.5e17
883.85  1.5e17
1123.15 1.5e17
1103.86 1.5e17
1097.80 1.5e17
1106.23 1.5e17
1202.24 1.5e17
2879.84 1.5e17
3076.68 1.5e17
2838.74 1.5e17
1807.91 1.5e17