201.81686	-47.59584	247.377	    0.226
201.97864	-47.58834	237.910     0.382
201.84398	-47.58797	258.894     0.455
201.82367	-47.57775	234.816     0.197
201.83088	-47.57697	239.967     0.781
201.86429	-47.57538	243.917     0.464
201.85092	-47.57241	237.596     0.949
201.92870	-47.57214	240.699     0.190
201.87636	-47.57052	242.500     0.539
201.90458	-47.56882	221.441     0.317
201.86038	-47.56709	236.577     0.628
201.82383	-47.56248	248.503     0.368
201.97625	-47.55429	240.667     0.354
201.83155	-47.55249	266.350     0.167
201.88523	-47.55208	254.858     0.122
201.81850	-47.54905	248.690     0.401
201.84058	-47.54850	257.947     0.087
201.92044	-47.54116	215.622     0.419
201.87329	-47.53890	235.071     0.640
201.83370	-47.53497	232.576     0.231
201.83452	-47.53410	242.982     0.278
201.89233	-47.53270	240.677     0.261
201.84120	-47.52330	257.368     0.186
201.81717	-47.52238	230.824     0.235
201.88969	-47.52212	240.192     0.356
201.87586	-47.52057	244.288     0.636
201.93998	-47.51807	249.931     0.135
201.81738	-47.51784	223.791     0.483
201.85831	-47.51654	261.424     0.214
201.82291	-47.51654	252.150     0.172
201.84634	-47.51492	238.777     0.543
201.84883	-47.51466	241.875     0.476
201.90303	-47.51419	240.974     0.488
201.82783	-47.51408	220.446     0.309
201.85010	-47.51380	235.133     0.415
201.86590	-47.51226	235.835     0.794
201.82817	-47.51176	247.415     0.407
201.80921	-47.51075	244.302     0.357
201.86066	-47.50892	241.779     0.638
201.97194	-47.50745	248.064     0.394
201.83384	-47.50767	266.859     0.166
201.93308	-47.50672	252.915     0.408
201.84287	-47.50608	252.519     0.069
201.82117	-47.50610	227.204     0.282
201.86268	-47.50579	232.374     0.250
201.81601	-47.50451	256.597     1.139
201.86752	-47.50401	250.066     0.528
201.83053	-47.49926	243.315     1.384
201.88196	-47.49815	227.203     0.121
201.89427	-47.49624	240.745     0.214
201.83738	-47.49594	228.693     0.349
201.80755	-47.49449	233.153     0.274
201.83461	-47.49347	239.737     0.276
201.88001	-47.49237	239.216     0.185
201.90229	-47.48950	229.547     0.599
201.87631	-47.48934	239.721     0.162
201.84920	-47.48671	234.021     0.066
201.94127	-47.48590	241.009     0.961
201.85994	-47.48007	254.544     0.575
201.87586	-47.47959	248.454     0.228
201.80691	-47.47966	204.784     0.678
201.85413	-47.47918	256.435     0.263
201.92393	-47.47774	241.799     0.619
201.81363	-47.47746	241.553     0.351
201.89409	-47.47622	249.371     0.507
201.89978	-47.47616	235.945     0.214
201.80981	-47.47474	255.233     0.318
201.93749	-47.47421	248.863     0.508
201.88374	-47.47293	241.963     0.403
201.82862	-47.47190	225.344     0.812
201.84828	-47.46860	234.608     0.846
201.88722	-47.46656	241.707     0.587
201.85495	-47.46623	236.595     0.986
201.81601	-47.46516	239.232     0.913
201.88768	-47.46290	256.709     0.367
201.80489	-47.46115	225.014     0.615
201.87986	-47.45929	242.053     0.156
201.80509	-47.45571	262.213     0.198
201.94347	-47.45421	239.022     0.526
201.80604	-47.45404	234.002     0.094
201.84954	-47.44583	235.521     0.490
201.80605	-47.44556	221.159     0.148
201.82390	-47.44552	220.635     0.737
201.98574	-47.44128	233.487     0.826
201.81381	-47.44066	239.854     0.426
201.86069	-47.43983	227.067     0.220
201.88776	-47.43659	240.030     0.769
201.92595	-47.43347	228.911     0.527
201.93437	-47.43197	249.129     0.204
201.83954	-47.43187	239.491     0.965
201.88476	-47.43141	250.065     0.267
201.81803	-47.43052	212.628     0.391
201.81492	-47.43005	229.826     0.093
201.81853	-47.42999	233.229     0.219
201.86190	-47.42828	240.175     0.230
201.86991	-47.42751	225.344     0.057
201.83821	-47.42440	242.482     0.124
201.94361	-47.42367	251.537     0.281
201.84578	-47.42179	232.101     0.438
201.90733	-47.42142	248.482     1.301
201.90067	-47.41921	235.041     0.222
201.81436	-47.41899	224.626     0.427
201.93477	-47.41855	252.652     0.294
201.84969	-47.40951	224.925     0.538
201.90952	-47.40681	244.763     0.221
201.88063	-47.40412	243.792     1.433
201.90041	-47.40054	232.321     0.444
201.84986	-47.39813	233.439     0.252
201.81071	-47.39746	235.836     0.827
201.88831	-47.39644	227.571     1.105
201.82471	-47.38924	236.734     0.263
201.91946	-47.38852	233.624     0.207
201.86307	-47.38062	222.722     0.366
201.89036	-47.37886	232.064     0.618
201.93759	-47.37778	232.284     0.220
201.90436	-47.37572	229.903     0.650
201.84490	-47.36546	237.053     0.267
201.87043	-47.36085	246.178     0.863
201.90291	-47.35418	248.718     0.193
201.66700	-47.60256	245.139     0.749
201.69281	-47.60028	233.874     0.339
201.59188	-47.59868	246.869     0.079
201.63824	-47.59580	240.979     0.360
201.61116	-47.59133	222.583     0.420
201.61702	-47.59026	224.707     0.422
201.73300	-47.58848	246.026     0.440
201.68418	-47.58848	236.973     0.280
201.66370	-47.58827	237.552     0.279
201.74597	-47.58747	229.938     0.658
201.70301	-47.58724	238.067     0.356
201.75907	-47.58690	244.560     0.428
201.75717	-47.58590	231.272     0.338
201.71356	-47.58559	241.869     0.338
201.73181	-47.58485	225.883     0.452
201.65578	-47.58459	226.642     0.629
201.76196	-47.58086	241.236     0.261
201.69769	-47.57919	214.899     0.403
201.60270	-47.57928	235.012     0.266
201.71775	-47.57755	228.726     0.565
201.76763	-47.57723	231.647     0.067
201.63859	-47.57742	223.022     0.179
201.65023	-47.57686	256.480     0.364
201.72529	-47.57522	215.791     0.275
201.68461	-47.57428	239.518     0.301
201.62719	-47.57435	224.726     0.874
201.72434	-47.57343	208.049     0.281
201.73159	-47.57311	215.064     0.412
201.75512	-47.57257	238.400     1.312
201.68378	-47.57216	254.786     0.052
201.69693	-47.57001	228.337     1.256
201.64528	-47.56968	234.353     1.472
201.67679	-47.56945	221.160     0.377
201.60251	-47.56947	209.384     0.470
201.77264	-47.56807	249.544     0.329
201.73121	-47.56739	226.218     0.067
201.75152	-47.56479	237.532     0.231
201.70549	-47.56408	229.803     0.841
201.61724	-47.56361	236.270     0.437
201.77340	-47.56271	234.837     0.441
201.65540	-47.56287	223.536     0.653
201.74397	-47.56251	248.909     0.861
201.71431	-47.56176	234.321     0.156
201.76863	-47.55934	223.455     0.345
201.68996	-47.55925	221.507     0.506
201.77137	-47.55882	254.038     0.191
201.69847	-47.55869	224.422     0.494
201.73449	-47.55849	237.642     0.467
201.63373	-47.55863	228.454     0.563
201.77531	-47.55751	242.757     0.497
201.75336	-47.55722	237.769     0.217
201.67383	-47.55550	229.967     0.113
201.68308	-47.55505	215.554     0.535
201.61864	-47.55506	242.160     0.429
201.70785	-47.55326	249.610     0.171
201.66964	-47.55210	214.913     0.383
201.78300	-47.55179	225.198     0.077
201.76083	-47.55169	232.276     0.382
201.71166	-47.55097	228.192     0.730
201.66985	-47.54969	235.286     0.431
201.68085	-47.54927	241.413     0.222
201.70255	-47.54912	231.339     0.382
201.65319	-47.54871	227.533     0.235
201.65918	-47.54726	252.903     0.492
201.67093	-47.54712	240.982     0.884
201.62542	-47.54692	220.612     0.053
201.70106	-47.54474	234.882     0.818
201.64275	-47.54394	221.682     0.643
201.74299	-47.54363	248.807     0.245
201.61239	-47.54352	215.195     0.382
201.67006	-47.54286	225.109     1.420
201.75512	-47.54232	235.240     1.211
201.65363	-47.54078	219.655     0.131
201.65497	-47.54059	243.119     0.209
201.62244	-47.54041	227.943     1.346
201.74489	-47.53942	252.305     0.782
201.72295	-47.53927	229.106     0.474
201.69151	-47.53932	237.952     0.278
201.63708	-47.53855	228.114     0.546
201.63525	-47.53772	217.819     0.194
201.78290	-47.53716	214.133     0.398
201.74344	-47.53725	257.459     0.632
201.69824	-47.53678	225.368     0.072
201.67998	-47.53669	214.824     0.315
201.71899	-47.53577	239.211     0.551
201.75156	-47.53438	251.658     0.288
201.63250	-47.53457	256.561     1.005
201.72791	-47.53427	258.176     0.346
201.61999	-47.53403	237.540     0.223
201.67204	-47.53312	233.216     0.230
201.72316	-47.53278	223.609     1.145
201.68976	-47.53248	215.352     0.388
201.77883	-47.53184	228.805     0.474
201.70267	-47.53186	250.269     0.543
201.78526	-47.53029	247.590     0.388
201.70741	-47.52930	247.297     0.604
201.61536	-47.52936	235.517     0.276
201.67162	-47.52882	218.296     0.328
201.62405	-47.52883	231.609     0.119
201.73748	-47.52862	259.610     0.306
201.77460	-47.52844	237.879     0.234
201.71220	-47.52843	232.104     0.164
201.63319	-47.52853	227.706     1.203
201.73681	-47.52794	258.246     0.537
201.69258	-47.52794	238.150     0.204
201.72696	-47.52772	220.440     0.309
201.78771	-47.52740	260.459     0.308
201.68277	-47.52595	231.810     0.874
201.74289	-47.52561	240.731     0.643
201.63337	-47.52570	219.225     1.337
201.74631	-47.52541	241.769     0.434
201.69224	-47.52512	238.674     0.706
201.75998	-47.52424	257.634     0.069
201.65752	-47.52439	253.590     0.733
201.65132	-47.52300	223.598     0.185
201.71592	-47.52270	244.251     1.384
201.72785	-47.52223	230.873     0.025
201.68477	-47.52241	230.902     0.427
201.72081	-47.52193	236.970     0.364
201.71401	-47.52197	249.356     0.799
201.67895	-47.52113	205.438     0.742
201.73545	-47.51949	222.208     0.154
201.62197	-47.51919	238.670     1.093
201.77693	-47.51881	255.794     0.115
201.75945	-47.51858	240.562     1.002
201.66605	-47.51855	230.827     1.098
201.77364	-47.51797	242.280     0.955
201.76025	-47.51733	248.432     0.432
201.63784	-47.51666	213.977     0.569
201.66787	-47.51659	224.253     0.500
201.60079	-47.51605	232.024     0.575
201.63445	-47.51555	228.441     1.654
201.69913	-47.51507	247.199     0.085
201.65067	-47.51472	207.299     0.375
201.73215	-47.51452	218.176     0.462
201.67088	-47.51443	244.396     1.360
201.68724	-47.51435	212.599     1.037
201.65349	-47.51381	255.083     1.237
201.70863	-47.51360	233.709     0.405
201.65059	-47.51324	249.683     1.227
201.66447	-47.51304	215.040     0.292
201.74420	-47.51192	249.060     0.721
201.60940	-47.51198	232.824     0.397
201.65220	-47.51147	204.795     0.191
201.71476	-47.51088	201.048     0.663
201.60904	-47.51060	234.704     0.346
201.67078	-47.51027	230.852     0.915
201.63304	-47.51029	239.298     0.211
201.69211	-47.51002	206.286     0.156
201.67385	-47.50973	243.344     0.285
201.65176	-47.50884	240.024     0.875
201.76861	-47.50774	249.468     1.211
201.60651	-47.50779	206.708     0.328
201.76487	-47.50745	223.802     0.801
201.63047	-47.50741	240.316     0.922
201.68893	-47.50708	244.999     0.480
201.71954	-47.50682	239.849     1.195
201.73738	-47.50678	226.996     0.552
201.64345	-47.50677	235.370     0.810
201.73853	-47.50653	219.045     0.489
201.64892	-47.50637	241.896     0.284
201.75042	-47.50613	265.500     0.267
201.78692	-47.50603	256.737     0.363
201.65318	-47.50621	202.892     0.085
201.65853	-47.50608	229.078     0.263
201.78229	-47.50482	257.550     0.300
201.63877	-47.50480	206.778     0.551
201.72893	-47.50410	221.593     0.359
201.60850	-47.50371	234.374     0.806
201.67262	-47.50345	211.837     0.256
201.70175	-47.50290	200.932     0.175
201.75489	-47.50168	237.652     0.480
201.71045	-47.50028	236.118     0.388
201.70092	-47.49966	206.111     0.465
201.68913	-47.49969	222.553     0.194
201.60187	-47.49938	216.147     0.676
201.61172	-47.49908	228.488     0.377
201.60771	-47.49820	217.589     0.452
201.74627	-47.49712	225.040     0.822
201.60515	-47.49737	212.067     0.648
201.73938	-47.49703	243.285     1.178
201.67489	-47.49701	275.658     0.578
201.65775	-47.49682	227.578     0.207
201.68844	-47.49594	248.249     0.900
201.72258	-47.49572	232.944     0.155
201.73373	-47.49359	230.837     0.143
201.73943	-47.49296	238.740     0.438
201.61030	-47.49304	231.521     0.613
201.65641	-47.49286	251.484     0.147
201.70041	-47.49194	271.433     1.095
201.71859	-47.49189	210.106     0.032
201.78289	-47.49137	232.554     0.281
201.66030	-47.49149	238.428     0.122
201.64337	-47.49123	223.270     1.099
201.67479	-47.49119	211.508     0.170
201.61427	-47.49087	225.216     0.531
201.59636	-47.49036	219.399     0.131
201.68472	-47.49001	226.713     0.982
201.61226	-47.48931	215.528     0.488
201.66041	-47.48923	232.168     0.945
201.67809	-47.48871	223.631     0.617
201.63995	-47.48853	239.921     0.826
201.61185	-47.48826	211.575     0.562
201.66551	-47.48779	230.978     0.332
201.73474	-47.48754	249.723     0.466
201.61732	-47.48773	245.269     0.210
201.61969	-47.48749	236.605     0.031
201.64884	-47.48632	206.127     0.258
201.72516	-47.48481	248.822     0.412
201.68700	-47.48448	209.910     0.793
201.66223	-47.48386	243.144     0.926
201.60456	-47.48331	225.943     0.381
201.60177	-47.48300	238.260     0.580
201.69224	-47.48244	217.863     0.166
201.66055	-47.48210	242.439     0.557
201.73352	-47.48189	229.804     0.540
201.67533	-47.48115	228.063     0.573
201.67220	-47.48101	225.213     0.340
201.60477	-47.48052	246.576     0.359
201.78011	-47.47929	222.881     0.375
201.74680	-47.47780	260.551     0.311
201.69298	-47.47763	248.998     1.719
201.71761	-47.47731	246.095     1.416
201.66872	-47.47689	250.783     1.213
201.75249	-47.47605	225.788     1.494
201.66649	-47.47605	236.050     0.528
201.74995	-47.47590	260.083     0.378
201.74155	-47.47537	256.509     1.064
201.68014	-47.47549	223.166     0.306
201.65531	-47.47521	249.444     0.155
201.61377	-47.47512	228.801     0.458
201.78309	-47.47443	228.941     0.742
201.67134	-47.47441	214.236     0.478
201.77611	-47.47296	252.652     0.391
201.76863	-47.47081	210.249     0.434
201.65207	-47.47091	247.611     0.318
201.73037	-47.47060	240.083     1.025
201.77235	-47.47016	256.781     0.336
201.64935	-47.47014	238.393     0.897
201.75146	-47.46895	252.005     0.737
201.63433	-47.46914	226.913     0.295
201.74863	-47.46866	245.469     1.157
201.65739	-47.46726	232.507     0.575
201.66555	-47.46369	260.685     0.935
201.67842	-47.46319	237.931     0.306
201.71325	-47.46238	215.152     0.511
201.71520	-47.46182	246.804     0.510
201.68280	-47.46172	224.558     1.652
201.70459	-47.46167	206.639     0.246
201.67073	-47.46148	212.467     0.323
201.75134	-47.46130	226.987     1.487
201.68284	-47.46130	225.776     1.448
201.76429	-47.46060	238.804     0.553
201.66509	-47.46011	224.536     1.838
201.63030	-47.45996	218.479     0.616
201.78176	-47.45909	237.301     0.514
201.64001	-47.45909	200.003     0.520
201.67150	-47.45893	216.574     0.484
201.63587	-47.45847	234.850     0.258
201.75237	-47.45818	225.898     0.881
201.70385	-47.45775	229.475     1.596
201.73748	-47.45755	233.693     0.919
201.65437	-47.45710	235.783     0.536
201.67100	-47.45683	236.531     1.305
201.64852	-47.45503	229.908     0.238
201.71292	-47.45400	221.229     0.399
201.63413	-47.45323	218.917     0.295
201.75256	-47.45282	242.293     1.000
201.75317	-47.45255	212.391     0.177
201.60119	-47.45246	249.394     0.526
201.77468	-47.45082	240.443     0.389
201.68896	-47.45089	207.568     1.113
201.69536	-47.45054	238.530     0.646
201.74845	-47.45021	249.925     0.249
201.72793	-47.44924	216.778     1.160
201.63971	-47.44910	219.814     1.309
201.70454	-47.44857	261.230     0.341
201.68418	-47.44862	213.254     0.036
201.62333	-47.44867	233.842     0.405
201.66790	-47.44827	219.433     0.138
201.73669	-47.44745	250.375     0.318
201.70331	-47.44693	214.068     0.341
201.66248	-47.44625	251.658     0.233
201.69116	-47.44547	227.476     0.836
201.76488	-47.44406	236.221     0.303
201.70916	-47.44411	239.969     0.351
201.67955	-47.44405	219.291     0.338
201.73972	-47.44398	222.082     0.082
201.64803	-47.44400	232.637     0.467
201.63245	-47.44391	224.108     0.130
201.69176	-47.44286	200.603     0.356
201.71687	-47.44262	217.162     0.125
201.61652	-47.44272	203.993     0.066
201.63250	-47.44255	241.619     0.155
201.65010	-47.44167	229.819     0.544
201.72809	-47.44119	243.850     0.985
201.68211	-47.44085	230.353     0.280
201.71140	-47.44078	236.545     0.095
201.72694	-47.44002	261.153     0.419
201.64222	-47.43914	246.986     1.656
201.67314	-47.43869	216.755     0.227
201.74808	-47.43848	219.787     0.184
201.71269	-47.43784	238.577     0.535
201.63478	-47.43690	254.281     0.331
201.77034	-47.43624	224.309     0.229
201.66880	-47.43625	220.985     0.560
201.67587	-47.43307	228.787     0.772
201.71755	-47.43268	240.328     0.614
201.65613	-47.43086	222.281     1.141
201.63964	-47.42963	242.349     0.266
201.66133	-47.42942	250.141     0.320
201.73055	-47.42879	243.457     1.473
201.71455	-47.42807	232.411     0.810
201.65712	-47.42738	218.492     0.307
201.74212	-47.42641	245.873     0.121
201.66225	-47.42608	215.042     0.464
201.60978	-47.42614	218.413     0.459
201.70705	-47.42538	255.835     0.246
201.74604	-47.42487	225.005     0.559
201.66231	-47.42500	229.985     0.347
201.76974	-47.42428	232.853     0.180
201.70154	-47.42340	228.351     0.949
201.63609	-47.42345	226.162     1.234
201.64907	-47.42333	214.725     0.139
201.72093	-47.42298	252.985     1.206
201.62016	-47.42313	221.248     1.467
201.72743	-47.42261	208.719     0.519
201.65554	-47.42275	225.129     0.160
201.74071	-47.42220	244.799     0.429
201.60962	-47.42213	222.204     0.573
201.62406	-47.42180	229.912     0.804
201.75328	-47.42146	238.992     1.020
201.66171	-47.42143	257.318     0.349
201.70687	-47.42093	211.314     0.729
201.67167	-47.41960	237.528     1.108
201.61115	-47.41915	228.731     0.323
201.76184	-47.41753	246.050     0.166
201.78117	-47.41651	246.297     0.443
201.63991	-47.41544	214.794     0.810
201.71323	-47.41439	252.409     1.179
201.62849	-47.41436	225.629     0.696
201.75198	-47.41248	221.448     0.302
201.62202	-47.41175	220.212     0.476
201.75494	-47.41111	229.947     0.771
201.76541	-47.41051	248.960     0.237
201.60905	-47.41079	216.690     0.331
201.77285	-47.41022	238.203     1.138
201.59383	-47.41040	219.686     0.118
201.77489	-47.40953	245.193     0.285
201.75929	-47.40861	238.106     0.713
201.63110	-47.40880	230.057     0.450
201.62592	-47.40763	238.841     1.064
201.77891	-47.40642	237.744     0.916
201.60951	-47.40668	204.693     0.206
201.72900	-47.40611	248.104     0.284
201.68650	-47.40535	237.912     0.926
201.63085	-47.40520	228.246     0.065
201.62192	-47.40484	250.407     0.185
201.70174	-47.40138	229.220     0.319
201.76166	-47.40048	251.800     0.762
201.69557	-47.40004	233.418     0.406
201.75716	-47.39748	227.531     0.262
201.71631	-47.39629	230.178     0.387
201.61736	-47.39451	239.146     0.659
201.70444	-47.39346	225.271     0.619
201.58961	-47.39355	213.747     0.452
201.74793	-47.39282	218.569     0.235
201.72058	-47.39205	251.803     0.561
201.66191	-47.39124	231.235     0.321
201.63269	-47.39018	223.238     0.402
201.58966	-47.38771	217.577     0.624
201.73247	-47.38308	247.099     0.585
201.78175	-47.38159	216.093     0.301
201.72950	-47.37413	218.299     0.704
201.73711	-47.37365	235.366     1.095
201.73308	-47.37253	230.113     0.523
201.62265	-47.36922	209.234     0.134
201.73826	-47.36857	223.786     0.280
201.62680	-47.35917	242.268     0.564
201.66562	-47.35633	229.949     0.978
201.68779	-47.35565	249.058     0.103
201.71136	-47.35179	245.913     1.397
201.69975	-47.35180	232.812     0.025
201.72886	-47.35137	221.902     0.405
201.78060	-47.35095	237.602     0.504
201.73647	-47.34791	227.200     0.246
201.75499	-47.34464	232.529     1.561
201.66374	-47.34294	216.160     0.362
201.68026	-47.33748	225.188     0.687
201.63385	-47.33654	236.296     0.516
201.49475	-47.60266	233.493     1.126
201.50347	-47.58690	237.925     0.206
201.54433	-47.58036	226.851     0.263
201.53442	-47.57959	222.948     0.137
201.50181	-47.57516	240.213     0.782
201.50680	-47.57489	228.057     0.730
201.50086	-47.56420	226.462     0.787
201.52374	-47.56334	228.685     0.216
201.42584	-47.56209	237.673     1.031
201.55987	-47.56128	231.501     0.279
201.48967	-47.55965	239.587     0.565
201.54453	-47.55865	231.717     0.888
201.50672	-47.55158	224.853     2.719
201.54131	-47.55018	241.084     0.461
201.53187	-47.54829	217.335     0.525
201.56881	-47.54398	211.878     0.102
201.43823	-47.54390	216.087     0.370
201.50104	-47.53942	238.690     0.323
201.48996	-47.53682	232.545     0.238
201.52711	-47.53612	227.102     0.258
201.51247	-47.53561	212.085     0.503
201.50325	-47.53400	235.899     0.263
201.39736	-47.53208	223.659     0.132
201.47791	-47.52751	243.387     0.314
201.55093	-47.52359	241.970     0.830
201.54467	-47.52223	224.522     0.503
201.51377	-47.52020	235.571     0.377
201.57867	-47.51871	228.669     0.416
201.47395	-47.51814	238.091     0.227
201.56741	-47.51552	219.732     0.394
201.47443	-47.51170	226.159     0.287
201.54971	-47.50992	237.002     0.451
201.51691	-47.50988	212.294     0.273
201.56356	-47.50674	236.339     0.290
201.47018	-47.50578	231.769     0.815
201.52229	-47.49875	222.430     0.384
201.55922	-47.49824	227.816     0.743
201.57235	-47.49380	215.821     0.311
201.55044	-47.49329	216.043     0.406
201.49507	-47.48914	222.439     0.991
201.53294	-47.48843	223.880     0.661
201.48389	-47.48721	220.433     0.439
201.56221	-47.48634	263.258     0.240
201.55358	-47.48605	207.809     0.397
201.45277	-47.48423	229.641     0.450
201.55206	-47.48144	231.249     0.262
201.54472	-47.48102	227.943     0.364
201.57891	-47.48053	207.799     0.287
201.57003	-47.47866	236.467     0.433
201.45277	-47.47640	227.377     0.429
201.51608	-47.47568	225.014     1.472
201.51051	-47.47491	226.344     0.265
201.54885	-47.47451	214.937     0.181
201.53656	-47.47198	243.931     0.410
201.53052	-47.46973	220.451     0.301
201.44647	-47.46954	227.227     0.214
201.42755	-47.46804	232.871     0.994
201.56020	-47.46808	244.076     1.098
201.44140	-47.46736	227.074     0.472
201.54554	-47.46471	235.693     0.256
201.53918	-47.46416	234.221     0.194
201.48588	-47.46398	228.791     1.282
201.44601	-47.46230	230.645     0.252
201.53785	-47.45534	236.933     0.358
201.43176	-47.45084	225.942     0.159
201.42082	-47.44625	220.081     0.383
201.57874	-47.44507	225.730     1.081
201.47387	-47.44382	224.330     1.123
201.49989	-47.44180	225.224     0.491
201.51847	-47.44111	207.869     0.358
201.57647	-47.44038	238.997     0.732
201.53863	-47.43623	216.451     0.265
201.57045	-47.43502	243.285     0.226
201.47490	-47.43451	245.862     0.132
201.44314	-47.43316	229.883     1.723
201.48971	-47.43179	207.725     0.469
201.48592	-47.42517	224.997     0.426
201.54213	-47.42509	236.801     0.564
201.49607	-47.42414	226.896     0.234
201.51840	-47.42072	239.499     0.214
201.43643	-47.42035	234.435     0.295
201.47650	-47.42038	218.660     0.492
201.45658	-47.41751	240.401     0.313
201.57772	-47.41723	208.764     0.181
201.51834	-47.41683	209.202     0.377
201.45031	-47.40831	241.352     0.454
201.49226	-47.40418	230.083     0.432
201.49545	-47.39025	221.358     0.119
201.57637	-47.37446	239.579     0.281
201.55231	-47.37279	235.223     0.420
201.56998	-47.36513	229.770     0.470
201.56157	-47.35869	231.632     0.201
201.56077	-47.35629	240.765     0.351
201.53710	-47.35425	235.150     0.268
201.56920	-47.34613	229.494     0.445
201.88289	-47.68895	252.100     0.297
201.87530	-47.67934	235.954     0.467
201.86671	-47.67110	242.985     0.275
201.93367	-47.65824	244.553     0.475
201.89121	-47.65214	253.394     0.050
201.92600	-47.64580	243.492     0.576
201.90307	-47.64228	242.864     0.077
201.92148	-47.64084	233.537     0.336
201.85304	-47.63850	235.388     0.684
201.86840	-47.63689	228.442     0.208
201.64006	-47.71961	239.580     0.283
201.70315	-47.71464	228.748     0.465
201.73316	-47.68661	238.426     0.369
201.64008	-47.68460	234.172     0.144
201.68314	-47.68156	232.230     0.400
201.63074	-47.67984	231.381     1.759
201.74518	-47.65415	247.118     0.442
201.71115	-47.63916	214.815     0.459
201.63306	-47.63914	232.682     0.248
201.77804	-47.63665	221.439     0.221
201.71241	-47.63675	222.394     0.406
201.72457	-47.62917	253.581     0.063
201.75674	-47.62896	240.639     0.419
201.73882	-47.62728	238.476     0.067
201.77287	-47.62651	233.960     0.510
201.75344	-47.62311	245.848     0.579
201.71143	-47.61694	228.414     1.203
201.62354	-47.61699	228.610     0.806
201.62865	-47.61652	237.596     0.360
201.66105	-47.61358	238.337     0.592
201.67020	-47.61299	227.637     0.244
201.66998	-47.61208	234.398     1.298
201.62300	-47.61172	232.142     0.289
201.70824	-47.61156	234.600     0.641
201.67779	-47.61069	214.507     0.146
201.74683	-47.60971	224.013     0.066
201.72247	-47.60966	231.864     1.141
201.68569	-47.60898	216.039     0.431
201.57332	-47.68437	235.432     0.242
201.55119	-47.63398	235.794     0.353
201.45653	-47.63364	224.831     0.443
201.52715	-47.62515	239.985     0.567
201.57405	-47.62041	231.007     0.094
201.46699	-47.61581	242.524     0.242
201.52172	-47.60687	231.478     0.493