1477.59  1.5e17 
1249.27  1.5e17 
1211.97  1.5e17 
1204.59  1.5e17 
1005.80  1.5e17
923.30   1.5e17
1167.95  1.5e17
1160.20  1.5e17
1321.93  1.5e17
941.88   1.5e17
982.51   1.5e17
973.73   1.5e17
1001.34  1.5e17
1181.50  1.5e17
1203.81  1.5e17
1177.20  1.5e17
1159.37  1.5e17
1206.37  1.5e17
935.66   1.5e17
2938.53  1.5e17
1090.97  1.5e17
1178.44  1.5e17
1064.23  1.5e17
1150.26  1.5e17
1089.73  1.5e17
1083.39  1.5e17
883.94   1.5e17
1015.63  1.5e17
1009.42  1.5e17
1161.55  1.5e17
1100.84  1.5e17
1110.82  1.5e17
1142.30  1.5e17
1049.23  1.5e17
1037.79  1.5e17
1265.33  1.5e17
1247.82  1.5e17
1294.55  1.5e17
1133.25  1.5e17
1068.87  1.5e17
1070.91  1.5e17
981.64   1.5e17
1117.17  1.5e17
1106.15  1.5e17
1081.81  1.5e17
1091.37  1.5e17
1082.49  1.5e17
1111.45  1.5e17
953.98   1.5e17
996.89   1.5e17
983.63   1.5e17
1216.91  1.5e17
1211.75  1.5e17
912.08   1.5e17
1263.75  1.5e17
1078.62  1.5e17
1303.95  1.5e17
1327.72  1.5e17
1199.94  1.5e17
1065.88  1.5e17
4749.04  1.5e17
2766.51  1.5e17
1097.38  1.5e17







