























































































































































































































  7.14948247e-01	   1.66809750e+01
  1.42989649e+00	   1.53466300e+01
  2.14484474e+00	   1.42186460e+01
  2.85979299e+00	   1.32945504e+01
  3.57474123e+00	   1.25263488e+01
  4.28968948e+00	   1.18763360e+01
  5.00463773e+00	   1.13175449e+01
  5.71958597e+00	   1.08306336e+01
  6.43453422e+00	   1.04014554e+01
  7.14948247e+00	   1.00194352e+01
  7.86443071e+00	   9.67650397e+00
  8.57937896e+00	   9.36638889e+00
  9.29432721e+00	   9.08413267e+00
  1.00092755e+01	   8.82575948e+00
  1.07242237e+01	   8.58803868e+00
  1.14391719e+01	   8.36831416e+00
  1.21541202e+01	   8.16437908e+00
  1.28690684e+01	   7.97438233e+00
  1.35840167e+01	   7.79675772e+00
  1.42989649e+01	   7.63016960e+00
  1.50139132e+01	   7.47347069e+00
  1.57288614e+01	   7.32566890e+00
  1.64438097e+01	   7.18590106e+00
  1.71587579e+01	   7.05341184e+00
  1.78737062e+01	   6.92753674e+00
  1.85886544e+01	   6.80768827e+00
  1.93036027e+01	   6.69334454e+00
  2.00185509e+01	   6.58403990e+00
  2.07334992e+01	   6.47935715e+00
  2.14484474e+01	   6.37892100e+00
  2.21633956e+01	   6.28239256e+00
  2.28783439e+01	   6.18946472e+00
  2.35932921e+01	   6.09985820e+00
  2.43082404e+01	   6.01331816e+00
  2.50231886e+01	   5.92961133e+00
  2.57381369e+01	   5.84852346e+00
  2.64530851e+01	   5.76985725e+00
  2.71680334e+01	   5.69343037e+00
  2.78829816e+01	   5.61907390e+00
  2.85979299e+01	   5.54663085e+00
  2.93128781e+01	   5.47595493e+00
  3.00278264e+01	   5.40690938e+00
  3.07427746e+01	   5.33936604e+00
  3.14577229e+01	   5.27320447e+00
  3.21726711e+01	   5.20831109e+00
  3.28876193e+01	   5.14457859e+00
  3.36025676e+01	   5.08190519e+00
  3.43175158e+01	   5.02019414e+00
  3.50324641e+01	   4.95935318e+00
  3.57474123e+01	   4.89929404e+00
  3.64623606e+01	   4.83993205e+00
  3.71773088e+01	   4.78118569e+00
  3.78922571e+01	   4.72297626e+00
  3.86072053e+01	   4.66522750e+00
  3.93221536e+01	   4.60786528e+00
  4.00371018e+01	   4.55081728e+00
  4.07520501e+01	   4.49401269e+00
  4.14669983e+01	   4.43738192e+00
  4.21819466e+01	   4.38085634e+00
  4.28968948e+01	   4.32436798e+00
  4.36118430e+01	   4.26784923e+00
  4.43267913e+01	   4.21123261e+00
  4.50417395e+01	   4.15445047e+00
  4.57566878e+01	   4.09743467e+00
  4.64716360e+01	   4.04011628e+00
  4.71865843e+01	   3.98242526e+00
  4.79015325e+01	   3.92429011e+00
  4.86164808e+01	   3.86563751e+00
  4.93314290e+01	   3.80639184e+00
  5.00463773e+01	   3.74647480e+00
  5.07613255e+01	   3.68580487e+00
  5.14762738e+01	   3.62429669e+00
  5.21912220e+01	   3.56186050e+00
  5.29061703e+01	   3.49840130e+00
  5.36211185e+01	   3.43381804e+00
  5.43360667e+01	   3.36800258e+00
  5.50510150e+01	   3.30083852e+00
  5.57659632e+01	   3.23219980e+00
  5.64809115e+01	   3.16194894e+00
  5.71958597e+01	   3.08993511e+00
  5.79108080e+01	   3.01599151e+00
  5.86257562e+01	   2.93993238e+00
  5.93407045e+01	   2.86154908e+00
  6.00556527e+01	   2.78060526e+00
  6.07706010e+01	   2.69683057e+00
  6.14855492e+01	   2.60991252e+00
  6.22004975e+01	   2.51948568e+00
  6.29154457e+01	   2.42511705e+00
  6.36303940e+01	   2.32628590e+00
  6.43453422e+01	   2.22235509e+00
