904.40   1.5e17 
939.68   1.5e17 
916.36   1.5e17 
983.31   1.5e17 
1157.32  1.5e17
1382.39  1.5e17
770.94   1.5e17
767.57   1.5e17
813.27   1.5e17
162.07   1.5e17
1111.27  1.5e17
1085.75  1.5e17
341.40   1.5e17
875.88   1.5e17
891.33   1.5e17
1507.11  1.5e17
1175.42  1.5e17
1362.97  1.5e17
297.12   1.5e17
1301.88  1.5e17
972.41   1.5e17
277.41   1.5e17
299.20   1.5e17
322.29   1.5e17
215.40   1.5e17
241.28   1.5e17
905.21   1.5e17
952.44   1.5e17
920.91   1.5e17
858.19   1.5e17
704.36   1.5e17
827.34   1.5e17
1206.95  1.5e17
277.70   1.5e17
285.97   1.5e17
235.02   1.5e17
1190.93  1.5e17
790.12   1.5e17
807.15   1.5e17
849.01   1.5e17
848.60   1.5e17
956.44   1.5e17
306.89   1.5e17
297.67   1.5e17
347.43   1.5e17
1065.27  1.5e17
953.10   1.5e17
956.52   1.5e17
805.33   1.5e17
217.12   1.5e17
670.78   1.5e17
745.31   1.5e17
730.16   1.5e17
984.54   1.5e17
739.73   1.5e17
993.57   1.5e17
744.03   1.5e17
836.11   1.5e17
755.69   1.5e17
1026.30  1.5e17
3414.02  1.5e17
2333.68  1.5e17
955.65   1.5e17







