0.005000	 2191.250194
0.010000	 2428.290625
0.015000	 2567.439696
0.020000	 2661.778638
0.025000	 2729.981209
0.030000	 2781.006329
0.035000	 2819.897774
0.040000	 2849.792977
0.045000	 2872.782153
0.050000	 2890.329584
0.055000	 2903.501213
0.060000	 2913.096894
0.065000	 2919.731731
0.070000	 2923.888428
0.075000	 2925.952291
0.080000	 2926.235358
0.085000	 2924.993496
0.090000	 2922.438795
0.095000	 2918.748730
0.100000	 2914.073055
0.105000	 2908.539075
0.110000	 2902.255732
0.115000	 2895.316807
0.120000	 2887.803464
0.125000	 2879.786289
0.130000	 2871.326936
0.135000	 2862.479477
0.140000	 2853.291502
0.145000	 2843.805039
0.150000	 2834.057317
0.155000	 2824.081402
0.160000	 2813.906741
0.165000	 2803.559618
0.170000	 2793.063544
0.175000	 2782.439588
0.180000	 2771.706670
0.185000	 2760.881801
0.190000	 2749.980303
0.195000	 2739.015992
0.200000	 2728.001344
0.205000	 2716.947632
0.210000	 2705.865057
0.215000	 2694.762854
0.220000	 2683.649389
0.225000	 2672.532248
0.230000	 2661.418308
0.235000	 2650.313812
0.240000	 2639.224422
0.245000	 2628.155277
0.250000	 2617.111041
0.255000	 2606.095944
0.260000	 2595.113823
0.265000	 2584.168158
0.270000	 2573.262100
0.275000	 2562.398501
0.280000	 2551.579940
0.285000	 2540.808748
0.290000	 2530.087026
0.295000	 2519.416664
0.300000	 2508.799361
0.305000	 2498.236642
0.310000	 2487.729866
0.315000	 2477.280245
0.320000	 2466.888855
0.325000	 2456.556645
0.330000	 2446.284449
0.335000	 2436.072996
0.340000	 2425.922913
0.345000	 2415.834741
0.350000	 2405.808935
0.355000	 2395.845875
0.360000	 2385.945870
0.365000	 2376.109163
0.370000	 2366.335940
0.375000	 2356.626327
0.380000	 2346.980404
0.385000	 2337.398201
0.390000	 2327.879706
0.395000	 2318.424868
0.400000	 2309.033597
0.405000	 2299.705773
0.410000	 2290.441242
0.415000	 2281.239822
0.420000	 2272.101307
0.425000	 2263.025465
0.430000	 2254.012042
0.435000	 2245.060766
0.440000	 2236.171345
0.445000	 2227.343470
0.450000	 2218.576817
0.455000	 2209.871050
0.460000	 2201.225817
0.465000	 2192.640757
0.470000	 2184.115498
0.475000	 2175.649659
0.480000	 2167.242850
0.485000	 2158.894674
0.490000	 2150.604726
0.495000	 2142.372599
0.505000	   -nan
0.510000	   -nan
0.515000	   -nan
0.520000	   -nan
0.525000	   -nan
0.530000	   -nan
0.535000	   -nan
0.540000	   -nan
0.545000	   -nan
0.550000	   -nan
0.555000	   -nan
0.560000	   -nan
0.565000	   -nan
0.570000	   -nan
0.575000	   -nan
0.580000	   -nan
0.585000	   -nan
0.590000	   -nan
0.595000	   -nan
0.600000	   -nan
0.605000	   -nan
0.610000	   -nan
0.615000	   -nan
0.620000	   -nan
0.625000	   -nan
0.630000	   -nan
0.635000	   -nan
0.640000	   -nan
0.645000	   -nan
0.650000	   -nan
0.655000	   -nan
0.660000	   -nan
0.665000	   -nan
0.670000	   -nan
0.675000	   -nan
0.680000	   -nan
0.685000	   -nan
0.690000	   -nan
0.695000	   -nan
0.700000	   -nan
0.705000	   -nan
0.710000	   -nan
0.715000	   -nan
0.720000	   -nan
0.725000	   -nan
0.730000	   -nan
0.735000	   -nan
0.740000	   -nan
0.745000	   -nan
0.750000	   -nan
0.755000	   -nan
0.760000	   -nan
0.765000	   -nan
0.770000	   -nan
0.775000	   -nan
0.780000	   -nan
0.785000	   -nan
0.790000	   -nan
0.795000	   -nan
0.800000	   -nan
0.805000	   -nan
0.810000	   -nan
0.815000	   -nan
0.820000	   -nan
0.825000	   -nan
0.830000	   -nan
0.835000	   -nan
0.840000	   -nan
0.845000	   -nan
0.850000	   -nan
0.855000	   -nan
0.860000	   -nan
0.865000	   -nan
0.870000	   -nan
0.875000	   -nan
0.880000	   -nan
0.885000	   -nan
0.890000	   -nan
0.895000	   -nan
0.900000	   -nan
0.905000	   -nan
0.910000	   -nan
0.915000	   -nan
0.920000	   -nan
0.925000	   -nan
0.930000	   -nan
0.935000	   -nan
0.940000	   -nan
0.945000	   -nan
0.950000	   -nan
0.955000	   -nan
0.960000	   -nan
0.965000	   -nan
0.970000	   -nan
0.975000	   -nan
0.980000	   -nan
0.985000	   -nan
0.990000	   -nan
0.995000	   -nan
1.000000	 0.000000
1.005000	 1534.104244
1.010000	 1529.819127
1.015000	 1525.557700
1.020000	 1521.319770
1.025000	 1517.105148
1.030000	 1512.913647
1.035000	 1508.745080
1.040000	 1504.599262
1.045000	 1500.476013
1.050000	 1496.375152
1.055000	 1492.296499
1.060000	 1488.239879
1.065000	 1484.205117
1.070000	 1480.192040
1.075000	 1476.200475
1.080000	 1472.230254
1.085000	 1468.281209
1.090000	 1464.353174
1.095000	 1460.445983
1.100000	 1456.559475
1.105000	 1452.693487
1.110000	 1448.847861
1.115000	 1445.022438
1.120000	 1441.217061
1.125000	 1437.431577
1.130000	 1433.665831
1.135000	 1429.919671
1.140000	 1426.192948
1.145000	 1422.485513
1.150000	 1418.797218
1.155000	 1415.127917
1.160000	 1411.477465
1.165000	 1407.845721
1.170000	 1404.232542
1.175000	 1400.637787
1.180000	 1397.061318
1.185000	 1393.502998
1.190000	 1389.962690
1.195000	 1386.440260
1.200000	 1382.935573
1.205000	 1379.448498
1.210000	 1375.978903
1.215000	 1372.526659
1.220000	 1369.091638
1.225000	 1365.673712
1.230000	 1362.272755
1.235000	 1358.888642
1.240000	 1355.521250
1.245000	 1352.170456
1.250000	 1348.836140
1.255000	 1345.518180
1.260000	 1342.216459
1.265000	 1338.930858
1.270000	 1335.661260
1.275000	 1332.407550
1.280000	 1329.169614
1.285000	 1325.947337
1.290000	 1322.740608
1.295000	 1319.549315
1.300000	 1316.373348
1.305000	 1313.212598
1.310000	 1310.066956
1.315000	 1306.936315
1.320000	 1303.820569
1.325000	 1300.719613
1.330000	 1297.633342
1.335000	 1294.561653
1.340000	 1291.504444
1.345000	 1288.461614
1.350000	 1285.433061
1.355000	 1282.418686
1.360000	 1279.418391
1.365000	 1276.432078
1.370000	 1273.459650
1.375000	 1270.501010
1.380000	 1267.556065
1.385000	 1264.624719
1.390000	 1261.706879
1.395000	 1258.802453
1.400000	 1255.911348
1.405000	 1253.033475
1.410000	 1250.168742
1.415000	 1247.317061
1.420000	 1244.478343
1.425000	 1241.652500
1.430000	 1238.839445
1.435000	 1236.039093
1.440000	 1233.251358
1.445000	 1230.476155
1.450000	 1227.713400
1.455000	 1224.963011
1.460000	 1222.224904
1.465000	 1219.498999
1.470000	 1216.785213
1.475000	 1214.083467
1.480000	 1211.393682
1.485000	 1208.715778
1.490000	 1206.049677
1.495000	 1203.395301
1.500000	 1200.752575
1.505000	 1198.121421
1.510000	 1195.501764
1.515000	 1192.893529
1.520000	 1190.296643
1.525000	 1187.711030
1.530000	 1185.136619
1.535000	 1182.573338
1.540000	 1180.021113
1.545000	 1177.479875
1.550000	 1174.949552
1.555000	 1172.430075
1.560000	 1169.921374
1.565000	 1167.423381
1.570000	 1164.936028
1.575000	 1162.459246
1.580000	 1159.992970
1.585000	 1157.537132
1.590000	 1155.091666
1.595000	 1152.656507
1.600000	 1150.231591
1.605000	 1147.816853
1.610000	 1145.412229
1.615000	 1143.017656
1.620000	 1140.633072
1.625000	 1138.258413
1.630000	 1135.893619
1.635000	 1133.538629
1.640000	 1131.193381
1.645000	 1128.857816
1.650000	 1126.531874
1.655000	 1124.215495
1.660000	 1121.908622
1.665000	 1119.611195
1.670000	 1117.323157
1.675000	 1115.044450
1.680000	 1112.775019
1.685000	 1110.514806
1.690000	 1108.263755
1.695000	 1106.021812
1.700000	 1103.788921
1.705000	 1101.565027
1.710000	 1099.350076
1.715000	 1097.144015
1.720000	 1094.946791
1.725000	 1092.758350
1.730000	 1090.578640
1.735000	 1088.407608
1.740000	 1086.245204
1.745000	 1084.091377
1.750000	 1081.946074
1.755000	 1079.809247
1.760000	 1077.680844
1.765000	 1075.560816
1.770000	 1073.449115
1.775000	 1071.345690
1.780000	 1069.250495
1.785000	 1067.163479
1.790000	 1065.084597
1.795000	 1063.013800
1.800000	 1060.951041
1.805000	 1058.896275
1.810000	 1056.849453
1.815000	 1054.810532
1.820000	 1052.779464
1.825000	 1050.756205
1.830000	 1048.740710
1.835000	 1046.732934
1.840000	 1044.732834
1.845000	 1042.740365
1.850000	 1040.755484
1.855000	 1038.778147
1.860000	 1036.808312
1.865000	 1034.845936
1.870000	 1032.890977
1.875000	 1030.943394
1.880000	 1029.003143
1.885000	 1027.070185
1.890000	 1025.144478
1.895000	 1023.225981
1.900000	 1021.314654
1.905000	 1019.410458
1.910000	 1017.513352
1.915000	 1015.623296
1.920000	 1013.740252
1.925000	 1011.864181
1.930000	 1009.995044
1.935000	 1008.132802
1.940000	 1006.277418
1.945000	 1004.428854
1.950000	 1002.587073
1.955000	 1000.752037
1.960000	 998.923709
1.965000	 997.102052
1.970000	 995.287031
1.975000	 993.478608
1.980000	 991.676749
1.985000	 989.881417
1.990000	 988.092578
1.995000	 986.310195
2.000000	 984.534234
2.005000	 982.764661
2.010000	 981.001441
2.015000	 979.244540
2.020000	 977.493924
2.025000	 975.749560
2.030000	 974.011413
2.035000	 972.279452
2.040000	 970.553642
2.045000	 968.833952
2.050000	 967.120348
2.055000	 965.412799
2.060000	 963.711273
2.065000	 962.015737
2.070000	 960.326161
2.075000	 958.642512
2.080000	 956.964761
2.085000	 955.292875
2.090000	 953.626824
2.095000	 951.966578
2.100000	 950.312106
2.105000	 948.663378
2.110000	 947.020365
2.115000	 945.383037
2.120000	 943.751364
2.125000	 942.125318
2.130000	 940.504868
2.135000	 938.889987
2.140000	 937.280646
2.145000	 935.676815
2.150000	 934.078468
2.155000	 932.485576
2.160000	 930.898110
2.165000	 929.316044
2.170000	 927.739350
2.175000	 926.168001
2.180000	 924.601968
2.185000	 923.041227
2.190000	 921.485749
2.195000	 919.935508
2.200000	 918.390478
2.205000	 916.850633
2.210000	 915.315946
2.215000	 913.786392
2.220000	 912.261944
2.225000	 910.742578
2.230000	 909.228269
2.235000	 907.718990
2.240000	 906.214717
2.245000	 904.715425
2.250000	 903.221089
2.255000	 901.731685
2.260000	 900.247188
2.265000	 898.767575
2.270000	 897.292820
2.275000	 895.822901
2.280000	 894.357794
2.285000	 892.897474
2.290000	 891.441919
2.295000	 889.991105
2.300000	 888.545009
2.305000	 887.103608
2.310000	 885.666880
2.315000	 884.234801
2.320000	 882.807349
2.325000	 881.384502
2.330000	 879.966237
2.335000	 878.552533
2.340000	 877.143367
2.345000	 875.738718
2.350000	 874.338563
2.355000	 872.942882
2.360000	 871.551653
2.365000	 870.164855
2.370000	 868.782466
2.375000	 867.404466
2.380000	 866.030833
2.385000	 864.661548
2.390000	 863.296588
2.395000	 861.935935
2.400000	 860.579567
2.405000	 859.227464
2.410000	 857.879607
2.415000	 856.535975
2.420000	 855.196548
2.425000	 853.861307
2.430000	 852.530232
2.435000	 851.203305
2.440000	 849.880504
2.445000	 848.561811
2.450000	 847.247207
2.455000	 845.936674
2.460000	 844.630191
2.465000	 843.327741
2.470000	 842.029304
2.475000	 840.734863
2.480000	 839.444398
2.485000	 838.157892
2.490000	 836.875326
2.495000	 835.596683
2.500000	 834.321943
2.505000	 833.051090
2.510000	 831.784106
2.515000	 830.520973
2.520000	 829.261673
2.525000	 828.006189
2.530000	 826.754504
2.535000	 825.506600
2.540000	 824.262461
2.545000	 823.022069
2.550000	 821.785408
2.555000	 820.552460
2.560000	 819.323210
2.565000	 818.097639
2.570000	 816.875732
2.575000	 815.657474
2.580000	 814.442846
2.585000	 813.231832
2.590000	 812.024418
2.595000	 810.820587
2.600000	 809.620322
2.605000	 808.423608
2.610000	 807.230430
2.615000	 806.040771
2.620000	 804.854617
2.625000	 803.671950
2.630000	 802.492758
2.635000	 801.317023
2.640000	 800.144731
2.645000	 798.975866
2.650000	 797.810414
2.655000	 796.648360
2.660000	 795.489689
2.665000	 794.334386
2.670000	 793.182436
2.675000	 792.033826
2.680000	 790.888540
2.685000	 789.746563
2.690000	 788.607882
2.695000	 787.472483
2.700000	 786.340351
2.705000	 785.211472
2.710000	 784.085832
2.715000	 782.963417
2.720000	 781.844214
2.725000	 780.728208
2.730000	 779.615386
2.735000	 778.505735
2.740000	 777.399240
2.745000	 776.295888
2.750000	 775.195667
2.755000	 774.098562
2.760000	 773.004560
2.765000	 771.913649
2.770000	 770.825814
2.775000	 769.741044
2.780000	 768.659325
2.785000	 767.580645
2.790000	 766.504990
2.795000	 765.432348
2.800000	 764.362706
2.805000	 763.296052
2.810000	 762.232373
2.815000	 761.171656
2.820000	 760.113890
2.825000	 759.059062
2.830000	 758.007160
2.835000	 756.958171
2.840000	 755.912084
2.845000	 754.868887
2.850000	 753.828567
2.855000	 752.791113
2.860000	 751.756512
2.865000	 750.724754
2.870000	 749.695826
2.875000	 748.669717
2.880000	 747.646415
2.885000	 746.625909
2.890000	 745.608186
2.895000	 744.593237
2.900000	 743.581049
2.905000	 742.571612
2.910000	 741.564913
2.915000	 740.560943
2.920000	 739.559689
2.925000	 738.561141
2.930000	 737.565288
2.935000	 736.572119
2.940000	 735.581624
2.945000	 734.593790
2.950000	 733.608608
2.955000	 732.626067
2.960000	 731.646157
2.965000	 730.668866
2.970000	 729.694185
2.975000	 728.722102
2.980000	 727.752608
2.985000	 726.785692
2.990000	 725.821344
2.995000	 724.859553
3.000000	 723.900310
3.005000	 722.943605
3.010000	 721.989426
3.015000	 721.037766
3.020000	 720.088612
3.025000	 719.141956
3.030000	 718.197787
3.035000	 717.256097
3.040000	 716.316874
3.045000	 715.380110
3.050000	 714.445794
3.055000	 713.513918
3.060000	 712.584472
3.065000	 711.657445
3.070000	 710.732829
3.075000	 709.810614
3.080000	 708.890791
3.085000	 707.973351
3.090000	 707.058284
3.095000	 706.145581
3.100000	 705.235234
3.105000	 704.327232
3.110000	 703.421567
3.115000	 702.518230
3.120000	 701.617212
3.125000	 700.718504
3.130000	 699.822097
3.135000	 698.927982
3.140000	 698.036150
3.145000	 697.146594
3.150000	 696.259303
3.155000	 695.374269
3.160000	 694.491485
3.165000	 693.610940
3.170000	 692.732628
3.175000	 691.856538
3.180000	 690.982664
3.185000	 690.110995
3.190000	 689.241525
3.195000	 688.374244
3.200000	 687.509145
3.205000	 686.646219
3.210000	 685.785458
3.215000	 684.926854
3.220000	 684.070399
3.225000	 683.216085
3.230000	 682.363904
3.235000	 681.513846
3.240000	 680.665906
3.245000	 679.820075
3.250000	 678.976345
3.255000	 678.134708
3.260000	 677.295156
3.265000	 676.457682
3.270000	 675.622279
3.275000	 674.788937
3.280000	 673.957650
3.285000	 673.128411
3.290000	 672.301210
3.295000	 671.476042
3.300000	 670.652899
3.305000	 669.831772
3.310000	 669.012656
3.315000	 668.195541
3.320000	 667.380421
3.325000	 666.567289
3.330000	 665.756138
3.335000	 664.946960
3.340000	 664.139747
3.345000	 663.334494
3.350000	 662.531192
3.355000	 661.729835
3.360000	 660.930415
3.365000	 660.132926
3.370000	 659.337361
3.375000	 658.543712
3.380000	 657.751973
3.385000	 656.962136
3.390000	 656.174196
3.395000	 655.388144
3.400000	 654.603975
3.405000	 653.821682
3.410000	 653.041257
3.415000	 652.262694
3.420000	 651.485987
3.425000	 650.711129
3.430000	 649.938113
3.435000	 649.166933
3.440000	 648.397582
3.445000	 647.630054
3.450000	 646.864341
3.455000	 646.100439
3.460000	 645.338340
3.465000	 644.578038
3.470000	 643.819526
3.475000	 643.062799
3.480000	 642.307850
3.485000	 641.554672
3.490000	 640.803260
3.495000	 640.053608
3.500000	 639.305708
3.505000	 638.559555
3.510000	 637.815143
3.515000	 637.072466
3.520000	 636.331518
3.525000	 635.592292
3.530000	 634.854784
3.535000	 634.118985
3.540000	 633.384892
3.545000	 632.652497
3.550000	 631.921795
3.555000	 631.192781
3.560000	 630.465447
3.565000	 629.739789
3.570000	 629.015801
3.575000	 628.293476
3.580000	 627.572809
3.585000	 626.853796
3.590000	 626.136429
3.595000	 625.420703
3.600000	 624.706612
3.605000	 623.994151
3.610000	 623.283315
3.615000	 622.574097
3.620000	 621.866493
3.625000	 621.160496
3.630000	 620.456102
3.635000	 619.753304
3.640000	 619.052098
3.645000	 618.352477
3.650000	 617.654438
3.655000	 616.957973
3.660000	 616.263079
3.665000	 615.569749
3.670000	 614.877978
3.675000	 614.187761
3.680000	 613.499094
3.685000	 612.811970
3.690000	 612.126384
3.695000	 611.442332
3.700000	 610.759807
3.705000	 610.078806
3.710000	 609.399323
3.715000	 608.721352
3.720000	 608.044889
3.725000	 607.369930
3.730000	 606.696467
3.735000	 606.024498
3.740000	 605.354017
3.745000	 604.685018
3.750000	 604.017497
3.755000	 603.351450
3.760000	 602.686871
3.765000	 602.023755
3.770000	 601.362097
3.775000	 600.701893
3.780000	 600.043139
3.785000	 599.385828
3.790000	 598.729956
3.795000	 598.075520
3.800000	 597.422514
3.805000	 596.770933
3.810000	 596.120772
3.815000	 595.472027
3.820000	 594.824694
3.825000	 594.178767
3.830000	 593.534243
3.835000	 592.891117
3.840000	 592.249383
3.845000	 591.609038
3.850000	 590.970077
3.855000	 590.332495
3.860000	 589.696288
3.865000	 589.061453
3.870000	 588.427984
3.875000	 587.795876
3.880000	 587.165126
3.885000	 586.535729
3.890000	 585.907681
3.895000	 585.280976
3.900000	 584.655613
3.905000	 584.031585
3.910000	 583.408887
3.915000	 582.787518
3.920000	 582.167472
3.925000	 581.548744
3.930000	 580.931331
3.935000	 580.315228
3.940000	 579.700431
3.945000	 579.086937
3.950000	 578.474740
3.955000	 577.863838
3.960000	 577.254225
3.965000	 576.645897
3.970000	 576.038852
3.975000	 575.433084
3.980000	 574.828589
3.985000	 574.225363
3.990000	 573.623402
3.995000	 573.022705
4.000000	 572.423264
4.005000	 571.825077
4.010000	 571.228139
4.015000	 570.632447
4.020000	 570.037997
4.025000	 569.444785
4.030000	 568.852807
4.035000	 568.262060
4.040000	 567.672538
4.045000	 567.084240
4.050000	 566.497159
4.055000	 565.911295
4.060000	 565.326641
4.065000	 564.743195
4.070000	 564.160952
4.075000	 563.579910
4.080000	 563.000064
4.085000	 562.421410
4.090000	 561.843946
4.095000	 561.267667
4.100000	 560.692569
4.105000	 560.118650
4.110000	 559.545905
4.115000	 558.974330
4.120000	 558.403923
4.125000	 557.834680
4.130000	 557.266596
4.135000	 556.699670
4.140000	 556.133896
4.145000	 555.569271
4.150000	 555.005793
4.155000	 554.443456
4.160000	 553.882259
4.165000	 553.322198
4.170000	 552.763269
4.175000	 552.205468
4.180000	 551.648793
4.185000	 551.093240
4.190000	 550.538804
4.195000	 549.985485
4.200000	 549.433277
4.205000	 548.882176
4.210000	 548.332182
4.215000	 547.783289
4.220000	 547.235494
4.225000	 546.688795
4.230000	 546.143187
4.235000	 545.598669
4.240000	 545.055234
4.245000	 544.512883
4.250000	 543.971610
4.255000	 543.431414
4.260000	 542.892289
4.265000	 542.354233
4.270000	 541.817244
4.275000	 541.281317
4.280000	 540.746450
4.285000	 540.212640
4.290000	 539.679884
4.295000	 539.148176
4.300000	 538.617518
4.305000	 538.087904
4.310000	 537.559330
4.315000	 537.031793
4.320000	 536.505292
4.325000	 535.979823
4.330000	 535.455382
4.335000	 534.931968
4.340000	 534.409578
4.345000	 533.888205
4.350000	 533.367850
4.355000	 532.848510
4.360000	 532.330179
4.365000	 531.812858
4.370000	 531.296540
4.375000	 530.781226
4.380000	 530.266911
4.385000	 529.753591
4.390000	 529.241265
4.395000	 528.729929
4.400000	 528.219581
4.405000	 527.710219
4.410000	 527.201837
4.415000	 526.694436
4.420000	 526.188010
4.425000	 525.682557
4.430000	 525.178075
4.435000	 524.674562
4.440000	 524.172013
4.445000	 523.670427
4.450000	 523.169800
4.455000	 522.670130
4.460000	 522.171414
4.465000	 521.673649
4.470000	 521.176833
4.475000	 520.680963
4.480000	 520.186035
4.485000	 519.692049
4.490000	 519.199000
4.495000	 518.706886
4.500000	 518.215705
4.505000	 517.725453
4.510000	 517.236130
4.515000	 516.747730
4.520000	 516.260252
4.525000	 515.773694
4.530000	 515.288053
4.535000	 514.803325
4.540000	 514.319508
4.545000	 513.836602
4.550000	 513.354601
4.555000	 512.873505
4.560000	 512.393310
4.565000	 511.914014
4.570000	 511.435613
4.575000	 510.958108
4.580000	 510.481491
4.585000	 510.005766
4.590000	 509.530926
4.595000	 509.056969
4.600000	 508.583895
4.605000	 508.111699
4.610000	 507.640379
4.615000	 507.169933
4.620000	 506.700361
4.625000	 506.231655
4.630000	 505.763817
4.635000	 505.296844
4.640000	 504.830732
4.645000	 504.365480
4.650000	 503.901085
4.655000	 503.437545
4.660000	 502.974857
4.665000	 502.513020
4.670000	 502.052030
4.675000	 501.591886
4.680000	 501.132585
4.685000	 500.674125
4.690000	 500.216502
4.695000	 499.759716
4.700000	 499.303765
4.705000	 498.848645
4.710000	 498.394354
4.715000	 497.940890
4.720000	 497.488252
4.725000	 497.036434
4.730000	 496.585438
4.735000	 496.135261
4.740000	 495.685898
4.745000	 495.237350
4.750000	 494.789613
4.755000	 494.342685
4.760000	 493.896564
4.765000	 493.451249
4.770000	 493.006736
4.775000	 492.563024
4.780000	 492.120109
4.785000	 491.677991
4.790000	 491.236667
4.795000	 490.796135
4.800000	 490.356393
4.805000	 489.917437
4.810000	 489.479269
4.815000	 489.041884
4.820000	 488.605279
4.825000	 488.169453
4.830000	 487.734406
4.835000	 487.300133
4.840000	 486.866633
4.845000	 486.433904
4.850000	 486.001944
4.855000	 485.570752
4.860000	 485.140323
4.865000	 484.710658
4.870000	 484.281753
4.875000	 483.853608
4.880000	 483.426218
4.885000	 482.999583
4.890000	 482.573701
4.895000	 482.148570
4.900000	 481.724189
4.905000	 481.300552
4.910000	 480.877662
4.915000	 480.455514
4.920000	 480.034107
4.925000	 479.613439
4.930000	 479.193508
4.935000	 478.774312
4.940000	 478.355848
4.945000	 477.938117
4.950000	 477.521114
4.955000	 477.104839
4.960000	 476.689289
4.965000	 476.274462
4.970000	 475.860358
4.975000	 475.446973
4.980000	 475.034306
4.985000	 474.622357
4.990000	 474.211119
4.995000	 473.800597
5.000000	 473.390781
5.005000	 472.981677
5.010000	 472.573278
5.015000	 472.165586
5.020000	 471.758596
5.025000	 471.352307
5.030000	 470.946717
5.035000	 470.541826
5.040000	 470.137630
5.045000	 469.734130
5.050000	 469.331319
5.055000	 468.929201
5.060000	 468.527771
5.065000	 468.127028
5.070000	 467.726971
5.075000	 467.327597
5.080000	 466.928905
5.085000	 466.530892
5.090000	 466.133559
5.095000	 465.736900
5.100000	 465.340918
5.105000	 464.945609
5.110000	 464.550970
5.115000	 464.157000
5.120000	 463.763700
5.125000	 463.371066
5.130000	 462.979095
5.135000	 462.587789
5.140000	 462.197143
5.145000	 461.807157
5.150000	 461.417828
5.155000	 461.029156
5.160000	 460.641138
5.165000	 460.253773
5.170000	 459.867059
5.175000	 459.480994
5.180000	 459.095579
5.185000	 458.710810
5.190000	 458.326684
5.195000	 457.943202
5.200000	 457.560361
5.205000	 457.178161
5.210000	 456.796598
5.215000	 456.415672
5.220000	 456.035381
5.225000	 455.655723
5.230000	 455.276698
5.235000	 454.898303
5.240000	 454.520537
5.245000	 454.143397
5.250000	 453.766883
5.255000	 453.390993
5.260000	 453.015727
5.265000	 452.641081
5.270000	 452.267054
5.275000	 451.893646
5.280000	 451.520853
5.285000	 451.148675
5.290000	 450.777111
5.295000	 450.406159
5.300000	 450.035816
5.305000	 449.666083
5.310000	 449.296958
5.315000	 448.928436
5.320000	 448.560520
5.325000	 448.193206
5.330000	 447.826494
5.335000	 447.460381
5.340000	 447.094868
5.345000	 446.729951
5.350000	 446.365630
5.355000	 446.001902
5.360000	 445.638768
5.365000	 445.276224
5.370000	 444.914268
5.375000	 444.552904
5.380000	 444.192124
5.385000	 443.831930
5.390000	 443.472320
5.395000	 443.113292
5.400000	 442.754846
5.405000	 442.396979
5.410000	 442.039690
5.415000	 441.682979
5.420000	 441.326844
5.425000	 440.971282
5.430000	 440.616293
5.435000	 440.261875
5.440000	 439.908026
5.445000	 439.554747
5.450000	 439.202034
5.455000	 438.849889
5.460000	 438.498306
5.465000	 438.147286
5.470000	 437.796830
5.475000	 437.446933
5.480000	 437.097595
5.485000	 436.748816
5.490000	 436.400593
5.495000	 436.052924
5.500000	 435.705809
5.505000	 435.359246
5.510000	 435.013236
5.515000	 434.667773
5.520000	 434.322861
5.525000	 433.978495
5.530000	 433.634675
5.535000	 433.291400
5.540000	 432.948668
5.545000	 432.606478
5.550000	 432.264829
5.555000	 431.923719
5.560000	 431.583145
5.565000	 431.243111
5.570000	 430.903612
5.575000	 430.564648
5.580000	 430.226216
5.585000	 429.888315
5.590000	 429.550945
5.595000	 429.214105
5.600000	 428.877792
5.605000	 428.542007
5.610000	 428.206748
5.615000	 427.872012
5.620000	 427.537799
5.625000	 427.204109
5.630000	 426.870940
5.635000	 426.538289
5.640000	 426.206156
5.645000	 425.874544
5.650000	 425.543443
5.655000	 425.212858
5.660000	 424.882788
5.665000	 424.553228
5.670000	 424.224180
5.675000	 423.895642
5.680000	 423.567613
5.685000	 423.240092
5.690000	 422.913078
5.695000	 422.586565
5.700000	 422.260560
5.705000	 421.935057
5.710000	 421.610055
5.715000	 421.285552
5.720000	 420.961549
5.725000	 420.638046
5.730000	 420.315040
5.735000	 419.992529
5.740000	 419.670512
5.745000	 419.348987
5.750000	 419.027958
5.755000	 418.707419
5.760000	 418.387370
5.765000	 418.067811
5.770000	 417.748739
5.775000	 417.430155
5.780000	 417.112055
5.785000	 416.794441
5.790000	 416.477310
5.795000	 416.160662
5.800000	 415.844493
5.805000	 415.528807
5.810000	 415.213597
5.815000	 414.898870
5.820000	 414.584617
5.825000	 414.270838
5.830000	 413.957537
5.835000	 413.644707
5.840000	 413.332352
5.845000	 413.020467
5.850000	 412.709053
5.855000	 412.398109
5.860000	 412.087630
5.865000	 411.777623
5.870000	 411.468081
5.875000	 411.159003
5.880000	 410.850388
5.885000	 410.542239
5.890000	 410.234551
5.895000	 409.927322
5.900000	 409.620556
5.905000	 409.314249
5.910000	 409.008398
5.915000	 408.703005
5.920000	 408.398066
5.925000	 408.093585
5.930000	 407.789556
5.935000	 407.485980
5.940000	 407.182856
5.945000	 406.880182
5.950000	 406.577958
5.955000	 406.276185
5.960000	 405.974856
5.965000	 405.673977
5.970000	 405.373543
5.975000	 405.073552
5.980000	 404.774007
5.985000	 404.474904
5.990000	 404.176243
5.995000	 403.878024
6.000000	 403.580244
6.005000	 403.282903
6.010000	 402.985999
6.015000	 402.689531
6.020000	 402.393502
6.025000	 402.097906
6.030000	 401.802746
6.035000	 401.508017
6.040000	 401.213722
6.045000	 400.919859
6.050000	 400.626423
6.055000	 400.333418
6.060000	 400.040842
6.065000	 399.748693
6.070000	 399.456972
6.075000	 399.165673
6.080000	 398.874802
6.085000	 398.584354
6.090000	 398.294330
6.095000	 398.004725
6.100000	 397.715542
6.105000	 397.426780
6.110000	 397.138437
6.115000	 396.850511
6.120000	 396.563004
6.125000	 396.275912
6.130000	 395.989236
6.135000	 395.702976
6.140000	 395.417128
6.145000	 395.131695
6.150000	 394.846670
6.155000	 394.562059
6.160000	 394.277858
6.165000	 393.994064
6.170000	 393.710681
6.175000	 393.427704
6.180000	 393.145135
6.185000	 392.862971
6.190000	 392.581212
6.195000	 392.299857
6.200000	 392.018904
6.205000	 391.738355
6.210000	 391.458206
6.215000	 391.178458
6.220000	 390.899110
6.225000	 390.620159
6.230000	 390.341610
6.235000	 390.063455
6.240000	 389.785697
6.245000	 389.508334
6.250000	 389.231368
6.255000	 388.954791
6.260000	 388.678611
6.265000	 388.402821
6.270000	 388.127424
6.275000	 387.852415
6.280000	 387.577796
6.285000	 387.303568
6.290000	 387.029726
6.295000	 386.756272
6.300000	 386.483202
6.305000	 386.210522
6.310000	 385.938224
6.315000	 385.666309
6.320000	 385.394778
6.325000	 385.123630
6.330000	 384.852862
6.335000	 384.582473
6.340000	 384.312469
6.345000	 384.042839
6.350000	 383.773589
6.355000	 383.504714
6.360000	 383.236220
6.365000	 382.968100
6.370000	 382.700353
6.375000	 382.432984
6.380000	 382.165985
6.385000	 381.899362
6.390000	 381.633108
6.395000	 381.367226
6.400000	 381.101715
6.405000	 380.836574
6.410000	 380.571799
6.415000	 380.307395
6.420000	 380.043357
6.425000	 379.779686
6.430000	 379.516381
6.435000	 379.253439
6.440000	 378.990862
6.445000	 378.728649
6.450000	 378.466800
6.455000	 378.205312
6.460000	 377.944183
6.465000	 377.683417
6.470000	 377.423010
6.475000	 377.162963
6.480000	 376.903271
6.485000	 376.643939
6.490000	 376.384963
6.495000	 376.126342
6.500000	 375.868079
6.505000	 375.610170
6.510000	 375.352612
6.515000	 375.095411
6.520000	 374.838560
6.525000	 374.582062
6.530000	 374.325911
6.535000	 374.070116
6.540000	 373.814667
6.545000	 373.559566
6.550000	 373.304815
6.555000	 373.050410
6.560000	 372.796352
6.565000	 372.542643
6.570000	 372.289277
6.575000	 372.036253
6.580000	 371.783574
6.585000	 371.531240
6.590000	 371.279246
6.595000	 371.027596
6.600000	 370.776284
6.605000	 370.525315
6.610000	 370.274685
6.615000	 370.024396
6.620000	 369.774442
6.625000	 369.524825
6.630000	 369.275549
6.635000	 369.026606
6.640000	 368.777997
6.645000	 368.529726
6.650000	 368.281789
6.655000	 368.034184
6.660000	 367.786913
6.665000	 367.539975
6.670000	 367.293366
6.675000	 367.047091
6.680000	 366.801142
6.685000	 366.555523
6.690000	 366.310236
6.695000	 366.065274
6.700000	 365.820642
6.705000	 365.576337
6.710000	 365.332357
6.715000	 365.088703
6.720000	 364.845371
6.725000	 364.602368
6.730000	 364.359688
6.735000	 364.117327
6.740000	 363.875290
6.745000	 363.633575
6.750000	 363.392182
6.755000	 363.151108
6.760000	 362.910354
6.765000	 362.669917
6.770000	 362.429801
6.775000	 362.190006
6.780000	 361.950524
6.785000	 361.711360
6.790000	 361.472512
6.795000	 361.233978
6.800000	 360.995759
6.805000	 360.757856
6.810000	 360.520264
6.815000	 360.282987
6.820000	 360.046018
6.825000	 359.809367
6.830000	 359.573024
6.835000	 359.336989
6.840000	 359.101267
6.845000	 358.865853
6.850000	 358.630747
6.855000	 358.395948
6.860000	 358.161459
6.865000	 357.927275
6.870000	 357.693397
6.875000	 357.459825
6.880000	 357.226558
6.885000	 356.993595
6.890000	 356.760935
6.895000	 356.528582
6.900000	 356.296528
6.905000	 356.064778
6.910000	 355.833327
6.915000	 355.602180
6.920000	 355.371328
6.925000	 355.140782
6.930000	 354.910530
6.935000	 354.680579
6.940000	 354.450924
6.945000	 354.221569
6.950000	 353.992507
6.955000	 353.763744
6.960000	 353.535272
6.965000	 353.307104
6.970000	 353.079224
6.975000	 352.851640
6.980000	 352.624347
6.985000	 352.397347
6.990000	 352.170644
6.995000	 351.944227
7.000000	 351.718102
7.005000	 351.492266
7.010000	 351.266724
7.015000	 351.041470
7.020000	 350.816504
7.025000	 350.591826
7.030000	 350.367437
7.035000	 350.143333
7.040000	 349.919519
7.045000	 349.695988
7.050000	 349.472745
7.055000	 349.249782
7.060000	 349.027109
7.065000	 348.804716
7.070000	 348.582610
7.075000	 348.360784
7.080000	 348.139240
7.085000	 347.917980
7.090000	 347.696999
7.095000	 347.476301
7.100000	 347.255877
7.105000	 347.035738
7.110000	 346.815878
7.115000	 346.596297
7.120000	 346.376991
7.125000	 346.157963
7.130000	 345.939214
7.135000	 345.720740
7.140000	 345.502540
7.145000	 345.284619
7.150000	 345.066971
7.155000	 344.849599
7.160000	 344.632498
7.165000	 344.415670
7.170000	 344.199115
7.175000	 343.982835
7.180000	 343.766824
7.185000	 343.551086
7.190000	 343.335619
7.195000	 343.120420
7.200000	 342.905491
7.205000	 342.690833
7.210000	 342.476443
7.215000	 342.262320
7.220000	 342.048467
7.225000	 341.834879
7.230000	 341.621558
7.235000	 341.408502
7.240000	 341.195713
7.245000	 340.983192
7.250000	 340.770929
7.255000	 340.558935
7.260000	 340.347203
7.265000	 340.135737
7.270000	 339.924529
7.275000	 339.713585
7.280000	 339.502905
7.285000	 339.292487
7.290000	 339.082323
7.295000	 338.872429
7.300000	 338.662786
7.305000	 338.453405
7.310000	 338.244287
7.315000	 338.035419
7.320000	 337.826818
7.325000	 337.618467
7.330000	 337.410376
7.335000	 337.202540
7.340000	 336.994963
7.345000	 336.787643
7.350000	 336.580571
7.355000	 336.373756
7.360000	 336.167199
7.365000	 335.960895
7.370000	 335.754838
7.375000	 335.549040
7.380000	 335.343488
7.385000	 335.138197
7.390000	 334.933148
7.395000	 334.728354
7.400000	 334.523811
7.405000	 334.319518
7.410000	 334.115473
7.415000	 333.911676
7.420000	 333.708133
7.425000	 333.504832
7.430000	 333.301779
7.435000	 333.098975
7.440000	 332.896420
7.445000	 332.694106
7.450000	 332.492041
7.455000	 332.290221
7.460000	 332.088647
7.465000	 331.887316
7.470000	 331.686230
7.475000	 331.485387
7.480000	 331.284786
7.485000	 331.084429
7.490000	 330.884313
7.495000	 330.684439
7.500000	 330.484810
7.505000	 330.285420
7.510000	 330.086267
7.515000	 329.887359
7.520000	 329.688687
7.525000	 329.490256
7.530000	 329.292062
7.535000	 329.094111
7.540000	 328.896395
7.545000	 328.698916
7.550000	 328.501673
7.555000	 328.304668
7.560000	 328.107900
7.565000	 327.911366
7.570000	 327.715068
7.575000	 327.519002
7.580000	 327.323177
7.585000	 327.127582
7.590000	 326.932221
7.595000	 326.737094
7.600000	 326.542199
7.605000	 326.347537
7.610000	 326.153108
7.615000	 325.958909
7.620000	 325.764942
7.625000	 325.571203
7.630000	 325.377700
7.635000	 325.184423
7.640000	 324.991378
7.645000	 324.798558
7.650000	 324.605971
7.655000	 324.413610
7.660000	 324.221477
7.665000	 324.029572
7.670000	 323.837894
7.675000	 323.646440
7.680000	 323.455216
7.685000	 323.264217
7.690000	 323.073446
7.695000	 322.882893
7.700000	 322.692572
7.705000	 322.502476
7.710000	 322.312601
7.715000	 322.122944
7.720000	 321.933515
7.725000	 321.744308
7.730000	 321.555325
7.735000	 321.366563
7.740000	 321.178022
7.745000	 320.989700
7.750000	 320.801601
7.755000	 320.613725
7.760000	 320.426066
7.765000	 320.238629
7.770000	 320.051407
7.775000	 319.864408
7.780000	 319.677628
7.785000	 319.491063
7.790000	 319.304717
7.795000	 319.118586
7.800000	 318.932675
7.805000	 318.746981
7.810000	 318.561496
7.815000	 318.376235
7.820000	 318.191187
7.825000	 318.006354
7.830000	 317.821736
7.835000	 317.637329
7.840000	 317.453139
7.845000	 317.269164
7.850000	 317.085398
7.855000	 316.901849
7.860000	 316.718508
7.865000	 316.535380
7.870000	 316.352468
7.875000	 316.169762
7.880000	 315.987274
7.885000	 315.804987
7.890000	 315.622916
7.895000	 315.441058
7.900000	 315.259403
7.905000	 315.077963
7.910000	 314.896727
7.915000	 314.715703
7.920000	 314.534885
7.925000	 314.354274
7.930000	 314.173871
7.935000	 313.993675
7.940000	 313.813685
7.945000	 313.633902
7.950000	 313.454323
7.955000	 313.274954
7.960000	 313.095786
7.965000	 312.916825
7.970000	 312.738066
7.975000	 312.559515
7.980000	 312.381170
7.985000	 312.203025
7.990000	 312.025080
7.995000	 311.847339
8.000000	 311.669803
8.005000	 311.492468
8.010000	 311.315336
8.015000	 311.138404
8.020000	 310.961672
8.025000	 310.785143
8.030000	 310.608812
8.035000	 310.432684
8.040000	 310.256751
8.045000	 310.081020
8.050000	 309.905493
8.055000	 309.730155
8.060000	 309.555020
8.065000	 309.380084
8.070000	 309.205348
8.075000	 309.030804
8.080000	 308.856461
8.085000	 308.682311
8.090000	 308.508361
8.095000	 308.334604
8.100000	 308.161047
8.105000	 307.987678
8.110000	 307.814510
8.115000	 307.641534
8.120000	 307.468752
8.125000	 307.296163
8.130000	 307.123771
8.135000	 306.951572
8.140000	 306.779565
8.145000	 306.607754
8.150000	 306.436130
8.155000	 306.264702
8.160000	 306.093462
8.165000	 305.922418
8.170000	 305.751561
8.175000	 305.580896
8.180000	 305.410422
8.185000	 305.240138
8.190000	 305.070042
8.195000	 304.900140
8.200000	 304.730422
8.205000	 304.560896
8.210000	 304.391558
8.215000	 304.222410
8.220000	 304.053447
8.225000	 303.884671
8.230000	 303.716083
8.235000	 303.547685
8.240000	 303.379472
8.245000	 303.211447
8.250000	 303.043604
8.255000	 302.875953
8.260000	 302.708479
8.265000	 302.541197
8.270000	 302.374093
8.275000	 302.207180
8.280000	 302.040445
8.285000	 301.873903
8.290000	 301.707540
8.295000	 301.541358
8.300000	 301.375362
8.305000	 301.209548
8.310000	 301.043918
8.315000	 300.878465
8.320000	 300.713197
8.325000	 300.548109
8.330000	 300.383206
8.335000	 300.218478
8.340000	 300.053937
8.345000	 299.889571
8.350000	 299.725388
8.355000	 299.561388
8.360000	 299.397560
8.365000	 299.233911
8.370000	 299.070449
8.375000	 298.907160
8.380000	 298.744048
8.385000	 298.581114
8.390000	 298.418365
8.395000	 298.255786
8.400000	 298.093387
8.405000	 297.931163
8.410000	 297.769116
8.415000	 297.607250
8.420000	 297.445553
8.425000	 297.284034
8.430000	 297.122691
8.435000	 296.961523
8.440000	 296.800528
8.445000	 296.639710
8.450000	 296.479067
8.455000	 296.318593
8.460000	 296.158293
8.465000	 295.998174
8.470000	 295.838223
8.475000	 295.678446
8.480000	 295.518837
8.485000	 295.359406
8.490000	 295.200146
8.495000	 295.041058
8.500000	 294.882143
8.505000	 294.723395
8.510000	 294.564815
8.515000	 294.406411
8.520000	 294.248175
8.525000	 294.090111
8.530000	 293.932216
8.535000	 293.774490
8.540000	 293.616933
8.545000	 293.459547
8.550000	 293.302326
8.555000	 293.145280
8.560000	 292.988392
8.565000	 292.831678
8.570000	 292.675134
8.575000	 292.518755
8.580000	 292.362539
8.585000	 292.206493
8.590000	 292.050616
8.595000	 291.894900
8.600000	 291.739355
8.605000	 291.583977
8.610000	 291.428756
8.615000	 291.273709
8.620000	 291.118824
8.625000	 290.964095
8.630000	 290.809545
8.635000	 290.655151
8.640000	 290.500921
8.645000	 290.346858
8.650000	 290.192952
8.655000	 290.039218
8.660000	 289.885642
8.665000	 289.732228
8.670000	 289.578979
8.675000	 289.425887
8.680000	 289.272962
8.685000	 289.120198
8.690000	 288.967592
8.695000	 288.815147
8.700000	 288.662863
8.705000	 288.510744
8.710000	 288.358781
8.715000	 288.206984
8.720000	 288.055338
8.725000	 287.903858
8.730000	 287.752536
8.735000	 287.601371
8.740000	 287.450363
8.745000	 287.299515
8.750000	 287.148828
8.755000	 286.998304
8.760000	 286.847928
8.765000	 286.697710
8.770000	 286.547658
8.775000	 286.397753
8.780000	 286.248010
8.785000	 286.098424
8.790000	 285.948991
8.795000	 285.799721
8.800000	 285.650597
8.805000	 285.501635
8.810000	 285.352826
8.815000	 285.204173
8.820000	 285.055667
8.825000	 284.907328
8.830000	 284.759139
8.835000	 284.611108
8.840000	 284.463223
8.845000	 284.315496
8.850000	 284.167922
8.855000	 284.020500
8.860000	 283.873232
8.865000	 283.726114
8.870000	 283.579150
8.875000	 283.432340
8.880000	 283.285679
8.885000	 283.139175
8.890000	 282.992814
8.895000	 282.846611
8.900000	 282.700559
8.905000	 282.554655
8.910000	 282.408900
8.915000	 282.263297
8.920000	 282.117846
8.925000	 281.972549
8.930000	 281.827394
8.935000	 281.682396
8.940000	 281.537537
8.945000	 281.392830
8.950000	 281.248276
8.955000	 281.103868
8.960000	 280.959607
8.965000	 280.815496
8.970000	 280.671532
8.975000	 280.527718
8.980000	 280.384046
8.985000	 280.240528
8.990000	 280.097153
8.995000	 279.953926
9.000000	 279.810840
9.005000	 279.667903
9.010000	 279.525119
9.015000	 279.382474
9.020000	 279.239974
9.025000	 279.097618
9.030000	 278.955414
9.035000	 278.813351
9.040000	 278.671432
9.045000	 278.529657
9.050000	 278.388026
9.055000	 278.246546
9.060000	 278.105199
9.065000	 277.963999
9.070000	 277.822946
9.075000	 277.682035
9.080000	 277.541269
9.085000	 277.400637
9.090000	 277.260157
9.095000	 277.119812
9.100000	 276.979615
9.105000	 276.839553
9.110000	 276.699639
9.115000	 276.559866
9.120000	 276.420228
9.125000	 276.280738
9.130000	 276.141386
9.135000	 276.002176
9.140000	 275.863104
9.145000	 275.724176
9.150000	 275.585381
9.155000	 275.446734
9.160000	 275.308213
9.165000	 275.169845
9.170000	 275.031611
9.175000	 274.893514
9.180000	 274.755556
9.185000	 274.617744
9.190000	 274.480060
9.195000	 274.342525
9.200000	 274.205118
9.205000	 274.067851
9.210000	 273.930719
9.215000	 273.793728
9.220000	 273.656869
9.225000	 273.520156
9.230000	 273.383577
9.235000	 273.247132
9.240000	 273.110822
9.245000	 272.974646
9.250000	 272.838610
9.255000	 272.702710
9.260000	 272.566944
9.265000	 272.431310
9.270000	 272.295815
9.275000	 272.160455
9.280000	 272.025228
9.285000	 271.890134
9.290000	 271.755178
9.295000	 271.620352
9.300000	 271.485659
9.305000	 271.351105
9.310000	 271.216678
9.315000	 271.082389
9.320000	 270.948234
9.325000	 270.814208
9.330000	 270.680312
9.335000	 270.546552
9.340000	 270.412924
9.345000	 270.279427
9.350000	 270.146071
9.355000	 270.012829
9.360000	 269.879732
9.365000	 269.746758
9.370000	 269.613919
9.375000	 269.481214
9.380000	 269.348636
9.385000	 269.216189
9.390000	 269.083872
9.395000	 268.951683
9.400000	 268.819626
9.405000	 268.687699
9.410000	 268.555898
9.415000	 268.424228
9.420000	 268.292692
9.425000	 268.161282
9.430000	 268.030001
9.435000	 267.898835
9.440000	 267.767816
9.445000	 267.636919
9.450000	 267.506153
9.455000	 267.375511
9.460000	 267.244995
9.465000	 267.114605
9.470000	 266.984352
9.475000	 266.854214
9.480000	 266.724208
9.485000	 266.594331
9.490000	 266.464578
9.495000	 266.334951
9.500000	 266.205451
9.505000	 266.076075
9.510000	 265.946828
9.515000	 265.817705
9.520000	 265.688705
9.525000	 265.559834
9.530000	 265.431086
9.535000	 265.302468
9.540000	 265.173966
9.545000	 265.045590
9.550000	 264.917341
9.555000	 264.789220
9.560000	 264.661214
9.565000	 264.533337
9.570000	 264.405583
9.575000	 264.277952
9.580000	 264.150449
9.585000	 264.023063
9.590000	 263.895794
9.595000	 263.768660
9.600000	 263.641646
9.605000	 263.514748
9.610000	 263.387977
9.615000	 263.261317
9.620000	 263.134796
9.625000	 263.008385
9.630000	 262.882102
9.635000	 262.755938
9.640000	 262.629896
9.645000	 262.503974
9.650000	 262.378170
9.655000	 262.252484
9.660000	 262.126929
9.665000	 262.001481
9.670000	 261.876164
9.675000	 261.750968
9.680000	 261.625884
9.685000	 261.500918
9.690000	 261.376081
9.695000	 261.251354
9.700000	 261.126744
9.705000	 261.002268
9.710000	 260.877895
9.715000	 260.753650
9.720000	 260.629520
9.725000	 260.505509
9.730000	 260.381612
9.735000	 260.257840
9.740000	 260.134183
9.745000	 260.010640
9.750000	 259.887211
9.755000	 259.763911
9.760000	 259.640719
9.765000	 259.517649
9.770000	 259.394688
9.775000	 259.271851
9.780000	 259.149127
9.785000	 259.026519
9.790000	 258.904026
9.795000	 258.781652
9.800000	 258.659388
9.805000	 258.537246
9.810000	 258.415218
9.815000	 258.293302
9.820000	 258.171504
9.825000	 258.049829
9.830000	 257.928259
9.835000	 257.806798
9.840000	 257.685460
9.845000	 257.564232
9.850000	 257.443122
9.855000	 257.322127
9.860000	 257.201239
9.865000	 257.080472
9.870000	 256.959810
9.875000	 256.839264
9.880000	 256.718837
9.885000	 256.598516
9.890000	 256.478308
9.895000	 256.358216
9.900000	 256.238234
9.905000	 256.118370
9.910000	 255.998609
9.915000	 255.878968
9.920000	 255.759429
9.925000	 255.640011
9.930000	 255.520699
9.935000	 255.401504
9.940000	 255.282415
9.945000	 255.163442
9.950000	 255.044575
9.955000	 254.925819
9.960000	 254.807174
9.965000	 254.688645
9.970000	 254.570221
9.975000	 254.451904
9.980000	 254.333707
9.985000	 254.215615
9.990000	 254.097628
9.995000	 253.979757
