# Mon 23:20:34 25-May-2015
begin	identify lamp_0004_apsum - Ap 1
	id	lamp_0004_apsum
	task	identify
	image	lamp_0004_apsum - Ap 1
	aperture	1
	aplow	219.74
	aphigh	227.71
	units	Angstroms
	features	13
	        157.07 8783.78846   8783.755   4.0 1 1 NeI(38)
	        358.88 8681.22103   8681.921   4.0 1 1 
	        384.35 8668.13449   8667.943   4.0 1 1 AI(6)
	        410.10 8654.87619   8654.383   4.0 1 1 NeI(33)
	        448.75 8634.91779   8634.648   4.0 1 1 NeI(23)
	        849.09 8423.96525   8424.647   4.0 1 1 AI(8)
	       1077.37 8300.24757   8300.326   4.0 1 1 NeI(18)
	       1141.80 8264.87693   8264.521   4.0 1 1 AI(3)
	       1430.58 8103.91809   8103.692   4.0 1 1 NeI(12)
	       1587.03 8015.05243   8014.786   4.0 1 1 NeI(12)
	       1602.74 8006.06277   8006.156   4.0 1 1 AI(8)
	       1703.77 7947.98044   7948.175   4.0 1 1 AI(1)
	       1802.09 7890.98656   7891.075   4.0 1 1 AI(3)
	function chebyshev
	order 3
	sample *
	naverage 1
	niterate 2
	low_reject 3.
	high_reject 3.
	grow 0.
	coefficients	7
		1.
		3.
		157.0721740722656
		1802.0908203125
		8345.468264576227
		-446.4009508123076
		-8.080755110162888

