# Mon 23:20:57 25-May-2015
begin	identify lamp_0007_apsum - Ap 1
	id	lamp_0007_apsum
	task	identify
	image	lamp_0007_apsum - Ap 1
	aperture	1
	aplow	219.74
	aphigh	227.71
	units	Angstroms
	features	13
	        157.03 8783.87692   8783.755   4.0 1 1 NeI(38)
	        358.83 8681.33178   8681.921   4.0 1 1 
	        384.23 8668.28905   8667.943   4.0 1 1 AI(6)
	        410.18 8654.92578   8654.383   4.0 1 1 NeI(33)
	        667.23 8520.85646   8521.441   4.0 1 1 NeI(23)
	        848.81 8424.23999   8424.647   4.0 1 1 AI(8)
	       1077.49 8300.32348   8300.326   4.0 1 1 NeI(18)
	       1141.73 8265.06352   8264.521   4.0 1 1 AI(3)
	       1430.80 8103.95581   8103.692   4.0 1 1 NeI(12)
	       1587.71 8014.82976   8014.786   4.0 1 1 NeI(12)
	       1602.87 8006.15976   8006.156   4.0 1 1 AI(8)
	       1703.90 7948.07776   7948.175   4.0 1 1 AI(1)
	       1802.55 7890.89093   7891.075   4.0 1 1 AI(3)
	function chebyshev
	order 3
	sample *
	naverage 1
	niterate 2
	low_reject 3.
	high_reject 3.
	grow 0.
	coefficients	7
		1.
		3.
		157.0331268310547
		1802.553588867188
		8345.476833446318
		-446.4929936246257
		-8.092906822435315

