# Mon 23:20:17 25-May-2015
begin	identify lamp_0002_apsum - Ap 1
	id	lamp_0002_apsum
	task	identify
	image	lamp_0002_apsum - Ap 1
	aperture	1
	aplow	219.74
	aphigh	227.71
	units	Angstroms
	features	13
	        157.05 8783.96429   8783.755   4.0 1 1 NeI(38)
	        358.91 8681.34782   8681.921   4.0 1 1 
	        384.39 8668.25676   8667.943   4.0 1 1 AI(6)
	        410.45   8654.836   8654.383   4.0 1 1 NeI(33)
	        667.11   8520.922   8521.441   4.0 1 1 NeI(23)
	        849.05 8424.09472   8424.647   4.0 1 1 AI(8)
	       1077.35 8300.36876   8300.326   4.0 1 1 NeI(18)
	       1141.72 8265.03277   8264.521   4.0 1 1 AI(3)
	       1430.84 8103.88948   8103.692   4.0 1 1 NeI(12)
	       1587.50 8014.91241   8014.786   4.0 1 1 NeI(12)
	       1602.31 8006.44058   8006.156   4.0 1 1 AI(8)
	       1703.74 7948.13856   7948.175   4.0 1 1 AI(1)
	       1802.98 7890.61682   7891.075   4.0 1 1 AI(3)
	function chebyshev
	order 3
	sample *
	naverage 1
	niterate 2
	low_reject 3.
	high_reject 3.
	grow 0.
	coefficients	7
		1.
		3.
		157.05078125
		1802.982543945313
		8345.356005564157
		-446.6737329116848
		-8.065447799890156

