# Mon 23:20:51 25-May-2015
begin	identify lamp_0006_apsum - Ap 1
	id	lamp_0006_apsum
	task	identify
	image	lamp_0006_apsum - Ap 1
	aperture	1
	aplow	219.74
	aphigh	227.71
	units	Angstroms
	features	13
	        157.11 8783.83216   8783.755   4.0 1 1 NeI(38)
	        358.97 8681.21987   8681.921   4.0 1 1 
	        384.26 8668.23147   8667.943   4.0 1 1 AI(6)
	        410.16 8654.89413   8654.383   4.0 1 1 NeI(33)
	        449.22 8634.71757   8634.648   4.0 1 1 NeI(23)
	        849.21 8423.94851   8424.647   4.0 1 1 AI(8)
	       1077.44 8300.27268   8300.326   4.0 1 1 NeI(18)
	       1141.83 8264.93173   8264.521   4.0 1 1 AI(3)
	       1430.77 8103.91949   8103.692   4.0 1 1 NeI(12)
	       1587.44 8014.95247   8014.786   4.0 1 1 NeI(12)
	       1602.86 8006.13757   8006.156   4.0 1 1 AI(8)
	       1703.95 7948.03993   7948.175   4.0 1 1 AI(1)
	       1802.50 7890.93043   7891.075   4.0 1 1 AI(3)
	function chebyshev
	order 3
	sample *
	naverage 1
	niterate 2
	low_reject 3.
	high_reject 3.
	grow 0.
	coefficients	7
		1.
		3.
		157.1140747070313
		1802.50244140625
		8345.430638558521
		-446.4508660115391
		-8.049347525096507

