# Mon 23:20:03 25-May-2015
begin	identify lamp_0001_apsum - Ap 1
	id	lamp_0001_apsum
	task	identify
	image	lamp_0001_apsum - Ap 1
	aperture	1
	aplow	219.74
	aphigh	227.71
	units	Angstroms
	features	13
	        157.51 8784.08793   8783.755   4.0 1 1 NeI(38)
	        359.20 8681.26647   8681.921   4.0 1 1 
	        385.19 8667.87934   8667.943   4.0 1 1 AI(6)
	        411.14 8654.48453   8654.383   4.0 1 1 NeI(33)
	        448.96 8634.90043   8634.648   4.0 1 1 NeI(23)
	       1077.24 8300.01564   8300.326   4.0 1 1 AI(8)
	       1141.74 8264.60428   8264.521   4.0 1 1 NeI(18)
	       1409.77 8115.41541   8115.311   4.0 1 1 AI(3)
	       1430.22 8103.89494   8103.692   4.0 1 1 NeI(12)
	       1586.79 8015.07283   8014.786   4.0 1 1 NeI(12)
	       1602.30 8006.21166   8006.156   4.0 1 1 AI(8)
	       1703.68 7948.02109   7948.175   4.0 1 1 AI(1)
	       1802.52 7890.83744   7891.075   4.0 1 1 AI(3)
	function chebyshev
	order 3
	sample *
	naverage 1
	niterate 2
	low_reject 3.
	high_reject 3.
	grow 0.
	coefficients	7
		1.
		3.
		157.5072937011719
		1802.515014648438
		8345.244702277933
		-446.6252443006944
		-7.782013832721241

