# Mon 23:17:20 25-May-2015
begin	identify lamp_0000_apsum - Ap 1
	id	lamp_0000_apsum
	task	identify
	image	lamp_0000_apsum - Ap 1
	aperture	1
	aplow	219.74
	aphigh	227.71
	units	Angstroms
	features	17
	        157.05 8783.68465   8783.755   4.0 1 1 NeI(38)
	        358.69 8681.34471   8681.921   4.0 1 1 
	        383.41 8668.66418   8667.943   4.0 1 1 AI(6)
	        410.17 8654.89941   8654.383   4.0 1 1 NeI(33)
	        449.27 8634.72463   8634.648   4.0 1 1 NeI(23)
	        667.26 8520.89226   8521.441   4.0 1 1 AI(8)
	        715.84 8495.20647    8495.36   4.0 1 1 NeI(18)
	        848.91  8424.2546   8424.647   4.0 1 1 AI(3)
	        936.20  8377.2452   8377.607   4.0 1 1 NeI(12)
	       1077.56 8300.32928   8300.326   4.0 1 1 NeI(12)
	       1141.85 8265.02177   8264.521   4.0 1 1 AI(8)
	       1409.89 8115.64671   8115.311   4.0 1 1 AI(1)
	       1430.65 8103.93413   8103.692   4.0 1 1 AI(3)
	       1586.90 8015.07967   8014.786   4.0 1 1 AI(1)
	       1602.51 8006.13496   8006.156   4.0 1 1 AI(3)
	       1703.80 7947.82089   7948.175   4.0 1 1 AI(6)
	       1801.90 7890.86348   7891.075   4.0 1 1 AI
	function chebyshev
	order 3
	sample *
	naverage 1
	niterate 2
	low_reject 3.
	high_reject 3.
	grow 0.
	coefficients	7
		1.
		3.
		157.0450439453125
		1801.900390625
		8345.539458445075
		-446.410586172412
		-8.265392090076252

