0.010000	 413.271210
0.020000	 477.090248
0.030000	 518.634009
0.040000	 549.174907
0.050000	 572.898008
0.060000	 591.904994
0.070000	 607.428381
0.080000	 620.263888
0.090000	 630.960121
0.100000	 639.913815
0.110000	 647.422483
0.120000	 653.715668
0.130000	 658.974574
0.140000	 663.344963
0.150000	 666.945938
0.160000	 669.876127
0.170000	 672.218132
0.180000	 674.041821
0.190000	 675.406802
0.200000	 676.364313
0.210000	 676.958700
0.220000	 677.228566
0.230000	 677.207702
0.240000	 676.925829
0.250000	 676.409197
0.260000	 675.681090
0.270000	 674.762231
0.280000	 673.671126
0.290000	 672.424352
0.300000	 671.036797
0.310000	 669.521870
0.320000	 667.891673
0.330000	 666.157153
0.340000	 664.328235
0.350000	 662.413930
0.360000	 660.422436
0.370000	 658.361223
0.380000	 656.237108
0.390000	 654.056319
0.400000	 651.824555
0.410000	 649.547037
0.420000	 647.228552
0.430000	 644.873495
0.440000	 642.485905
0.450000	 640.069494
0.460000	 637.627682
0.470000	 635.163616
0.480000	 632.680198
0.490000	 630.180103
0.500000	 627.665801
0.510000	 625.139571
0.520000	 622.603517
0.530000	 620.059585
0.540000	 617.509570
0.550000	 614.955136
0.560000	 612.397815
0.570000	 609.839030
0.580000	 607.280093
0.590000	 604.722217
0.600000	 602.166525
0.610000	 599.614056
0.620000	 597.065767
0.630000	 594.522546
0.640000	 591.985210
0.650000	 589.454517
0.660000	 586.931163
0.670000	 584.415793
0.680000	 581.908998
0.690000	 579.411325
0.700000	 576.923276
0.710000	 574.445312
0.720000	 571.977859
0.730000	 569.521303
0.740000	 567.076001
0.750000	 564.642277
0.760000	 562.220428
0.770000	 559.810722
0.780000	 557.413405
0.790000	 555.028696
0.800000	 552.656796
0.810000	 550.297884
0.820000	 547.952120
0.830000	 545.619645
0.840000	 543.300585
0.850000	 540.995052
0.860000	 538.703140
0.870000	 536.424932
0.880000	 534.160498
0.890000	 531.909894
0.900000	 529.673169
0.910000	 527.450358
0.920000	 525.241489
0.930000	 523.046580
0.940000	 520.865639
0.950000	 518.698669
0.960000	 516.545664
0.970000	 514.406613
0.980000	 512.281495
0.990000	 510.170288
1.010000	 505.989476
1.020000	 503.919791
1.030000	 501.863871
1.040000	 499.821661
1.050000	 497.793109
1.060000	 495.778161
1.070000	 493.776757
1.080000	 491.788834
1.090000	 489.814328
1.100000	 487.853170
1.110000	 485.905292
1.120000	 483.970621
1.130000	 482.049082
1.140000	 480.140601
1.150000	 478.245098
1.160000	 476.362496
1.170000	 474.492713
1.180000	 472.635667
1.190000	 470.791276
1.200000	 468.959457
1.210000	 467.140122
1.220000	 465.333189
1.230000	 463.538569
1.240000	 461.756176
1.250000	 459.985923
1.260000	 458.227722
1.270000	 456.481483
1.280000	 454.747120
1.290000	 453.024543
1.300000	 451.313663
1.310000	 449.614391
1.320000	 447.926638
1.330000	 446.250315
1.340000	 444.585332
1.350000	 442.931602
1.360000	 441.289034
1.370000	 439.657541
1.380000	 438.037034
1.390000	 436.427424
1.400000	 434.828625
1.410000	 433.240547
1.420000	 431.663105
1.430000	 430.096211
1.440000	 428.539779
1.450000	 426.993722
1.460000	 425.457956
1.470000	 423.932394
1.480000	 422.416952
1.490000	 420.911546
1.500000	 419.416092
1.510000	 417.930508
1.520000	 416.454709
1.530000	 414.988614
1.540000	 413.532142
1.550000	 412.085212
1.560000	 410.647743
1.570000	 409.219654
1.580000	 407.800868
1.590000	 406.391305
1.600000	 404.990887
1.610000	 403.599536
1.620000	 402.217177
1.630000	 400.843732
1.640000	 399.479125
1.650000	 398.123283
1.660000	 396.776130
1.670000	 395.437592
1.680000	 394.107597
1.690000	 392.786072
1.700000	 391.472944
1.710000	 390.168144
1.720000	 388.871599
1.730000	 387.583240
1.740000	 386.302998
1.750000	 385.030803
1.760000	 383.766588
1.770000	 382.510285
1.780000	 381.261827
1.790000	 380.021147
1.800000	 378.788180
1.810000	 377.562861
1.820000	 376.345126
1.830000	 375.134909
1.840000	 373.932149
1.850000	 372.736782
1.860000	 371.548746
1.870000	 370.367979
1.880000	 369.194422
1.890000	 368.028012
1.900000	 366.868691
1.910000	 365.716400
1.920000	 364.571078
1.930000	 363.432670
1.940000	 362.301116
1.950000	 361.176361
1.960000	 360.058346
1.970000	 358.947018
1.980000	 357.842320
1.990000	 356.744198
2.000000	 355.652597
2.010000	 354.567463
2.020000	 353.488744
2.030000	 352.416387
2.040000	 351.350339
2.050000	 350.290550
2.060000	 349.236967
2.070000	 348.189540
2.080000	 347.148219
2.090000	 346.112955
2.100000	 345.083698
2.110000	 344.060399
2.120000	 343.043011
2.130000	 342.031485
2.140000	 341.025774
2.150000	 340.025833
2.160000	 339.031613
2.170000	 338.043070
2.180000	 337.060158
2.190000	 336.082832
2.200000	 335.111048
2.210000	 334.144760
2.220000	 333.183927
2.230000	 332.228504
2.240000	 331.278449
2.250000	 330.333720
2.260000	 329.394274
2.270000	 328.460070
2.280000	 327.531066
2.290000	 326.607223
2.300000	 325.688499
2.310000	 324.774856
2.320000	 323.866252
2.330000	 322.962650
2.340000	 322.064010
2.350000	 321.170294
2.360000	 320.281463
2.370000	 319.397482
2.380000	 318.518311
2.390000	 317.643914
2.400000	 316.774255
2.410000	 315.909297
2.420000	 315.049005
2.430000	 314.193343
2.440000	 313.342276
2.450000	 312.495769
2.460000	 311.653788
2.470000	 310.816298
2.480000	 309.983265
2.490000	 309.154657
2.500000	 308.330440
2.510000	 307.510582
2.520000	 306.695049
2.530000	 305.883809
2.540000	 305.076831
2.550000	 304.274083
2.560000	 303.475534
2.570000	 302.681153
2.580000	 301.890909
2.590000	 301.104771
2.600000	 300.322710
2.610000	 299.544695
2.620000	 298.770698
2.630000	 298.000689
2.640000	 297.234639
2.650000	 296.472518
2.660000	 295.714300
2.670000	 294.959956
2.680000	 294.209457
2.690000	 293.462776
2.700000	 292.719886
2.710000	 291.980760
2.720000	 291.245370
2.730000	 290.513691
2.740000	 289.785695
2.750000	 289.061357
2.760000	 288.340651
2.770000	 287.623551
2.780000	 286.910032
2.790000	 286.200069
2.800000	 285.493636
2.810000	 284.790709
2.820000	 284.091264
2.830000	 283.395276
2.840000	 282.702722
2.850000	 282.013577
2.860000	 281.327818
2.870000	 280.645421
2.880000	 279.966364
2.890000	 279.290624
2.900000	 278.618177
2.910000	 277.949002
2.920000	 277.283075
2.930000	 276.620376
2.940000	 275.960882
2.950000	 275.304570
2.960000	 274.651421
2.970000	 274.001412
2.980000	 273.354522
2.990000	 272.710731
3.000000	 272.070018
3.010000	 271.432361
3.020000	 270.797742
3.030000	 270.166139
3.040000	 269.537532
3.050000	 268.911902
3.060000	 268.289230
3.070000	 267.669495
3.080000	 267.052678
3.090000	 266.438760
3.100000	 265.827723
3.110000	 265.219547
3.120000	 264.614214
3.130000	 264.011705
3.140000	 263.412002
3.150000	 262.815088
3.160000	 262.220943
3.170000	 261.629550
3.180000	 261.040892
3.190000	 260.454951
3.200000	 259.871709
3.210000	 259.291149
3.220000	 258.713255
3.230000	 258.138010
3.240000	 257.565396
3.250000	 256.995397
3.260000	 256.427997
3.270000	 255.863179
3.280000	 255.300927
3.290000	 254.741225
3.300000	 254.184057
3.310000	 253.629408
3.320000	 253.077261
3.330000	 252.527602
3.340000	 251.980414
3.350000	 251.435683
3.360000	 250.893393
3.370000	 250.353530
3.380000	 249.816079
3.390000	 249.281024
3.400000	 248.748352
3.410000	 248.218048
3.420000	 247.690097
3.430000	 247.164485
3.440000	 246.641199
3.450000	 246.120224
3.460000	 245.601546
3.470000	 245.085151
3.480000	 244.571027
3.490000	 244.059158
3.500000	 243.549533
3.510000	 243.042137
3.520000	 242.536958
3.530000	 242.033982
3.540000	 241.533196
3.550000	 241.034588
3.560000	 240.538144
3.570000	 240.043853
3.580000	 239.551701
3.590000	 239.061676
3.600000	 238.573766
3.610000	 238.087958
3.620000	 237.604241
3.630000	 237.122602
3.640000	 236.643029
3.650000	 236.165510
3.660000	 235.690035
3.670000	 235.216590
3.680000	 234.745165
3.690000	 234.275748
3.700000	 233.808327
3.710000	 233.342892
3.720000	 232.879431
3.730000	 232.417933
3.740000	 231.958387
3.750000	 231.500783
3.760000	 231.045108
3.770000	 230.591353
3.780000	 230.139507
3.790000	 229.689560
3.800000	 229.241500
3.810000	 228.795317
3.820000	 228.351002
3.830000	 227.908543
3.840000	 227.467931
3.850000	 227.029156
3.860000	 226.592207
3.870000	 226.157075
3.880000	 225.723750
3.890000	 225.292222
3.900000	 224.862481
3.910000	 224.434518
3.920000	 224.008323
3.930000	 223.583887
3.940000	 223.161200
3.950000	 222.740254
3.960000	 222.321038
3.970000	 221.903544
3.980000	 221.487762
3.990000	 221.073684
4.000000	 220.661301
4.010000	 220.250603
4.020000	 219.841582
4.030000	 219.434229
4.040000	 219.028536
4.050000	 218.624493
4.060000	 218.222093
4.070000	 217.821327
4.080000	 217.422186
4.090000	 217.024662
4.100000	 216.628746
4.110000	 216.234432
4.120000	 215.841709
4.130000	 215.450571
4.140000	 215.061009
4.150000	 214.673016
4.160000	 214.286582
4.170000	 213.901702
4.180000	 213.518366
4.190000	 213.136567
4.200000	 212.756297
4.210000	 212.377549
4.220000	 212.000315
4.230000	 211.624588
4.240000	 211.250360
4.250000	 210.877623
4.260000	 210.506372
4.270000	 210.136597
4.280000	 209.768292
4.290000	 209.401450
4.300000	 209.036064
4.310000	 208.672127
4.320000	 208.309631
4.330000	 207.948569
4.340000	 207.588936
4.350000	 207.230723
4.360000	 206.873925
4.370000	 206.518533
4.380000	 206.164543
4.390000	 205.811946
4.400000	 205.460737
4.410000	 205.110909
4.420000	 204.762455
4.430000	 204.415369
4.440000	 204.069645
4.450000	 203.725275
4.460000	 203.382255
4.470000	 203.040577
4.480000	 202.700235
4.490000	 202.361224
4.500000	 202.023537
4.510000	 201.687167
4.520000	 201.352110
4.530000	 201.018358
4.540000	 200.685906
4.550000	 200.354749
4.560000	 200.024879
4.570000	 199.696292
4.580000	 199.368982
4.590000	 199.042943
4.600000	 198.718168
4.610000	 198.394653
4.620000	 198.072393
4.630000	 197.751380
4.640000	 197.431610
4.650000	 197.113078
4.660000	 196.795777
4.670000	 196.479703
4.680000	 196.164850
4.690000	 195.851213
4.700000	 195.538786
4.710000	 195.227565
4.720000	 194.917543
4.730000	 194.608716
4.740000	 194.301079
4.750000	 193.994627
4.760000	 193.689354
4.770000	 193.385255
4.780000	 193.082326
4.790000	 192.780561
4.800000	 192.479956
4.810000	 192.180506
4.820000	 191.882205
4.830000	 191.585050
4.840000	 191.289034
4.850000	 190.994154
4.860000	 190.700405
4.870000	 190.407782
4.880000	 190.116281
4.890000	 189.825896
4.900000	 189.536623
4.910000	 189.248458
4.920000	 188.961396
4.930000	 188.675433
4.940000	 188.390564
4.950000	 188.106784
4.960000	 187.824091
4.970000	 187.542478
4.980000	 187.261941
4.990000	 186.982477
5.000000	 186.704082
5.010000	 186.426750
5.020000	 186.150477
5.030000	 185.875261
5.040000	 185.601095
5.050000	 185.327977
5.060000	 185.055902
5.070000	 184.784865
5.080000	 184.514864
5.090000	 184.245894
5.100000	 183.977951
5.110000	 183.711031
5.120000	 183.445130
5.130000	 183.180244
5.140000	 182.916370
5.150000	 182.653503
5.160000	 182.391640
5.170000	 182.130777
5.180000	 181.870909
5.190000	 181.612035
5.200000	 181.354149
5.210000	 181.097248
5.220000	 180.841329
5.230000	 180.586387
5.240000	 180.332419
5.250000	 180.079422
5.260000	 179.827392
5.270000	 179.576325
5.280000	 179.326219
5.290000	 179.077069
5.300000	 178.828871
5.310000	 178.581624
5.320000	 178.335322
5.330000	 178.089964
5.340000	 177.845544
5.350000	 177.602061
5.360000	 177.359511
5.370000	 177.117890
5.380000	 176.877195
5.390000	 176.637423
5.400000	 176.398571
5.410000	 176.160636
5.420000	 175.923613
5.430000	 175.687501
5.440000	 175.452296
5.450000	 175.217995
5.460000	 174.984595
5.470000	 174.752092
5.480000	 174.520484
5.490000	 174.289768
5.500000	 174.059940
5.510000	 173.830998
5.520000	 173.602939
5.530000	 173.375760
5.540000	 173.149457
5.550000	 172.924028
5.560000	 172.699470
5.570000	 172.475781
5.580000	 172.252957
5.590000	 172.030995
5.600000	 171.809893
5.610000	 171.589647
5.620000	 171.370256
5.630000	 171.151717
5.640000	 170.934026
5.650000	 170.717180
5.660000	 170.501178
5.670000	 170.286017
5.680000	 170.071694
5.690000	 169.858205
5.700000	 169.645550
5.710000	 169.433724
5.720000	 169.222726
5.730000	 169.012553
5.740000	 168.803202
5.750000	 168.594671
5.760000	 168.386957
5.770000	 168.180058
5.780000	 167.973971
5.790000	 167.768695
5.800000	 167.564225
5.810000	 167.360561
5.820000	 167.157699
5.830000	 166.955637
5.840000	 166.754373
5.850000	 166.553905
5.860000	 166.354230
5.870000	 166.155345
5.880000	 165.957249
5.890000	 165.759939
5.900000	 165.563413
5.910000	 165.367668
5.920000	 165.172703
5.930000	 164.978515
5.940000	 164.785102
5.950000	 164.592462
5.960000	 164.400592
5.970000	 164.209491
5.980000	 164.019155
5.990000	 163.829584
6.000000	 163.640775
6.010000	 163.452725
6.020000	 163.265434
6.030000	 163.078897
6.040000	 162.893115
6.050000	 162.708084
6.060000	 162.523802
6.070000	 162.340268
6.080000	 162.157479
6.090000	 161.975434
6.100000	 161.794130
6.110000	 161.613566
6.120000	 161.433739
6.130000	 161.254648
6.140000	 161.076290
6.150000	 160.898664
6.160000	 160.721768
6.170000	 160.545600
6.180000	 160.370158
6.190000	 160.195440
6.200000	 160.021445
6.210000	 159.848170
6.220000	 159.675614
6.230000	 159.503775
6.240000	 159.332651
6.250000	 159.162240
6.260000	 158.992541
6.270000	 158.823551
6.280000	 158.655270
6.290000	 158.487694
6.300000	 158.320824
6.310000	 158.154656
6.320000	 157.989190
6.330000	 157.824423
6.340000	 157.660353
6.350000	 157.496980
6.360000	 157.334302
6.370000	 157.172316
6.380000	 157.011022
6.390000	 156.850417
6.400000	 156.690500
6.410000	 156.531270
6.420000	 156.372724
6.430000	 156.214862
6.440000	 156.057681
6.450000	 155.901181
6.460000	 155.745359
6.470000	 155.590215
6.480000	 155.435746
6.490000	 155.281951
6.500000	 155.128828
6.510000	 154.976377
6.520000	 154.824596
6.530000	 154.673483
6.540000	 154.523036
6.550000	 154.373255
6.560000	 154.224137
6.570000	 154.075683
6.580000	 153.927889
6.590000	 153.780755
6.600000	 153.634279
6.610000	 153.488460
6.620000	 153.343296
6.630000	 153.198787
6.640000	 153.054931
6.650000	 152.911726
6.660000	 152.769171
6.670000	 152.627265
6.680000	 152.486007
6.690000	 152.345394
6.700000	 152.205427
6.710000	 152.066104
6.720000	 151.927423
6.730000	 151.789383
6.740000	 151.651983
6.750000	 151.515222
6.760000	 151.379098
6.770000	 151.243610
6.780000	 151.108757
6.790000	 150.974538
6.800000	 150.840952
6.810000	 150.707997
6.820000	 150.575673
6.830000	 150.443977
6.840000	 150.312910
6.850000	 150.182469
6.860000	 150.052654
6.870000	 149.923463
6.880000	 149.794896
6.890000	 149.666951
6.900000	 149.539627
6.910000	 149.412923
6.920000	 149.286838
6.930000	 149.161371
6.940000	 149.036521
6.950000	 148.912287
6.960000	 148.788667
6.970000	 148.665661
6.980000	 148.543268
6.990000	 148.421486
7.000000	 148.300315
7.010000	 148.179753
7.020000	 148.059800
7.030000	 147.940455
7.040000	 147.821716
7.050000	 147.703582
7.060000	 147.586054
7.070000	 147.469128
7.080000	 147.352806
7.090000	 147.237085
7.100000	 147.121965
7.110000	 147.007445
7.120000	 146.893524
7.130000	 146.780201
7.140000	 146.667475
7.150000	 146.555345
7.160000	 146.443810
7.170000	 146.332870
7.180000	 146.222523
7.190000	 146.112769
7.200000	 146.003606
7.210000	 145.895035
7.220000	 145.787054
7.230000	 145.679661
7.240000	 145.572858
7.250000	 145.466641
7.260000	 145.361012
7.270000	 145.255968
7.280000	 145.151509
7.290000	 145.047635
7.300000	 144.944344
7.310000	 144.841636
7.320000	 144.739509
7.330000	 144.637964
7.340000	 144.536999
7.350000	 144.436614
7.360000	 144.336808
7.370000	 144.237579
7.380000	 144.138928
7.390000	 144.040854
7.400000	 143.943355
7.410000	 143.846432
7.420000	 143.750083
7.430000	 143.654308
7.440000	 143.559105
7.450000	 143.464475
7.460000	 143.370417
7.470000	 143.276930
7.480000	 143.184013
7.490000	 143.091665
7.500000	 142.999886
7.510000	 142.908676
7.520000	 142.818033
7.530000	 142.727957
7.540000	 142.638448
7.550000	 142.549504
7.560000	 142.461125
7.570000	 142.373311
7.580000	 142.286060
7.590000	 142.199373
7.600000	 142.113248
7.610000	 142.027685
7.620000	 141.942683
7.630000	 141.858243
7.640000	 141.774362
7.650000	 141.691041
7.660000	 141.608280
7.670000	 141.526076
7.680000	 141.444431
7.690000	 141.363343
7.700000	 141.282812
7.710000	 141.202837
7.720000	 141.123418
7.730000	 141.044554
7.740000	 140.966245
7.750000	 140.888490
7.760000	 140.811289
7.770000	 140.734641
7.780000	 140.658545
7.790000	 140.583002
7.800000	 140.508010
7.810000	 140.433570
7.820000	 140.359680
7.830000	 140.286340
7.840000	 140.213550
7.850000	 140.141310
7.860000	 140.069618
7.870000	 139.998474
7.880000	 139.927879
7.890000	 139.857831
7.900000	 139.788329
7.910000	 139.719375
7.920000	 139.650966
7.930000	 139.583104
7.940000	 139.515786
7.950000	 139.449014
7.960000	 139.382785
7.970000	 139.317101
7.980000	 139.251961
7.990000	 139.187364
8.000000	 139.123309
8.010000	 139.059797
8.020000	 138.996828
8.030000	 138.934400
8.040000	 138.872513
8.050000	 138.811167
8.060000	 138.750362
8.070000	 138.690097
8.080000	 138.630372
8.090000	 138.571187
8.100000	 138.512541
8.110000	 138.454434
8.120000	 138.396865
8.130000	 138.339834
8.140000	 138.283342
8.150000	 138.227386
8.160000	 138.171968
8.170000	 138.117088
8.180000	 138.062743
8.190000	 138.008935
8.200000	 137.955663
8.210000	 137.902927
8.220000	 137.850726
8.230000	 137.799060
8.240000	 137.747929
8.250000	 137.697333
8.260000	 137.647271
8.270000	 137.597743
8.280000	 137.548749
8.290000	 137.500288
8.300000	 137.452361
8.310000	 137.404967
8.320000	 137.358105
8.330000	 137.311776
8.340000	 137.265979
8.350000	 137.220714
8.360000	 137.175982
8.370000	 137.131780
8.380000	 137.088110
8.390000	 137.044972
8.400000	 137.002364
8.410000	 136.960287
8.420000	 136.918740
8.430000	 136.877724
8.440000	 136.837238
8.450000	 136.797282
8.460000	 136.757855
8.470000	 136.718958
8.480000	 136.680591
8.490000	 136.642752
8.500000	 136.605443
8.510000	 136.568663
8.520000	 136.532411
8.530000	 136.496688
8.540000	 136.461493
8.550000	 136.426826
8.560000	 136.392687
8.570000	 136.359077
8.580000	 136.325994
8.590000	 136.293438
8.600000	 136.261411
8.610000	 136.229910
8.620000	 136.198937
8.630000	 136.168491
8.640000	 136.138571
8.650000	 136.109179
8.660000	 136.080314
8.670000	 136.051975
8.680000	 136.024162
8.690000	 135.996876
8.700000	 135.970117
8.710000	 135.943883
8.720000	 135.918176
8.730000	 135.892995
8.740000	 135.868340
8.750000	 135.844210
8.760000	 135.820607
8.770000	 135.797529
8.780000	 135.774977
8.790000	 135.752950
8.800000	 135.731449
8.810000	 135.710474
8.820000	 135.690023
8.830000	 135.670099
8.840000	 135.650699
8.850000	 135.631825
8.860000	 135.613476
8.870000	 135.595652
8.880000	 135.578353
8.890000	 135.561580
8.900000	 135.545331
8.910000	 135.529607
8.920000	 135.514409
8.930000	 135.499735
8.940000	 135.485587
8.950000	 135.471963
8.960000	 135.458865
8.970000	 135.446291
8.980000	 135.434242
8.990000	 135.422718
9.000000	 135.411719
9.010000	 135.401245
9.020000	 135.391297
9.030000	 135.381872
9.040000	 135.372973
9.050000	 135.364599
9.060000	 135.356750
9.070000	 135.349426
9.080000	 135.342627
9.090000	 135.336353
9.100000	 135.330605
9.110000	 135.325381
9.120000	 135.320683
9.130000	 135.316510
9.140000	 135.312862
9.150000	 135.309739
9.160000	 135.307142
9.170000	 135.305070
9.180000	 135.303524
9.190000	 135.302504
9.200000	 135.302008
9.210000	 135.302039
9.220000	 135.302596
9.230000	 135.303678
9.240000	 135.305286
9.250000	 135.307420
9.260000	 135.310080
9.270000	 135.313266
9.280000	 135.316979
9.290000	 135.321218
9.300000	 135.325983
9.310000	 135.331275
9.320000	 135.337093
9.330000	 135.343438
9.340000	 135.350310
9.350000	 135.357708
9.360000	 135.365634
9.370000	 135.374087
9.380000	 135.383067
9.390000	 135.392575
9.400000	 135.402609
9.410000	 135.413172
9.420000	 135.424262
9.430000	 135.435880
9.440000	 135.448026
9.450000	 135.460700
9.460000	 135.473903
9.470000	 135.487633
9.480000	 135.501893
9.490000	 135.516681
9.500000	 135.531997
9.510000	 135.547843
9.520000	 135.564218
9.530000	 135.581122
9.540000	 135.598556
9.550000	 135.616519
9.560000	 135.635012
9.570000	 135.654034
9.580000	 135.673587
9.590000	 135.693670
9.600000	 135.714284
9.610000	 135.735428
9.620000	 135.757103
9.630000	 135.779309
9.640000	 135.802046
9.650000	 135.825314
9.660000	 135.849114
9.670000	 135.873445
9.680000	 135.898309
9.690000	 135.923704
9.700000	 135.949632
9.710000	 135.976092
9.720000	 136.003085
9.730000	 136.030611
9.740000	 136.058670
9.750000	 136.087262
9.760000	 136.116388
9.770000	 136.146047
9.780000	 136.176240
9.790000	 136.206968
9.800000	 136.238230
9.810000	 136.270027
9.820000	 136.302358
9.830000	 136.335224
9.840000	 136.368626
9.850000	 136.402564
9.860000	 136.437037
9.870000	 136.472046
9.880000	 136.507591
9.890000	 136.543673
9.900000	 136.580291
9.910000	 136.617447
9.920000	 136.655140
9.930000	 136.693370
9.940000	 136.732138
9.950000	 136.771444
9.960000	 136.811288
9.970000	 136.851671
9.980000	 136.892592
9.990000	 136.934053
10.000000	 136.976053
