1	13 13 40.43	-48 47 13.8	13 13 40.43	-48 47 13.8	220.2	1.1
2	12 04 07.64	-07 32 26.8	12 04 07.64	-07 32 26.8	160.1	1.0
3	15 16 58.34	-12 35 19.3	15 16 58.34	-12 35 19.3	64.9	1.0
4	15 30 16.81	-21 40 28.0	15 30 16.81	-21 40 28.0	113.7	0.5
5	14 35 00.85	-26 43 36.8	14 35 00.85	-26 43 36.8	122.5	0.8
6	15 07 03.45	-11 22 34.8	15 07 03.45	-11 22 34.8	-13.7	2.4
7	04 01 33.83	-83 24 27.9	04 01 33.83	-83 24 27.9	148.6	0.7
8	14 30 24.93	-08 50 45.6	14 30 24.93	-08 50 45.6	15.6	0.8
9	14 49 26.41	-21 17 44.7	14 49 26.41	-21 17 44.7	78.1	0.8
10	14 46 18.81	-71 17 40.2	14 46 18.81	-71 17 40.2	164.0	0.8
11	15 25 54.50	-03 27 41.0	15 25 54.50	-03 27 41.0	51.4	0.9
12	12 47 22.91	-28 22 59.8	12 47 22.91	-28 22 59.8	241.2	0.6
13	14 47 34.53	-72 20 17.7	14 47 34.53	-72 20 17.7	235.8	1.1
14	12 31 13.69	-19 44 41.2	12 31 13.69	-19 44 41.2	158.0	1.1
15	11 08 42.12	-71 52 59.9	11 08 42.12	-71 52 59.9	272.7	0.8
16	23 57 50.04	-54 53 10.5	23 57 50.04	-54 53 10.5	6.4	0.8
17	23 50 19.27	-41 46 49.6	23 50 19.27	-41 46 49.6	-118.0	1.3
18	23 50 15.53	-34 52 23.2	23 50 15.53	-34 52 23.2	11.9	0.7
19	23 46 26.75	-65 52 35.0	23 46 26.75	-65 52 35.0	56.5	1.1
20	23 46 12.41	-64 50 21.7	23 46 12.41	-64 50 21.7	134.7	1.4
21	23 35 19.61	-73 24 43.1	23 35 19.61	-73 24 43.1	114.4	1.2
22	23 34 41.82	-61 43 18.3	23 34 41.82	-61 43 18.3	95.7	0.7
23	23 31 39.72	-61 17 55.3	23 31 39.72	-61 17 55.3	149.3	0.7
24	23 24 08.57	-42 07 35.6	23 24 08.57	-42 07 35.6	78.0	1.1
25	23 22 22.25	-51 26 30.0	23 22 22.25	-51 26 30.0	88.9	1.0
26	23 22 07.01	-40 30 30.6	23 22 07.01	-40 30 30.6	70.9	1.5
27	23 18 19.14	-58 19 42.3	23 18 19.14	-58 19 42.3	106.3	0.6
28	23 14 34.64	-66 25 59.5	23 14 34.64	-66 25 59.5	147.9	0.4
29	23 10 33.03	-55 58 01.1	23 10 33.03	-55 58 01.1	76.5	1.9
30	23 09 58.89	-67 05 37.6	23 09 58.89	-67 05 37.6	174.5	0.6
31	23 03 11.34	-53 47 00.3	23 03 11.34	-53 47 00.3	15.5	0.5
32	22 59 54.56	-42 52 04.7	22 59 54.56	-42 52 04.7	18.8	0.7
33	22 40 57.62	-59 33 04.5	22 40 57.62	-59 33 04.5	35.2	0.8
34	22 38 54.79	-45 23 16.4	22 38 54.79	-45 23 16.4	15.3	1.0
35	22 32 14.89	-70 53 45.0	22 32 14.89	-70 53 45.0	25.2	1.2
36	22 30 19.88	-50 40 13.5	22 30 19.88	-50 40 13.5	-125.4	0.6
37	22 20 36.38	-44 49 56.9	22 20 36.38	-44 49 56.9	113.7	1.0
38	22 15 15.03	-69 08 51.8	22 15 15.03	-69 08 51.8	165.8	1.0
39	22 12 08.42	-70 09 05.0	22 12 08.42	-70 09 05.0	157.9	1.0
40	22 12 08.40	-70 09 05.0	22 12 08.40	-70 09 05.0	156.4	0.5
41	22 11 32.88	-40 52 39.0	22 11 32.88	-40 52 39.0	-171.9	2.0
42	22 05 51.66	-48 30 30.0	22 05 51.66	-48 30 30.0	155.2	1.6
43	22 05 13.76	-70 43 47.2	22 05 13.76	-70 43 47.2	68.3	1.0
44	22 01 34.63	-60 01 47.1	22 01 34.63	-60 01 47.1	-56.6	0.9
45	21 53 14.24	-64 13 37.4	21 53 14.24	-64 13 37.4	234.2	0.6
46	21 26 00.29	-61 59 24.1	21 26 00.29	-61 59 24.1	33.4	0.7
47	21 25 00.40	-42 56 10.1	21 25 00.40	-42 56 10.1	-105.0	1.0
48	21 22 20.99	-54 52 15.6	21 22 20.99	-54 52 15.6	-6.0	0.6
49	21 13 16.97	-42 44 51.5	21 13 16.97	-42 44 51.5	-109.2	0.8
50	21 11 51.26	-52 57 07.3	21 11 51.26	-52 57 07.3	107.5	1.0
51	21 10 45.01	-52 17 34.0	21 10 45.01	-52 17 34.0	5.8	0.9
52	21 08 22.88	-63 53 48.6	21 08 22.88	-63 53 48.6	127.0	0.6
53	21 06 29.53	-60 26 17.6	21 06 29.53	-60 26 17.6	-4.8	1.4
54	21 06 23.70	-43 09 38.1	21 06 23.70	-43 09 38.1	-36.9	1.0
55	20 51 37.53	-52 44 55.8	20 51 37.53	-52 44 55.8	19.3	0.8
56	20 43 08.89	-53 25 41.1	20 43 08.89	-53 25 41.1	139.7	1.3
57	20 30 10.03	-60 02 31.1	20 30 10.03	-60 02 31.1	72.3	1.1
58	20 27 48.92	-65 32 32.9	20 27 48.92	-65 32 32.9	-31.4	0.8
59	20 27 23.87	-66 03 33.5	20 27 23.87	-66 03 33.5	246.7	0.8
60	20 25 48.67	-71 52 54.2	20 25 48.67	-71 52 54.2	145.0	0.7
61	20 24 29.23	-70 05 01.5	20 24 29.23	-70 05 01.5	4.9	0.8
62	20 21 57.80	-80 30 07.3	20 21 57.80	-80 30 07.3	211.2	1.4
63	20 21 41.10	-55 50 31.1	20 21 41.10	-55 50 31.1	18.7	0.6
64	20 13 44.21	-70 39 40.4	20 13 44.21	-70 39 40.4	108.7	1.0
65	20 13 27.70	-41 40 20.4	20 13 27.70	-41 40 20.4	-145.5	0.8
66	20 12 25.57	-49 05 22.2	20 12 25.57	-49 05 22.2	0.8	1.0
67	20 11 09.75	-41 49 23.8	20 11 09.75	-41 49 23.8	144.8	0.9
68	20 08 23.08	-44 55 51.7	20 08 23.08	-44 55 51.7	-8.0	1.2
69	20 05 44.63	-59 11 18.1	20 05 44.63	-59 11 18.1	-94.9	1.0
70	20 03 31.25	-54 06 30.0	20 03 31.25	-54 06 30.0	10.3	0.8
71	20 01 35.61	-47 07 15.1	20 01 35.61	-47 07 15.1	146.2	1.4
72	20 00 47.54	-61 24 50.5	20 00 47.54	-61 24 50.5	42.5	0.8
73	19 57 57.10	-51 54 39.2	19 57 57.10	-51 54 39.2	-38.5	1.2
74	19 57 00.86	-84 57 47.0	19 57 00.86	-84 57 47.0	154.5	1.1
75	19 50 56.54	-43 38 36.1	19 50 56.54	-43 38 36.1	-142.1	1.3
76	19 48 38.61	-50 31 38.3	19 48 38.61	-50 31 38.3	160.9	0.6
77	19 47 31.93	-55 07 25.6	19 47 31.93	-55 07 25.6	419.6	0.8
78	19 45 05.14	-61 47 34.5	19 45 05.14	-61 47 34.5	184.0	1.2
79	19 44 14.76	-45 19 23.2	19 44 14.76	-45 19 23.2	-137.7	0.7
80	19 44 12.71	-45 29 07.4	19 44 12.71	-45 29 07.4	27.8	0.6
81	19 43 32.82	-48 58 17.9	19 43 32.82	-48 58 17.9	-55.8	1.1
82	19 36 37.00	-62 12 21.1	19 36 37.00	-62 12 21.1	25.8	0.7
83	19 34 43.13	-46 21 30.6	19 34 43.13	-46 21 30.6	59.2	0.9
84	19 32 51.48	-47 25 41.1	19 32 51.48	-47 25 41.1	58.9	0.9
85	19 32 38.30	-39 43 18.2	19 32 38.30	-39 43 18.2	-353.5	0.8
86	19 31 31.61	-43 56 39.7	19 31 31.61	-43 56 39.7	77.9	0.7
87	19 31 07.95	-40 25 14.1	19 31 07.95	-40 25 14.1	-18.1	0.5
88	19 29 19.71	-38 59 30.5	19 29 19.71	-38 59 30.5	-119.2	1.1
89	19 29 09.38	-60 11 25.2	19 29 09.38	-60 11 25.2	-29.1	0.8
90	19 29 06.96	-50 17 37.4	19 29 06.96	-50 17 37.4	36.8	0.8
91	19 25 06.11	-68 38 02.6	19 25 06.11	-68 38 02.6	148.0	1.2
92	19 24 50.17	-53 13 52.6	19 24 50.17	-53 13 52.6	-48.2	0.7
93	19 23 09.66	-55 34 56.8	19 23 09.66	-55 34 56.8	191.4	0.8
94	19 23 07.62	-72 32 34.7	19 23 07.62	-72 32 34.7	54.0	1.3
95	19 22 14.70	-63 05 12.0	19 22 14.70	-63 05 12.0	17.3	0.6
96	19 21 48.35	-64 21 15.3	19 21 48.35	-64 21 15.3	198.6	0.7
97	19 19 31.41	-65 47 07.0	19 19 31.41	-65 47 07.0	310.6	1.0
98	19 16 29.69	-39 10 03.0	19 16 29.69	-39 10 03.0	-29.5	0.9
99	19 13 58.88	-49 34 03.6	19 13 58.88	-49 34 03.6	58.3	0.8
100	19 13 25.74	-64 25 47.7	19 13 25.74	-64 25 47.7	-6.0	0.9
101	19 11 35.67	-73 04 36.2	19 11 35.67	-73 04 36.2	143.1	0.7
102	19 11 22.23	-47 08 16.3	19 11 22.23	-47 08 16.3	-127.4	1.1
103	19 10 57.28	-60 01 24.5	19 10 57.28	-60 01 24.5	-30.0	1.1
104	19 05 52.78	-40 58 39.3	19 05 52.78	-40 58 39.3	-117.4	0.6
105	19 04 17.95	-41 14 15.7	19 04 17.95	-41 14 15.7	-65.2	0.9
106	19 03 22.49	-42 20 14.4	19 03 22.49	-42 20 14.4	138.3	0.9
107	19 02 54.94	-78 37 01.1	19 02 54.94	-78 37 01.1	281.5	1.1
108	18 47 40.42	-70 18 48.9	18 47 40.42	-70 18 48.9	235.1	0.5
109	18 46 51.94	-61 23 31.7	18 46 51.94	-61 23 31.7	163.5	0.7
110	18 44 38.80	-63 50 16.7	18 44 38.80	-63 50 16.7	25.0	1.2
111	18 42 02.48	-61 33 42.6	18 42 02.48	-61 33 42.6	95.7	1.1
112	18 41 21.03	-57 26 15.1	18 41 21.03	-57 26 15.1	25.6	0.6
113	18 40 20.39	-60 47 32.3	18 40 20.39	-60 47 32.3	-50.2	0.9
114	18 37 31.48	-76 05 12.6	18 37 31.48	-76 05 12.6	68.0	1.0
115	18 28 27.53	-78 05 56.9	18 28 27.53	-78 05 56.9	135.9	1.3
116	18 24 39.88	-62 26 05.8	18 24 39.88	-62 26 05.8	21.6	1.0
117	18 13 22.05	-42 09 11.5	18 13 22.05	-42 09 11.5	222.6	0.8
118	18 07 52.95	-42 18 05.1	18 07 52.95	-42 18 05.1	-63.2	0.6
119	17 59 40.52	-60 11 40.8	17 59 40.52	-60 11 40.8	31.5	1.2
120	17 40 06.82	-61 02 12.9	17 40 06.82	-61 02 12.9	262.4	0.5
121	17 25 55.44	-57 52 17.7	17 25 55.44	-57 52 17.7	397.0	0.8
122	17 18 11.89	-58 02 02.5	17 18 11.89	-58 02 02.5	183.1	0.5
123	17 14 59.78	-65 01 00.7	17 14 59.78	-65 01 00.7	333.5	0.4
124	16 11 35.87	-15 01 35.5	16 11 35.87	-15 01 35.5	-13.9	2.2
125	16 10 12.07	-71 19 50.1	16 10 12.07	-71 19 50.1	-20.1	2.2
126	16 09 26.28	-14 56 55.5	16 09 26.28	-14 56 55.5	106.5	0.6
127	16 07 22.65	-12 28 16.3	16 07 22.65	-12 28 16.3	-51.8	0.7
128	16 02 45.41	-15 51 45.4	16 02 45.41	-15 51 45.4	-147.4	0.6
129	15 53 48.08	-17 40 33.4	15 53 48.08	-17 40 33.4	-127.4	1.2
130	15 52 48.00	-74 25 29.0	15 52 48.00	-74 25 29.0	104.0	1.2
131	15 52 07.20	-10 02 44.0	15 52 07.20	-10 02 44.0	175.4	1.2
132	15 52 01.35	-09 35 13.8	15 52 01.35	-09 35 13.8	54.5	0.7
133	15 44 47.51	-18 30 35.7	15 44 47.51	-18 30 35.7	142.0	0.9
134	15 40 21.99	-19 40 16.9	15 40 21.99	-19 40 16.9	46.4	1.7
135	15 32 53.84	-14 50 48.5	15 32 53.84	-14 50 48.5	-32.1	1.1
136	15 31 58.87	-76 30 39.7	15 31 58.87	-76 30 39.7	143.1	0.9
137	15 31 17.79	-10 43 31.3	15 31 17.79	-10 43 31.3	62.0	1.4
138	15 31 16.40	-82 06 54.7	15 31 16.40	-82 06 54.7	136.5	1.8
139	15 29 15.08	-09 42 25.0	15 29 15.08	-09 42 25.0	-110.9	0.9
140	15 26 29.01	-20 34 54.1	15 26 29.01	-20 34 54.1	203.5	0.7
141	15 20 58.81	-17 53 00.7	15 20 58.81	-17 53 00.7	-45.6	0.8
142	15 19 56.73	-74 45 20.6	15 19 56.73	-74 45 20.6	109.7	0.8
143	15 17 04.43	-14 41 28.5	15 17 04.43	-14 41 28.5	97.1	1.0
144	15 15 53.97	-11 25 09.2	15 15 53.97	-11 25 09.2	63.8	1.6
145	15 14 53.14	-07 13 40.7	15 14 53.14	-07 13 40.7	60.9	1.5
146	15 12 02.06	-23 36 40.8	15 12 02.06	-23 36 40.8	-44.3	0.7
147	15 11 19.12	-13 05 38.2	15 11 19.12	-13 05 38.2	36.5	0.7
148	15 04 22.60	-04 24 11.5	15 04 22.60	-04 24 11.5	-58.7	1.1
149	15 03 36.68	-11 06 36.8	15 03 36.68	-11 06 36.8	29.3	0.6
150	15 01 59.97	-26 13 49.5	15 01 59.97	-26 13 49.5	-78.7	1.1
151	14 59 29.81	-38 52 55.9	14 59 29.81	-38 52 55.9	304.6	0.4
152	14 58 40.42	-22 41 20.5	14 58 40.42	-22 41 20.5	-65.6	1.0
153	14 57 57.44	-19 56 50.6	14 57 57.44	-19 56 50.6	22.4	0.6
154	14 53 13.68	-03 22 47.9	14 53 13.68	-03 22 47.9	-60.5	1.3
155	14 52 48.65	-45 05 49.7	14 52 48.65	-45 05 49.7	277.1	0.8
156	14 52 06.83	-66 22 15.2	14 52 06.83	-66 22 15.2	139.7	1.2
157	14 51 55.48	-16 53 25.5	14 51 55.48	-16 53 25.5	168.4	1.1
158	14 49 47.47	-12 49 05.2	14 49 47.47	-12 49 05.2	-49.5	1.3
159	14 49 40.66	-74 30 06.6	14 49 40.66	-74 30 06.6	137.6	1.0
160	14 48 35.88	-28 42 41.6	14 48 35.88	-28 42 41.6	159.9	0.9
161	14 44 51.52	-18 54 15.1	14 44 51.52	-18 54 15.1	-143.1	0.4
162	14 38 48.55	-39 19 50.6	14 38 48.55	-39 19 50.6	30.2	0.6
163	14 32 41.70	-41 45 09.9	14 32 41.70	-41 45 09.9	57.2	1.3
164	14 30 13.85	-23 17 38.7	14 30 13.85	-23 17 38.7	432.9	0.8
165	14 29 49.43	-68 27 06.9	14 29 49.43	-68 27 06.9	104.0	0.6
166	14 24 52.53	-77 20 01.8	14 24 52.53	-77 20 01.8	167.1	1.3
167	14 23 59.41	-02 27 33.5	14 23 59.41	-02 27 33.5	141.9	0.9
168	14 19 17.09	-13 15 27.1	14 19 17.09	-13 15 27.1	27.7	0.8
169	14 19 17.09	-13 15 27.0	14 19 17.09	-13 15 27.0	28.1	0.8
170	14 16 57.68	-14 20 16.3	14 16 57.68	-14 20 16.3	-28.2	1.5
171	14 13 30.51	-74 22 15.7	14 13 30.51	-74 22 15.7	125.9	0.6
172	14 11 57.53	-41 50 37.3	14 11 57.53	-41 50 37.3	91.7	0.3
173	14 07 07.02	-40 19 03.7	14 07 07.02	-40 19 03.7	226.9	0.5
174	14 03 38.61	-12 43 47.7	14 03 38.61	-12 43 47.7	-89.6	1.0
175	14 01 58.36	-26 25 26.1	14 01 58.36	-26 25 26.1	-24.6	0.8
176	14 00 28.33	-10 04 40.5	14 00 28.33	-10 04 40.5	-66.0	0.7
177	13 51 41.20	-51 42 56.2	13 51 41.20	-51 42 56.2	232.2	1.2
178	13 49 19.76	-07 21 04.7	13 49 19.76	-07 21 04.7	200.8	0.9
179	13 47 58.83	-77 13 23.4	13 47 58.83	-77 13 23.4	259.6	0.9
180	13 47 45.61	-74 32 47.8	13 47 45.61	-74 32 47.8	-1.5	0.8
181	13 40 35.18	-80 11 01.8	13 40 35.18	-80 11 01.8	100.2	0.7
182	13 39 34.13	-53 37 17.9	13 39 34.13	-53 37 17.9	304.2	0.7
183	13 38 41.69	-18 39 18.7	13 38 41.69	-18 39 18.7	113.9	0.6
184	13 38 17.66	-10 31 20.8	13 38 17.66	-10 31 20.8	3.3	1.3
185	13 33 52.82	-26 23 53.9	13 33 52.82	-26 23 53.9	65.9	0.6
186	13 21 13.63	-17 45 09.9	13 21 13.63	-17 45 09.9	80.7	0.6
187	13 17 44.47	-26 18 49.4	13 17 44.47	-26 18 49.4	-14.8	1.1
188	13 11 41.13	-08 38 09.8	13 11 41.13	-08 38 09.8	107.3	0.7
189	13 11 22.80	-41 25 11.2	13 11 22.80	-41 25 11.2	84.4	1.3
190	13 10 15.13	-17 08 24.3	13 10 15.13	-17 08 24.3	52.6	1.0
191	13 02 34.89	-38 45 54.3	13 02 34.89	-38 45 54.3	-54.5	1.0
192	13 01 03.21	-40 38 28.0	13 01 03.21	-40 38 28.0	182.5	1.2
193	12 57 45.40	-19 05 00.6	12 57 45.40	-19 05 00.6	215.5	1.6
194	12 53 51.30	-68 00 27.3	12 53 51.30	-68 00 27.3	205.8	0.9
195	12 46 24.03	-23 15 33.0	12 46 24.03	-23 15 33.0	101.2	1.7
196	12 44 08.09	-30 01 47.5	12 44 08.09	-30 01 47.5	167.2	1.2
197	12 42 52.20	-05 09 43.1	12 42 52.20	-05 09 43.1	161.4	0.8
198	12 41 20.15	-08 05 46.6	12 41 20.15	-08 05 46.6	59.9	1.6
199	12 40 10.72	-23 36 50.2	12 40 10.72	-23 36 50.2	73.2	1.2
200	12 31 38.92	-47 15 18.3	12 31 38.92	-47 15 18.3	174.7	0.8
201	12 16 53.24	-14 00 31.8	12 16 53.24	-14 00 31.8	115.7	0.7
202	12 16 16.85	-49 16 16.0	12 16 16.85	-49 16 16.0	162.1	1.5
203	12 14 53.59	-48 48 31.3	12 14 53.59	-48 48 31.3	118.1	1.5
204	12 08 21.88	-43 22 21.6	12 08 21.88	-43 22 21.6	244.4	0.7
205	12 00 40.80	-25 15 29.6	12 00 40.80	-25 15 29.6	63.0	0.7
206	11 59 16.35	-44 01 16.8	11 59 16.35	-44 01 16.8	24.9	0.6
207	11 58 28.62	-15 10 02.3	11 58 28.62	-15 10 02.3	37.3	1.3
208	11 55 31.69	-46 39 30.9	11 55 31.69	-46 39 30.9	316.6	0.9
209	11 51 50.11	-05 45 44.2	11 51 50.11	-05 45 44.2	229.9	0.4
210	11 51 13.12	-30 05 52.1	11 51 13.12	-30 05 52.1	553.3	0.9
211	11 41 05.73	-01 32 43.3	11 41 05.73	-01 32 43.3	507.9	1.3
212	11 39 00.98	-05 58 14.1	11 39 00.98	-05 58 14.1	238.6	0.9
213	11 38 19.22	-12 14 19.1	11 38 19.22	-12 14 19.1	71.7	1.2
214	11 37 25.39	-20 43 07.5	11 37 25.39	-20 43 07.5	126.5	0.8
215	11 35 23.63	-12 45 52.2	11 35 23.63	-12 45 52.2	242.8	0.7
216	11 26 19.58	-10 54 47.0	11 26 19.58	-10 54 47.0	184.6	0.7
217	11 24 05.49	-02 08 15.6	11 24 05.49	-02 08 15.6	327.4	0.9
218	11 20 58.28	-42 51 23.4	11 20 58.28	-42 51 23.4	459.5	0.5
219	11 10 21.45	-29 17 26.0	11 10 21.45	-29 17 26.0	321.1	0.6
220	11 08 11.91	-52 02 41.7	11 08 11.91	-52 02 41.7	334.6	0.9
221	11 07 21.02	+00 18 01.0	11 07 21.02	+00 18 01.0	49.7	0.5
222	11 01 38.21	-50 29 23.8	11 01 38.21	-50 29 23.8	392.0	0.6
223	11 01 06.58	-19 33 07.9	11 01 06.58	-19 33 07.9	252.1	0.8
224	10 57 30.54	-13 39 35.8	10 57 30.54	-13 39 35.8	233.3	1.1
225	10 47 55.72	-02 14 10.5	10 47 55.72	-02 14 10.5	232.0	0.6
226	10 46 52.95	-78 38 22.8	10 46 52.95	-78 38 22.8	222.8	0.5
227	10 45 18.30	-13 40 22.7	10 45 18.30	-13 40 22.7	265.1	0.8
228	10 44 23.82	-16 29 30.0	10 44 23.82	-16 29 30.0	316.0	1.2
229	10 43 25.51	-41 26 53.6	10 43 25.51	-41 26 53.6	375.9	0.8
230	10 33 51.02	-14 10 49.9	10 33 51.02	-14 10 49.9	318.6	0.6
231	10 33 36.22	-47 08 17.6	10 33 36.22	-47 08 17.6	272.3	0.8
232	10 28 38.99	-67 37 36.6	10 28 38.99	-67 37 36.6	206.0	0.6
233	10 25 59.74	-15 01 42.4	10 25 59.74	-15 01 42.4	366.4	0.7
234	10 20 48.64	-34 01 15.6	10 20 48.64	-34 01 15.6	298.3	0.7
235	10 18 39.11	-38 33 34.6	10 18 39.11	-38 33 34.6	372.4	0.8
236	10 17 52.05	-46 14 06.6	10 17 52.05	-46 14 06.6	483.9	0.6
237	10 16 48.89	-46 18 06.9	10 16 48.89	-46 18 06.9	496.4	0.9
238	10 16 40.52	-46 32 20.5	10 16 40.52	-46 32 20.5	493.9	0.8
239	10 15 39.94	-14 21 54.9	10 15 39.94	-14 21 54.9	304.4	1.4
240	10 14 05.64	-46 28 40.6	10 14 05.64	-46 28 40.6	494.6	0.6
241	09 53 06.07	-25 28 55.4	09 53 06.07	-25 28 55.4	369.1	0.7
242	09 43 23.00	-28 58 09.5	09 43 23.00	-28 58 09.5	323.0	0.6
243	09 38 45.46	-33 39 05.8	09 38 45.46	-33 39 05.8	322.2	0.6
244	09 19 46.68	-13 51 43.7	09 19 46.68	-13 51 43.7	292.7	1.0
245	09 17 11.34	-58 13 43.3	09 17 11.34	-58 13 43.3	262.5	0.4
246	09 15 25.70	-12 01 12.7	09 15 25.70	-12 01 12.7	198.7	0.8
247	09 15 20.91	-16 16 38.2	09 15 20.91	-16 16 38.2	264.7	0.8
248	09 14 22.29	-21 33 15.8	09 14 22.29	-21 33 15.8	328.5	1.0
249	08 52 31.05	-20 30 05.5	08 52 31.05	-20 30 05.5	162.2	2.3
250	08 42 16.56	-60 25 13.3	08 42 16.56	-60 25 13.3	385.1	0.9
251	08 34 56.81	-31 11 06.4	08 34 56.81	-31 11 06.4	302.8	0.7
252	08 07 34.39	-48 00 32.1	08 07 34.39	-48 00 32.1	345.4	1.2
253	07 29 34.05	-42 18 28.7	07 29 34.05	-42 18 28.7	341.7	0.7
254	07 29 23.27	-40 55 26.2	07 29 23.27	-40 55 26.2	309.3	0.5
255	07 14 40.25	-30 55 32.6	07 14 40.25	-30 55 32.6	425.0	0.9
256	07 08 47.73	-76 13 10.2	07 08 47.73	-76 13 10.2	158.0	0.4
257	07 06 29.95	-55 23 36.8	07 06 29.95	-55 23 36.8	283.3	0.6
258	07 06 21.95	-45 26 25.6	07 06 21.95	-45 26 25.6	348.1	0.9
259	07 00 02.03	-38 32 43.0	07 00 02.03	-38 32 43.0	217.4	1.3
260	06 58 07.11	-33 31 06.5	06 58 07.11	-33 31 06.5	306.3	1.0
261	06 53 52.61	-45 28 06.3	06 53 52.61	-45 28 06.3	258.5	1.5
262	06 50 51.64	-40 57 22.4	06 50 51.64	-40 57 22.4	317.3	0.9
263	06 41 01.46	-66 27 31.1	06 41 01.46	-66 27 31.1	377.3	0.9
264	06 40 35.37	-48 39 32.9	06 40 35.37	-48 39 32.9	247.3	0.7
265	06 38 55.61	-33 10 07.7	06 38 55.61	-33 10 07.7	66.1	1.1
266	06 36 45.22	-46 30 57.9	06 36 45.22	-46 30 57.9	253.5	0.9
267	06 34 22.91	-55 52 07.2	06 34 22.91	-55 52 07.2	334.4	0.5
268	06 34 01.06	-59 29 27.4	06 34 01.06	-59 29 27.4	289.4	0.7
269	06 23 31.05	-47 24 41.1	06 23 31.05	-47 24 41.1	183.4	1.1
270	06 20 00.16	-38 34 20.4	06 20 00.16	-38 34 20.4	347.8	2.2
271	06 16 32.47	-37 21 53.2	06 16 32.47	-37 21 53.2	266.2	0.9
272	06 05 28.82	-44 38 18.9	06 05 28.82	-44 38 18.9	253.3	0.6
273	05 58 02.61	-58 33 07.5	05 58 02.61	-58 33 07.5	48.0	0.9
274	05 57 17.19	-69 11 11.7	05 57 17.19	-69 11 11.7	265.6	0.8
275	05 53 31.95	-40 27 16.8	05 53 31.95	-40 27 16.8	316.4	1.1
276	05 37 56.92	-37 55 25.5	05 37 56.92	-37 55 25.5	186.0	1.0
277	05 25 14.42	-49 03 00.6	05 25 14.42	-49 03 00.6	251.8	1.2
278	05 20 06.43	-80 32 22.5	05 20 06.43	-80 32 22.5	269.5	0.6
279	05 16 18.29	-40 47 41.6	05 16 18.29	-40 47 41.6	167.7	0.8
280	05 00 55.57	-60 34 02.7	05 00 55.57	-60 34 02.7	370.7	1.0
281	05 00 55.53	-60 34 02.9	05 00 55.53	-60 34 02.9	370.8	1.0
282	04 58 56.92	-54 10 39.6	04 58 56.92	-54 10 39.6	187.1	1.7
283	04 34 30.18	-58 55 11.3	04 34 30.18	-58 55 11.3	206.5	0.9
284	04 25 44.28	-46 10 36.2	04 25 44.28	-46 10 36.2	128.3	1.4
285	04 17 30.79	-74 55 57.0	04 17 30.79	-74 55 57.0	332.0	1.2
286	03 52 29.21	-84 59 27.4	03 52 29.21	-84 59 27.4	264.3	0.6
287	03 42 25.94	-69 39 43.9	03 42 25.94	-69 39 43.9	320.0	0.6
288	03 42 10.31	-39 12 52.3	03 42 10.31	-39 12 52.3	233.5	1.1
289	03 34 40.19	-67 14 03.8	03 34 40.19	-67 14 03.8	205.5	0.8
290	03 33 38.94	-56 39 59.5	03 33 38.94	-56 39 59.5	102.4	0.8
291	03 28 25.47	-82 33 56.3	03 28 25.47	-82 33 56.3	196.7	0.5
292	03 25 45.37	-40 27 42.2	03 25 45.37	-40 27 42.2	73.5	1.8
293	03 23 39.73	-74 40 53.9	03 23 39.73	-74 40 53.9	242.5	0.8
294	03 11 59.57	-54 00 18.4	03 11 59.57	-54 00 18.4	361.4	0.8
295	02 59 31.67	-60 37 23.4	02 59 31.67	-60 37 23.4	51.6	0.7
296	02 57 57.72	-56 13 31.0	02 57 57.72	-56 13 31.0	165.7	1.2
297	02 57 57.69	-56 13 30.8	02 57 57.69	-56 13 30.8	169.6	0.8
298	02 07 04.39	-48 53 00.1	02 07 04.39	-48 53 00.1	99.9	0.6
299	02 07 04.38	-48 52 59.9	02 07 04.38	-48 52 59.9	100.3	1.0
300	02 05 38.65	-51 00 13.9	02 05 38.65	-51 00 13.9	241.7	0.5
301	02 01 45.21	-48 01 45.2	02 01 45.21	-48 01 45.2	120.4	1.2
302	01 59 29.30	-38 49 07.5	01 59 29.30	-38 49 07.5	97.2	1.0
303	01 58 12.72	-49 17 58.8	01 58 12.72	-49 17 58.8	278.7	1.5
304	01 54 40.91	-37 13 39.4	01 54 40.91	-37 13 39.4	192.7	1.7
305	01 52 56.19	-40 03 25.0	01 52 56.19	-40 03 25.0	139.3	1.2
306	01 44 34.43	-59 29 36.0	01 44 34.43	-59 29 36.0	202.3	1.0
307	01 39 38.29	-39 04 02.1	01 39 38.29	-39 04 02.1	27.7	0.9
308	01 39 23.04	-58 24 05.3	01 39 23.04	-58 24 05.3	100.1	1.4
309	01 39 18.44	-43 27 16.3	01 39 18.44	-43 27 16.3	44.6	0.6
310	01 33 05.86	-59 34 04.9	01 33 05.86	-59 34 04.9	168.0	1.0
311	01 33 05.86	-59 34 04.8	01 33 05.86	-59 34 04.8	167.5	1.1
312	01 30 31.83	-43 42 56.3	01 30 31.83	-43 42 56.3	76.4	0.7
313	01 28 21.06	-43 38 49.6	01 28 21.06	-43 38 49.6	84.1	0.9
314	01 24 52.58	-48 36 31.8	01 24 52.58	-48 36 31.8	165.0	1.3
315	01 24 33.56	-55 59 46.4	01 24 33.56	-55 59 46.4	113.8	0.6
316	01 24 15.55	-66 26 46.6	01 24 15.55	-66 26 46.6	164.3	3.1
317	01 13 24.37	-80 46 33.2	01 13 24.37	-80 46 33.2	227.5	0.7
318	01 03 41.27	-38 05 56.1	01 03 41.27	-38 05 56.1	-40.9	1.0
319	00 59 54.21	-33 02 38.0	00 59 54.21	-33 02 38.0	41.9	0.6
320	00 46 29.56	-45 22 14.3	00 46 29.56	-45 22 14.3	85.3	0.9
321	00 45 56.27	-60 45 20.5	00 45 56.27	-60 45 20.5	211.8	0.9
322	00 36 16.08	-75 22 05.7	00 36 16.08	-75 22 05.7	87.0	1.1
323	00 31 35.21	-60 58 46.0	00 31 35.21	-60 58 46.0	111.1	0.8
324	00 26 52.76	-39 29 18.7	00 26 52.76	-39 29 18.7	27.1	0.9
325	00 25 42.34	-71 11 24.6	00 25 42.34	-71 11 24.6	106.1	1.0
326	00 18 58.57	-60 42 10.9	00 18 58.57	-60 42 10.9	101.5	1.2
327	00 11 52.68	-71 18 59.6	00 11 52.68	-71 18 59.6	95.0	1.2
328	00 09 01.88	-63 12 24.5	00 09 01.88	-63 12 24.5	24.6	0.6
329	00 09 01.87	-63 12 24.4	00 09 01.87	-63 12 24.4	24.9	0.6
