0.010000	 381.433916
0.020000	 418.109923
0.030000	 436.838009
0.040000	 447.642858
0.050000	 454.010218
0.060000	 457.586394
0.070000	 459.281427
0.080000	 459.649991
0.090000	 459.053542
0.100000	 457.739373
0.110000	 455.883034
0.120000	 453.612802
0.130000	 451.024603
0.140000	 448.191533
0.150000	 445.170167
0.160000	 442.004855
0.170000	 438.730749
0.180000	 435.375956
0.190000	 431.963125
0.200000	 428.510618
0.210000	 425.033399
0.220000	 421.543711
0.230000	 418.051604
0.240000	 414.565340
0.250000	 411.091723
0.260000	 407.636354
0.270000	 404.203839
0.280000	 400.797961
0.290000	 397.421809
0.300000	 394.077899
0.310000	 390.768259
0.320000	 387.494510
0.330000	 384.257927
0.340000	 381.059495
0.350000	 377.899950
0.360000	 374.779818
0.370000	 371.699449
0.380000	 368.659041
0.390000	 365.658663
0.400000	 362.698276
0.410000	 359.777749
0.420000	 356.896873
0.430000	 354.055372
0.440000	 351.252916
0.450000	 348.489128
0.460000	 345.763595
0.470000	 343.075867
0.480000	 340.425473
0.490000	 337.811919
0.500000	 335.234693
0.510000	 332.693271
0.520000	 330.187121
0.530000	 327.715700
0.540000	 325.278464
0.550000	 322.874864
0.560000	 320.504353
0.570000	 318.166380
0.580000	 315.860402
0.590000	 313.585874
0.600000	 311.342257
0.610000	 309.129020
0.620000	 306.945632
0.630000	 304.791572
0.640000	 302.666326
0.650000	 300.569384
0.660000	 298.500246
0.670000	 296.458421
0.680000	 294.443421
0.690000	 292.454771
0.700000	 290.492002
0.710000	 288.554652
0.720000	 286.642271
0.730000	 284.754414
0.740000	 282.890646
0.750000	 281.050539
0.760000	 279.233675
0.770000	 277.439641
0.780000	 275.668037
0.790000	 273.918466
0.800000	 272.190542
0.810000	 270.483887
0.820000	 268.798127
0.830000	 267.132901
0.840000	 265.487851
0.850000	 263.862628
0.860000	 262.256891
0.870000	 260.670304
0.880000	 259.102540
0.890000	 257.553278
0.900000	 256.022203
0.910000	 254.509007
0.920000	 253.013389
0.930000	 251.535054
0.940000	 250.073712
0.950000	 248.629080
0.960000	 247.200881
0.970000	 245.788843
0.980000	 244.392701
0.990000	 243.012193
1.010000	 240.297067
1.020000	 238.961954
1.030000	 237.641486
1.040000	 236.335428
1.050000	 235.043551
1.060000	 233.765628
1.070000	 232.501439
1.080000	 231.250768
1.090000	 230.013402
1.100000	 228.789134
1.110000	 227.577760
1.120000	 226.379080
1.130000	 225.192899
1.140000	 224.019024
1.150000	 222.857269
1.160000	 221.707449
1.170000	 220.569382
1.180000	 219.442893
1.190000	 218.327806
1.200000	 217.223953
1.210000	 216.131166
1.220000	 215.049280
1.230000	 213.978136
1.240000	 212.917576
1.250000	 211.867445
1.260000	 210.827592
1.270000	 209.797868
1.280000	 208.778127
1.290000	 207.768225
1.300000	 206.768022
1.310000	 205.777380
1.320000	 204.796164
1.330000	 203.824241
1.340000	 202.861480
1.350000	 201.907754
1.360000	 200.962936
1.370000	 200.026903
1.380000	 199.099535
1.390000	 198.180711
1.400000	 197.270316
1.410000	 196.368234
1.420000	 195.474352
1.430000	 194.588561
1.440000	 193.710751
1.450000	 192.840815
1.460000	 191.978649
1.470000	 191.124149
1.480000	 190.277213
1.490000	 189.437744
1.500000	 188.605642
1.510000	 187.780811
1.520000	 186.963157
1.530000	 186.152587
1.540000	 185.349010
1.550000	 184.552336
1.560000	 183.762477
1.570000	 182.979345
1.580000	 182.202857
1.590000	 181.432926
1.600000	 180.669473
1.610000	 179.912414
1.620000	 179.161671
1.630000	 178.417164
1.640000	 177.678818
1.650000	 176.946555
1.660000	 176.220301
1.670000	 175.499983
1.680000	 174.785529
1.690000	 174.076866
1.700000	 173.373926
1.710000	 172.676639
1.720000	 171.984938
1.730000	 171.298756
1.740000	 170.618026
1.750000	 169.942686
1.760000	 169.272670
1.770000	 168.607917
1.780000	 167.948365
1.790000	 167.293953
1.800000	 166.644621
1.810000	 166.000310
1.820000	 165.360963
1.830000	 164.726523
1.840000	 164.096932
1.850000	 163.472137
1.860000	 162.852082
1.870000	 162.236714
1.880000	 161.625980
1.890000	 161.019828
1.900000	 160.418206
1.910000	 159.821065
1.920000	 159.228353
1.930000	 158.640023
1.940000	 158.056025
1.950000	 157.476313
1.960000	 156.900839
1.970000	 156.329556
1.980000	 155.762420
1.990000	 155.199386
2.000000	 154.640408
2.010000	 154.085444
2.020000	 153.534450
2.030000	 152.987384
2.040000	 152.444205
2.050000	 151.904870
2.060000	 151.369339
2.070000	 150.837573
2.080000	 150.309531
2.090000	 149.785175
2.100000	 149.264467
2.110000	 148.747367
2.120000	 148.233839
2.130000	 147.723847
2.140000	 147.217353
2.150000	 146.714322
2.160000	 146.214719
2.170000	 145.718508
2.180000	 145.225655
2.190000	 144.736126
2.200000	 144.249888
2.210000	 143.766908
2.220000	 143.287152
2.230000	 142.810590
2.240000	 142.337188
2.250000	 141.866916
2.260000	 141.399743
2.270000	 140.935638
2.280000	 140.474571
2.290000	 140.016513
2.300000	 139.561433
2.310000	 139.109304
2.320000	 138.660096
2.330000	 138.213781
2.340000	 137.770332
2.350000	 137.329720
2.360000	 136.891920
2.370000	 136.456903
2.380000	 136.024644
2.390000	 135.595116
2.400000	 135.168293
2.410000	 134.744151
2.420000	 134.322663
2.430000	 133.903805
2.440000	 133.487553
2.450000	 133.073882
2.460000	 132.662768
2.470000	 132.254188
2.480000	 131.848118
2.490000	 131.444536
2.500000	 131.043418
2.510000	 130.644741
2.520000	 130.248485
2.530000	 129.854626
2.540000	 129.463143
2.550000	 129.074015
2.560000	 128.687220
2.570000	 128.302737
2.580000	 127.920547
2.590000	 127.540627
2.600000	 127.162959
2.610000	 126.787522
2.620000	 126.414297
2.630000	 126.043263
2.640000	 125.674402
2.650000	 125.307695
2.660000	 124.943123
2.670000	 124.580667
2.680000	 124.220309
2.690000	 123.862030
2.700000	 123.505814
2.710000	 123.151641
2.720000	 122.799495
2.730000	 122.449358
2.740000	 122.101213
2.750000	 121.755043
2.760000	 121.410831
2.770000	 121.068561
2.780000	 120.728216
2.790000	 120.389781
2.800000	 120.053238
2.810000	 119.718572
2.820000	 119.385768
2.830000	 119.054811
2.840000	 118.725683
2.850000	 118.398372
2.860000	 118.072861
2.870000	 117.749135
2.880000	 117.427181
2.890000	 117.106983
2.900000	 116.788528
2.910000	 116.471801
2.920000	 116.156787
2.930000	 115.843474
2.940000	 115.531847
2.950000	 115.221894
2.960000	 114.913599
2.970000	 114.606950
2.980000	 114.301935
2.990000	 113.998539
3.000000	 113.696751
3.010000	 113.396556
3.020000	 113.097944
3.030000	 112.800900
3.040000	 112.505414
3.050000	 112.211472
3.060000	 111.919063
3.070000	 111.628174
3.080000	 111.338794
3.090000	 111.050911
3.100000	 110.764514
3.110000	 110.479590
3.120000	 110.196129
3.130000	 109.914120
3.140000	 109.633551
3.150000	 109.354411
3.160000	 109.076690
3.170000	 108.800376
3.180000	 108.525459
3.190000	 108.251928
3.200000	 107.979773
3.210000	 107.708984
3.220000	 107.439549
3.230000	 107.171460
3.240000	 106.904706
3.250000	 106.639277
3.260000	 106.375164
3.270000	 106.112355
3.280000	 105.850843
3.290000	 105.590617
3.300000	 105.331667
3.310000	 105.073985
3.320000	 104.817561
3.330000	 104.562386
3.340000	 104.308451
3.350000	 104.055746
3.360000	 103.804264
3.370000	 103.553994
3.380000	 103.304929
3.390000	 103.057059
3.400000	 102.810376
3.410000	 102.564872
3.420000	 102.320537
3.430000	 102.077365
3.440000	 101.835345
3.450000	 101.594471
3.460000	 101.354734
3.470000	 101.116126
3.480000	 100.878640
3.490000	 100.642266
3.500000	 100.406998
3.510000	 100.172827
3.520000	 99.939747
3.530000	 99.707749
3.540000	 99.476826
3.550000	 99.246970
3.560000	 99.018174
3.570000	 98.790431
3.580000	 98.563733
3.590000	 98.338074
3.600000	 98.113446
3.610000	 97.889842
3.620000	 97.667255
3.630000	 97.445678
3.640000	 97.225104
3.650000	 97.005527
3.660000	 96.786940
3.670000	 96.569336
3.680000	 96.352708
3.690000	 96.137050
3.700000	 95.922356
3.710000	 95.708618
3.720000	 95.495831
3.730000	 95.283988
3.740000	 95.073084
3.750000	 94.863111
3.760000	 94.654063
3.770000	 94.445935
3.780000	 94.238721
3.790000	 94.032413
3.800000	 93.827008
3.810000	 93.622497
3.820000	 93.418877
3.830000	 93.216140
3.840000	 93.014282
3.850000	 92.813296
3.860000	 92.613177
3.870000	 92.413919
3.880000	 92.215516
3.890000	 92.017964
3.900000	 91.821257
3.910000	 91.625389
3.920000	 91.430355
3.930000	 91.236149
3.940000	 91.042767
3.950000	 90.850203
3.960000	 90.658451
3.970000	 90.467508
3.980000	 90.277367
3.990000	 90.088024
4.000000	 89.899474
4.010000	 89.711711
4.020000	 89.524731
4.030000	 89.338529
4.040000	 89.153099
4.050000	 88.968438
4.060000	 88.784541
4.070000	 88.601402
4.080000	 88.419017
4.090000	 88.237381
4.100000	 88.056491
4.110000	 87.876340
4.120000	 87.696925
4.130000	 87.518241
4.140000	 87.340284
4.150000	 87.163049
4.160000	 86.986532
4.170000	 86.810728
4.180000	 86.635634
4.190000	 86.461244
4.200000	 86.287555
4.210000	 86.114563
4.220000	 85.942262
4.230000	 85.770650
4.240000	 85.599722
4.250000	 85.429474
4.260000	 85.259901
4.270000	 85.091001
4.280000	 84.922768
4.290000	 84.755199
4.300000	 84.588290
4.310000	 84.422037
4.320000	 84.256437
4.330000	 84.091484
4.340000	 83.927177
4.350000	 83.763510
4.360000	 83.600480
4.370000	 83.438083
4.380000	 83.276316
4.390000	 83.115175
4.400000	 82.954657
4.410000	 82.794757
4.420000	 82.635472
4.430000	 82.476799
4.440000	 82.318735
4.450000	 82.161274
4.460000	 82.004415
4.470000	 81.848154
4.480000	 81.692487
4.490000	 81.537411
4.500000	 81.382922
4.510000	 81.229018
4.520000	 81.075695
4.530000	 80.922949
4.540000	 80.770778
4.550000	 80.619178
4.560000	 80.468145
4.570000	 80.317678
4.580000	 80.167772
4.590000	 80.018424
4.600000	 79.869632
4.610000	 79.721392
4.620000	 79.573702
4.630000	 79.426557
4.640000	 79.279955
4.650000	 79.133894
4.660000	 78.988369
4.670000	 78.843379
4.680000	 78.698920
4.690000	 78.554989
4.700000	 78.411584
4.710000	 78.268701
4.720000	 78.126338
4.730000	 77.984492
4.740000	 77.843160
4.750000	 77.702338
4.760000	 77.562026
4.770000	 77.422219
4.780000	 77.282915
4.790000	 77.144112
4.800000	 77.005805
4.810000	 76.867994
4.820000	 76.730676
4.830000	 76.593846
4.840000	 76.457504
4.850000	 76.321646
4.860000	 76.186270
4.870000	 76.051373
4.880000	 75.916954
4.890000	 75.783008
4.900000	 75.649534
4.910000	 75.516529
4.920000	 75.383991
4.930000	 75.251917
4.940000	 75.120305
4.950000	 74.989152
4.960000	 74.858456
4.970000	 74.728215
4.980000	 74.598427
4.990000	 74.469088
5.000000	 74.340197
5.010000	 74.211751
5.020000	 74.083748
5.030000	 73.956186
5.040000	 73.829062
5.050000	 73.702374
5.060000	 73.576120
5.070000	 73.450298
5.080000	 73.324905
5.090000	 73.199939
5.100000	 73.075399
5.110000	 72.951281
5.120000	 72.827585
5.130000	 72.704307
5.140000	 72.581445
5.150000	 72.458998
5.160000	 72.336963
5.170000	 72.215338
5.180000	 72.094121
5.190000	 71.973311
5.200000	 71.852904
5.210000	 71.732900
5.220000	 71.613295
5.230000	 71.494089
5.240000	 71.375278
5.250000	 71.256862
5.260000	 71.138838
5.270000	 71.021204
5.280000	 70.903958
5.290000	 70.787099
5.300000	 70.670623
5.310000	 70.554531
5.320000	 70.438819
5.330000	 70.323486
5.340000	 70.208529
5.350000	 70.093948
5.360000	 69.979740
5.370000	 69.865903
5.380000	 69.752436
5.390000	 69.639337
5.400000	 69.526604
5.410000	 69.414234
5.420000	 69.302228
5.430000	 69.190582
5.440000	 69.079295
5.450000	 68.968365
5.460000	 68.857791
5.470000	 68.747571
5.480000	 68.637703
5.490000	 68.528185
5.500000	 68.419016
5.510000	 68.310194
5.520000	 68.201717
5.530000	 68.093585
5.540000	 67.985794
5.550000	 67.878344
5.560000	 67.771233
5.570000	 67.664459
5.580000	 67.558021
5.590000	 67.451917
5.600000	 67.346146
5.610000	 67.240706
5.620000	 67.135595
5.630000	 67.030812
5.640000	 66.926355
5.650000	 66.822224
5.660000	 66.718416
5.670000	 66.614929
5.680000	 66.511763
5.690000	 66.408916
5.700000	 66.306386
5.710000	 66.204172
5.720000	 66.102273
5.730000	 66.000686
5.740000	 65.899411
5.750000	 65.798447
5.760000	 65.697791
5.770000	 65.597442
5.780000	 65.497399
5.790000	 65.397661
5.800000	 65.298225
5.810000	 65.199092
5.820000	 65.100259
5.830000	 65.001725
5.840000	 64.903488
5.850000	 64.805548
5.860000	 64.707903
5.870000	 64.610551
5.880000	 64.513491
5.890000	 64.416723
5.900000	 64.320244
5.910000	 64.224054
5.920000	 64.128151
5.930000	 64.032533
5.940000	 63.937200
5.950000	 63.842151
5.960000	 63.747383
5.970000	 63.652896
5.980000	 63.558688
5.990000	 63.464759
6.000000	 63.371107
6.010000	 63.277731
6.020000	 63.184629
6.030000	 63.091800
6.040000	 62.999244
6.050000	 62.906959
6.060000	 62.814943
6.070000	 62.723196
6.080000	 62.631717
6.090000	 62.540503
6.100000	 62.449555
6.110000	 62.358871
6.120000	 62.268449
6.130000	 62.178289
6.140000	 62.088390
6.150000	 61.998750
6.160000	 61.909369
6.170000	 61.820244
6.180000	 61.731376
6.190000	 61.642762
6.200000	 61.554402
6.210000	 61.466295
6.220000	 61.378440
6.230000	 61.290835
6.240000	 61.203480
6.250000	 61.116373
6.260000	 61.029514
6.270000	 60.942901
6.280000	 60.856533
6.290000	 60.770410
6.300000	 60.684530
6.310000	 60.598892
6.320000	 60.513495
6.330000	 60.428338
6.340000	 60.343420
6.350000	 60.258741
6.360000	 60.174298
6.370000	 60.090092
6.380000	 60.006121
6.390000	 59.922384
6.400000	 59.838880
6.410000	 59.755609
6.420000	 59.672569
6.430000	 59.589759
6.440000	 59.507178
6.450000	 59.424825
6.460000	 59.342701
6.470000	 59.260802
6.480000	 59.179129
6.490000	 59.097681
6.500000	 59.016456
6.510000	 58.935454
6.520000	 58.854674
6.530000	 58.774115
6.540000	 58.693776
6.550000	 58.613656
6.560000	 58.533755
6.570000	 58.454070
6.580000	 58.374602
6.590000	 58.295350
6.600000	 58.216312
6.610000	 58.137489
6.620000	 58.058878
6.630000	 57.980479
6.640000	 57.902292
6.650000	 57.824314
6.660000	 57.746547
6.670000	 57.668988
6.680000	 57.591637
6.690000	 57.514493
6.700000	 57.437555
6.710000	 57.360823
6.720000	 57.284295
6.730000	 57.207971
6.740000	 57.131849
6.750000	 57.055930
6.760000	 56.980212
6.770000	 56.904695
6.780000	 56.829377
6.790000	 56.754259
6.800000	 56.679338
6.810000	 56.604615
6.820000	 56.530088
6.830000	 56.455757
6.840000	 56.381621
6.850000	 56.307679
6.860000	 56.233931
6.870000	 56.160376
6.880000	 56.087012
6.890000	 56.013840
6.900000	 55.940858
6.910000	 55.868066
6.920000	 55.795463
6.930000	 55.723048
6.940000	 55.650821
6.950000	 55.578780
6.960000	 55.506926
6.970000	 55.435256
6.980000	 55.363772
6.990000	 55.292471
7.000000	 55.221354
7.010000	 55.150419
7.020000	 55.079666
7.030000	 55.009094
7.040000	 54.938703
7.050000	 54.868491
7.060000	 54.798458
7.070000	 54.728604
7.080000	 54.658927
7.090000	 54.589427
7.100000	 54.520104
7.110000	 54.450956
7.120000	 54.381983
7.130000	 54.313184
7.140000	 54.244559
7.150000	 54.176107
7.160000	 54.107828
7.170000	 54.039720
7.180000	 53.971783
7.190000	 53.904017
7.200000	 53.836420
7.210000	 53.768992
7.220000	 53.701733
7.230000	 53.634642
7.240000	 53.567718
7.250000	 53.500961
7.260000	 53.434369
7.270000	 53.367943
7.280000	 53.301682
7.290000	 53.235585
7.300000	 53.169651
7.310000	 53.103880
7.320000	 53.038272
7.330000	 52.972825
7.340000	 52.907540
7.350000	 52.842414
7.360000	 52.777449
7.370000	 52.712643
7.380000	 52.647996
7.390000	 52.583508
7.400000	 52.519176
7.410000	 52.455002
7.420000	 52.390984
7.430000	 52.327122
7.440000	 52.263415
7.450000	 52.199864
7.460000	 52.136466
7.470000	 52.073222
7.480000	 52.010130
7.490000	 51.947192
7.500000	 51.884405
7.510000	 51.821770
7.520000	 51.759285
7.530000	 51.696951
7.540000	 51.634767
7.550000	 51.572732
7.560000	 51.510845
7.570000	 51.449107
7.580000	 51.387516
7.590000	 51.326073
7.600000	 51.264775
7.610000	 51.203624
7.620000	 51.142619
7.630000	 51.081758
7.640000	 51.021042
7.650000	 50.960470
7.660000	 50.900041
7.670000	 50.839756
7.680000	 50.779612
7.690000	 50.719611
7.700000	 50.659751
7.710000	 50.600032
7.720000	 50.540454
7.730000	 50.481015
7.740000	 50.421716
7.750000	 50.362556
7.760000	 50.303534
7.770000	 50.244650
7.780000	 50.185904
7.790000	 50.127295
7.800000	 50.068822
7.810000	 50.010485
7.820000	 49.952284
7.830000	 49.894218
7.840000	 49.836287
7.850000	 49.778490
7.860000	 49.720826
7.870000	 49.663296
7.880000	 49.605899
7.890000	 49.548634
7.900000	 49.491500
7.910000	 49.434498
7.920000	 49.377628
7.930000	 49.320887
7.940000	 49.264277
7.950000	 49.207796
7.960000	 49.151445
7.970000	 49.095222
7.980000	 49.039127
7.990000	 48.983160
8.000000	 48.927321
8.010000	 48.871609
8.020000	 48.816023
8.030000	 48.760563
8.040000	 48.705229
8.050000	 48.650020
8.060000	 48.594937
8.070000	 48.539977
8.080000	 48.485141
8.090000	 48.430429
8.100000	 48.375840
8.110000	 48.321374
8.120000	 48.267031
8.130000	 48.212809
8.140000	 48.158708
8.150000	 48.104729
8.160000	 48.050870
8.170000	 47.997132
8.180000	 47.943513
8.190000	 47.890014
8.200000	 47.836634
8.210000	 47.783373
8.220000	 47.730230
8.230000	 47.677205
8.240000	 47.624297
8.250000	 47.571506
8.260000	 47.518833
8.270000	 47.466275
8.280000	 47.413833
8.290000	 47.361507
8.300000	 47.309297
8.310000	 47.257200
8.320000	 47.205219
8.330000	 47.153351
8.340000	 47.101597
8.350000	 47.049956
8.360000	 46.998429
8.370000	 46.947014
8.380000	 46.895710
8.390000	 46.844519
8.400000	 46.793439
8.410000	 46.742471
8.420000	 46.691613
8.430000	 46.640865
8.440000	 46.590228
8.450000	 46.539700
8.460000	 46.489281
8.470000	 46.438971
8.480000	 46.388770
8.490000	 46.338677
8.500000	 46.288692
8.510000	 46.238815
8.520000	 46.189044
8.530000	 46.139381
8.540000	 46.089824
8.550000	 46.040373
8.560000	 45.991028
8.570000	 45.941788
8.580000	 45.892654
8.590000	 45.843624
8.600000	 45.794699
8.610000	 45.745878
8.620000	 45.697161
8.630000	 45.648547
8.640000	 45.600036
8.650000	 45.551628
8.660000	 45.503323
8.670000	 45.455120
8.680000	 45.407018
8.690000	 45.359018
8.700000	 45.311120
8.710000	 45.263322
8.720000	 45.215624
8.730000	 45.168027
8.740000	 45.120530
8.750000	 45.073133
8.760000	 45.025835
8.770000	 44.978635
8.780000	 44.931535
8.790000	 44.884532
8.800000	 44.837628
8.810000	 44.790822
8.820000	 44.744113
8.830000	 44.697501
8.840000	 44.650986
8.850000	 44.604567
8.860000	 44.558245
8.870000	 44.512018
8.880000	 44.465888
8.890000	 44.419852
8.900000	 44.373912
8.910000	 44.328066
8.920000	 44.282315
8.930000	 44.236658
8.940000	 44.191095
8.950000	 44.145625
8.960000	 44.100248
8.970000	 44.054965
8.980000	 44.009774
8.990000	 43.964676
9.000000	 43.919670
9.010000	 43.874756
9.020000	 43.829934
9.030000	 43.785202
9.040000	 43.740562
9.050000	 43.696013
9.060000	 43.651554
9.070000	 43.607185
9.080000	 43.562906
9.090000	 43.518716
9.100000	 43.474617
9.110000	 43.430606
9.120000	 43.386684
9.130000	 43.342850
9.140000	 43.299105
9.150000	 43.255448
9.160000	 43.211879
9.170000	 43.168397
9.180000	 43.125002
9.190000	 43.081695
9.200000	 43.038474
9.210000	 42.995340
9.220000	 42.952291
9.230000	 42.909329
9.240000	 42.866452
9.250000	 42.823661
9.260000	 42.780955
9.270000	 42.738334
9.280000	 42.695798
9.290000	 42.653345
9.300000	 42.610978
9.310000	 42.568694
9.320000	 42.526493
9.330000	 42.484376
9.340000	 42.442342
9.350000	 42.400392
9.360000	 42.358523
9.370000	 42.316738
9.380000	 42.275034
9.390000	 42.233412
9.400000	 42.191872
9.410000	 42.150414
9.420000	 42.109037
9.430000	 42.067740
9.440000	 42.026525
9.450000	 41.985390
9.460000	 41.944335
9.470000	 41.903360
9.480000	 41.862465
9.490000	 41.821650
9.500000	 41.780914
9.510000	 41.740257
9.520000	 41.699679
9.530000	 41.659179
9.540000	 41.618758
9.550000	 41.578415
9.560000	 41.538150
9.570000	 41.497963
9.580000	 41.457854
9.590000	 41.417821
9.600000	 41.377866
9.610000	 41.337987
9.620000	 41.298186
9.630000	 41.258460
9.640000	 41.218811
9.650000	 41.179237
9.660000	 41.139740
9.670000	 41.100318
9.680000	 41.060971
9.690000	 41.021699
9.700000	 40.982502
9.710000	 40.943380
9.720000	 40.904332
9.730000	 40.865359
9.740000	 40.826460
9.750000	 40.787634
9.760000	 40.748882
9.770000	 40.710203
9.780000	 40.671598
9.790000	 40.633065
9.800000	 40.594606
9.810000	 40.556218
9.820000	 40.517904
9.830000	 40.479661
9.840000	 40.441490
9.850000	 40.403391
9.860000	 40.365364
9.870000	 40.327408
9.880000	 40.289523
9.890000	 40.251709
9.900000	 40.213966
9.910000	 40.176293
9.920000	 40.138691
9.930000	 40.101158
9.940000	 40.063696
9.950000	 40.026303
9.960000	 39.988981
9.970000	 39.951727
9.980000	 39.914543
9.990000	 39.877427
10.000000	 39.840380
