2909.61 1.5e17			
2141.78 1.5e17
1535.72	1.5e17
1588.81 1.5e17
1987.55 1.5e17
1194.17 1.5e17
1077.90 1.5e17
1076.55 1.5e17
 INDEF  1.5e17
 INDEF  1.5e17
2338.35 1.5e17
2733.51 1.5e17
2558.29 1.5e17
1440.67 1.5e17
1506.53 1.5e17
1128.88 1.5e17
1128.13 1.5e17
1101.29 1.5e17
872.91  1.5e17
2640.33 1.5e17
1080.48 1.5e17
1027.16 1.5e17
925.08  1.5e17
2012.42 1.5e17
967.64  1.5e17
1036.74 1.5e17
1049.90 1.5e17
1091.49 1.5e17
1098.19 1.5e17
1051.23 1.5e17
1055.71 1.5e17
1008.52 1.5e17
1519.12 1.5e17
1049.89 1.5e17
1047.65 1.5e17
1069.85 1.5e17
1072.30 1.5e17
5100.51 1.5e17
1021.98 1.5e17
1027.59 1.5e17
1029.26 1.5e17
1014.12 1.5e17
1062.56 1.5e17
1055.73 1.5e17
1053.73 1.5e17
1057.19 1.5e17
1099.37 1.5e17
1077.16 1.5e17
1000.61 1.5e17
1076.35 1.5e17
1053.65 1.5e17
1097.28 1.5e17
1094.30 1.5e17
1134.09 1.5e17
1139.95 1.5e17
1175.89 1.5e17
2556.89 1.5e17
2514.11 1.5e17
 INDEF  1.5e17
1497.36 1.5e17
1380.79 1.5e17
1364.85 1.5e17
1454.01 1.5e17