0.005000	 10.956251
0.010000	 12.141453
0.015000	 12.837198
0.020000	 13.308893
0.025000	 13.649906
0.030000	 13.905032
0.035000	 14.099489
0.040000	 14.248965
0.045000	 14.363911
0.050000	 14.451648
0.055000	 14.517506
0.060000	 14.565484
0.065000	 14.598659
0.070000	 14.619442
0.075000	 14.629761
0.080000	 14.631177
0.085000	 14.624967
0.090000	 14.612194
0.095000	 14.593744
0.100000	 14.570365
0.105000	 14.542695
0.110000	 14.511279
0.115000	 14.476584
0.120000	 14.439017
0.125000	 14.398931
0.130000	 14.356635
0.135000	 14.312397
0.140000	 14.266458
0.145000	 14.219025
0.150000	 14.170287
0.155000	 14.120407
0.160000	 14.069534
0.165000	 14.017798
0.170000	 13.965318
0.175000	 13.912198
0.180000	 13.858533
0.185000	 13.804409
0.190000	 13.749902
0.195000	 13.695080
0.200000	 13.640007
0.205000	 13.584738
0.210000	 13.529325
0.215000	 13.473814
0.220000	 13.418247
0.225000	 13.362661
0.230000	 13.307092
0.235000	 13.251569
0.240000	 13.196122
0.245000	 13.140776
0.250000	 13.085555
0.255000	 13.030480
0.260000	 12.975569
0.265000	 12.920841
0.270000	 12.866310
0.275000	 12.811993
0.280000	 12.757900
0.285000	 12.704044
0.290000	 12.650435
0.295000	 12.597083
0.300000	 12.543997
0.305000	 12.491183
0.310000	 12.438649
0.315000	 12.386401
0.320000	 12.334444
0.325000	 12.282783
0.330000	 12.231422
0.335000	 12.180365
0.340000	 12.129615
0.345000	 12.079174
0.350000	 12.029045
0.355000	 11.979229
0.360000	 11.929729
0.365000	 11.880546
0.370000	 11.831680
0.375000	 11.783132
0.380000	 11.734902
0.385000	 11.686991
0.390000	 11.639399
0.395000	 11.592124
0.400000	 11.545168
0.405000	 11.498529
0.410000	 11.452206
0.415000	 11.406199
0.420000	 11.360507
0.425000	 11.315127
0.430000	 11.270060
0.435000	 11.225304
0.440000	 11.180857
0.445000	 11.136717
0.450000	 11.092884
0.455000	 11.049355
0.460000	 11.006129
0.465000	 10.963204
0.470000	 10.920577
0.475000	 10.878248
0.480000	 10.836214
0.485000	 10.794473
0.490000	 10.753024
0.495000	 10.711863
0.505000	   -nan
0.510000	   -nan
0.515000	   -nan
0.520000	   -nan
0.525000	   -nan
0.530000	   -nan
0.535000	   -nan
0.540000	   -nan
0.545000	   -nan
0.550000	   -nan
0.555000	   -nan
0.560000	   -nan
0.565000	   -nan
0.570000	   -nan
0.575000	   -nan
0.580000	   -nan
0.585000	   -nan
0.590000	   -nan
0.595000	   -nan
0.600000	   -nan
0.605000	   -nan
0.610000	   -nan
0.615000	   -nan
0.620000	   -nan
0.625000	   -nan
0.630000	   -nan
0.635000	   -nan
0.640000	   -nan
0.645000	   -nan
0.650000	   -nan
0.655000	   -nan
0.660000	   -nan
0.665000	   -nan
0.670000	   -nan
0.675000	   -nan
0.680000	   -nan
0.685000	   -nan
0.690000	   -nan
0.695000	   -nan
0.700000	   -nan
0.705000	   -nan
0.710000	   -nan
0.715000	   -nan
0.720000	   -nan
0.725000	   -nan
0.730000	   -nan
0.735000	   -nan
0.740000	   -nan
0.745000	   -nan
0.750000	   -nan
0.755000	   -nan
0.760000	   -nan
0.765000	   -nan
0.770000	   -nan
0.775000	   -nan
0.780000	   -nan
0.785000	   -nan
0.790000	   -nan
0.795000	   -nan
0.800000	   -nan
0.805000	   -nan
0.810000	   -nan
0.815000	   -nan
0.820000	   -nan
0.825000	   -nan
0.830000	   -nan
0.835000	   -nan
0.840000	   -nan
0.845000	   -nan
0.850000	   -nan
0.855000	   -nan
0.860000	   -nan
0.865000	   -nan
0.870000	   -nan
0.875000	   -nan
0.880000	   -nan
0.885000	   -nan
0.890000	   -nan
0.895000	   -nan
0.900000	   -nan
0.905000	   -nan
0.910000	   -nan
0.915000	   -nan
0.920000	   -nan
0.925000	   -nan
0.930000	   -nan
0.935000	   -nan
0.940000	   -nan
0.945000	   -nan
0.950000	   -nan
0.955000	   -nan
0.960000	   -nan
0.965000	   -nan
0.970000	   -nan
0.975000	   -nan
0.980000	   -nan
0.985000	   -nan
0.990000	   -nan
0.995000	   -nan
1.000000	 0.000000
1.005000	 7.670521
1.010000	 7.649096
1.015000	 7.627788
1.020000	 7.606599
1.025000	 7.585526
1.030000	 7.564568
1.035000	 7.543725
1.040000	 7.522996
1.045000	 7.502380
1.050000	 7.481876
1.055000	 7.461482
1.060000	 7.441199
1.065000	 7.421026
1.070000	 7.400960
1.075000	 7.381002
1.080000	 7.361151
1.085000	 7.341406
1.090000	 7.321766
1.095000	 7.302230
1.100000	 7.282797
1.105000	 7.263467
1.110000	 7.244239
1.115000	 7.225112
1.120000	 7.206085
1.125000	 7.187158
1.130000	 7.168329
1.135000	 7.149598
1.140000	 7.130965
1.145000	 7.112428
1.150000	 7.093986
1.155000	 7.075640
1.160000	 7.057387
1.165000	 7.039229
1.170000	 7.021163
1.175000	 7.003189
1.180000	 6.985307
1.185000	 6.967515
1.190000	 6.949813
1.195000	 6.932201
1.200000	 6.914678
1.205000	 6.897242
1.210000	 6.879895
1.215000	 6.862633
1.220000	 6.845458
1.225000	 6.828369
1.230000	 6.811364
1.235000	 6.794443
1.240000	 6.777606
1.245000	 6.760852
1.250000	 6.744181
1.255000	 6.727591
1.260000	 6.711082
1.265000	 6.694654
1.270000	 6.678306
1.275000	 6.662038
1.280000	 6.645848
1.285000	 6.629737
1.290000	 6.613703
1.295000	 6.597747
1.300000	 6.581867
1.305000	 6.566063
1.310000	 6.550335
1.315000	 6.534682
1.320000	 6.519103
1.325000	 6.503598
1.330000	 6.488167
1.335000	 6.472808
1.340000	 6.457522
1.345000	 6.442308
1.350000	 6.427165
1.355000	 6.412093
1.360000	 6.397092
1.365000	 6.382160
1.370000	 6.367298
1.375000	 6.352505
1.380000	 6.337780
1.385000	 6.323124
1.390000	 6.308534
1.395000	 6.294012
1.400000	 6.279557
1.405000	 6.265167
1.410000	 6.250844
1.415000	 6.236585
1.420000	 6.222392
1.425000	 6.208262
1.430000	 6.194197
1.435000	 6.180195
1.440000	 6.166257
1.445000	 6.152381
1.450000	 6.138567
1.455000	 6.124815
1.460000	 6.111125
1.465000	 6.097495
1.470000	 6.083926
1.475000	 6.070417
1.480000	 6.056968
1.485000	 6.043579
1.490000	 6.030248
1.495000	 6.016977
1.500000	 6.003763
1.505000	 5.990607
1.510000	 5.977509
1.515000	 5.964468
1.520000	 5.951483
1.525000	 5.938555
1.530000	 5.925683
1.535000	 5.912867
1.540000	 5.900106
1.545000	 5.887399
1.550000	 5.874748
1.555000	 5.862150
1.560000	 5.849607
1.565000	 5.837117
1.570000	 5.824680
1.575000	 5.812296
1.580000	 5.799965
1.585000	 5.787686
1.590000	 5.775458
1.595000	 5.763283
1.600000	 5.751158
1.605000	 5.739084
1.610000	 5.727061
1.615000	 5.715088
1.620000	 5.703165
1.625000	 5.691292
1.630000	 5.679468
1.635000	 5.667693
1.640000	 5.655967
1.645000	 5.644289
1.650000	 5.632659
1.655000	 5.621077
1.660000	 5.609543
1.665000	 5.598056
1.670000	 5.586616
1.675000	 5.575222
1.680000	 5.563875
1.685000	 5.552574
1.690000	 5.541319
1.695000	 5.530109
1.700000	 5.518945
1.705000	 5.507825
1.710000	 5.496750
1.715000	 5.485720
1.720000	 5.474734
1.725000	 5.463792
1.730000	 5.452893
1.735000	 5.442038
1.740000	 5.431226
1.745000	 5.420457
1.750000	 5.409730
1.755000	 5.399046
1.760000	 5.388404
1.765000	 5.377804
1.770000	 5.367246
1.775000	 5.356728
1.780000	 5.346252
1.785000	 5.335817
1.790000	 5.325423
1.795000	 5.315069
1.800000	 5.304755
1.805000	 5.294481
1.810000	 5.284247
1.815000	 5.274053
1.820000	 5.263897
1.825000	 5.253781
1.830000	 5.243704
1.835000	 5.233665
1.840000	 5.223664
1.845000	 5.213702
1.850000	 5.203777
1.855000	 5.193891
1.860000	 5.184042
1.865000	 5.174230
1.870000	 5.164455
1.875000	 5.154717
1.880000	 5.145016
1.885000	 5.135351
1.890000	 5.125722
1.895000	 5.116130
1.900000	 5.106573
1.905000	 5.097052
1.910000	 5.087567
1.915000	 5.078116
1.920000	 5.068701
1.925000	 5.059321
1.930000	 5.049975
1.935000	 5.040664
1.940000	 5.031387
1.945000	 5.022144
1.950000	 5.012935
1.955000	 5.003760
1.960000	 4.994619
1.965000	 4.985510
1.970000	 4.976435
1.975000	 4.967393
1.980000	 4.958384
1.985000	 4.949407
1.990000	 4.940463
1.995000	 4.931551
2.000000	 4.922671
2.005000	 4.913823
2.010000	 4.905007
2.015000	 4.896223
2.020000	 4.887470
2.025000	 4.878748
2.030000	 4.870057
2.035000	 4.861397
2.040000	 4.852768
2.045000	 4.844170
2.050000	 4.835602
2.055000	 4.827064
2.060000	 4.818556
2.065000	 4.810079
2.070000	 4.801631
2.075000	 4.793213
2.080000	 4.784824
2.085000	 4.776464
2.090000	 4.768134
2.095000	 4.759833
2.100000	 4.751561
2.105000	 4.743317
2.110000	 4.735102
2.115000	 4.726915
2.120000	 4.718757
2.125000	 4.710627
2.130000	 4.702524
2.135000	 4.694450
2.140000	 4.686403
2.145000	 4.678384
2.150000	 4.670392
2.155000	 4.662428
2.160000	 4.654491
2.165000	 4.646580
2.170000	 4.638697
2.175000	 4.630840
2.180000	 4.623010
2.185000	 4.615206
2.190000	 4.607429
2.195000	 4.599678
2.200000	 4.591952
2.205000	 4.584253
2.210000	 4.576580
2.215000	 4.568932
2.220000	 4.561310
2.225000	 4.553713
2.230000	 4.546141
2.235000	 4.538595
2.240000	 4.531074
2.245000	 4.523577
2.250000	 4.516105
2.255000	 4.508658
2.260000	 4.501236
2.265000	 4.493838
2.270000	 4.486464
2.275000	 4.479115
2.280000	 4.471789
2.285000	 4.464487
2.290000	 4.457210
2.295000	 4.449956
2.300000	 4.442725
2.305000	 4.435518
2.310000	 4.428334
2.315000	 4.421174
2.320000	 4.414037
2.325000	 4.406923
2.330000	 4.399831
2.335000	 4.392763
2.340000	 4.385717
2.345000	 4.378694
2.350000	 4.371693
2.355000	 4.364714
2.360000	 4.357758
2.365000	 4.350824
2.370000	 4.343912
2.375000	 4.337022
2.380000	 4.330154
2.385000	 4.323308
2.390000	 4.316483
2.395000	 4.309680
2.400000	 4.302898
2.405000	 4.296137
2.410000	 4.289398
2.415000	 4.282680
2.420000	 4.275983
2.425000	 4.269307
2.430000	 4.262651
2.435000	 4.256017
2.440000	 4.249403
2.445000	 4.242809
2.450000	 4.236236
2.455000	 4.229683
2.460000	 4.223151
2.465000	 4.216639
2.470000	 4.210147
2.475000	 4.203674
2.480000	 4.197222
2.485000	 4.190789
2.490000	 4.184377
2.495000	 4.177983
2.500000	 4.171610
2.505000	 4.165255
2.510000	 4.158921
2.515000	 4.152605
2.520000	 4.146308
2.525000	 4.140031
2.530000	 4.133773
2.535000	 4.127533
2.540000	 4.121312
2.545000	 4.115110
2.550000	 4.108927
2.555000	 4.102762
2.560000	 4.096616
2.565000	 4.090488
2.570000	 4.084379
2.575000	 4.078287
2.580000	 4.072214
2.585000	 4.066159
2.590000	 4.060122
2.595000	 4.054103
2.600000	 4.048102
2.605000	 4.042118
2.610000	 4.036152
2.615000	 4.030204
2.620000	 4.024273
2.625000	 4.018360
2.630000	 4.012464
2.635000	 4.006585
2.640000	 4.000724
2.645000	 3.994879
2.650000	 3.989052
2.655000	 3.983242
2.660000	 3.977448
2.665000	 3.971672
2.670000	 3.965912
2.675000	 3.960169
2.680000	 3.954443
2.685000	 3.948733
2.690000	 3.943039
2.695000	 3.937362
2.700000	 3.931702
2.705000	 3.926057
2.710000	 3.920429
2.715000	 3.914817
2.720000	 3.909221
2.725000	 3.903641
2.730000	 3.898077
2.735000	 3.892529
2.740000	 3.886996
2.745000	 3.881479
2.750000	 3.875978
2.755000	 3.870493
2.760000	 3.865023
2.765000	 3.859568
2.770000	 3.854129
2.775000	 3.848705
2.780000	 3.843297
2.785000	 3.837903
2.790000	 3.832525
2.795000	 3.827162
2.800000	 3.821814
2.805000	 3.816480
2.810000	 3.811162
2.815000	 3.805858
2.820000	 3.800569
2.825000	 3.795295
2.830000	 3.790036
2.835000	 3.784791
2.840000	 3.779560
2.845000	 3.774344
2.850000	 3.769143
2.855000	 3.763956
2.860000	 3.758783
2.865000	 3.753624
2.870000	 3.748479
2.875000	 3.743349
2.880000	 3.738232
2.885000	 3.733130
2.890000	 3.728041
2.895000	 3.722966
2.900000	 3.717905
2.905000	 3.712858
2.910000	 3.707825
2.915000	 3.702805
2.920000	 3.697798
2.925000	 3.692806
2.930000	 3.687826
2.935000	 3.682861
2.940000	 3.677908
2.945000	 3.672969
2.950000	 3.668043
2.955000	 3.663130
2.960000	 3.658231
2.965000	 3.653344
2.970000	 3.648471
2.975000	 3.643611
2.980000	 3.638763
2.985000	 3.633928
2.990000	 3.629107
2.995000	 3.624298
3.000000	 3.619502
3.005000	 3.614718
3.010000	 3.609947
3.015000	 3.605189
3.020000	 3.600443
3.025000	 3.595710
3.030000	 3.590989
3.035000	 3.586280
3.040000	 3.581584
3.045000	 3.576901
3.050000	 3.572229
3.055000	 3.567570
3.060000	 3.562922
3.065000	 3.558287
3.070000	 3.553664
3.075000	 3.549053
3.080000	 3.544454
3.085000	 3.539867
3.090000	 3.535291
3.095000	 3.530728
3.100000	 3.526176
3.105000	 3.521636
3.110000	 3.517108
3.115000	 3.512591
3.120000	 3.508086
3.125000	 3.503593
3.130000	 3.499110
3.135000	 3.494640
3.140000	 3.490181
3.145000	 3.485733
3.150000	 3.481297
3.155000	 3.476871
3.160000	 3.472457
3.165000	 3.468055
3.170000	 3.463663
3.175000	 3.459283
3.180000	 3.454913
3.185000	 3.450555
3.190000	 3.446208
3.195000	 3.441871
3.200000	 3.437546
3.205000	 3.433231
3.210000	 3.428927
3.215000	 3.424634
3.220000	 3.420352
3.225000	 3.416080
3.230000	 3.411820
3.235000	 3.407569
3.240000	 3.403330
3.245000	 3.399100
3.250000	 3.394882
3.255000	 3.390674
3.260000	 3.386476
3.265000	 3.382288
3.270000	 3.378111
3.275000	 3.373945
3.280000	 3.369788
3.285000	 3.365642
3.290000	 3.361506
3.295000	 3.357380
3.300000	 3.353264
3.305000	 3.349159
3.310000	 3.345063
3.315000	 3.340978
3.320000	 3.336902
3.325000	 3.332836
3.330000	 3.328781
3.335000	 3.324735
3.340000	 3.320699
3.345000	 3.316672
3.350000	 3.312656
3.355000	 3.308649
3.360000	 3.304652
3.365000	 3.300665
3.370000	 3.296687
3.375000	 3.292719
3.380000	 3.288760
3.385000	 3.284811
3.390000	 3.280871
3.395000	 3.276941
3.400000	 3.273020
3.405000	 3.269108
3.410000	 3.265206
3.415000	 3.261313
3.420000	 3.257430
3.425000	 3.253556
3.430000	 3.249691
3.435000	 3.245835
3.440000	 3.241988
3.445000	 3.238150
3.450000	 3.234322
3.455000	 3.230502
3.460000	 3.226692
3.465000	 3.222890
3.470000	 3.219098
3.475000	 3.215314
3.480000	 3.211539
3.485000	 3.207773
3.490000	 3.204016
3.495000	 3.200268
3.500000	 3.196529
3.505000	 3.192798
3.510000	 3.189076
3.515000	 3.185362
3.520000	 3.181658
3.525000	 3.177961
3.530000	 3.174274
3.535000	 3.170595
3.540000	 3.166924
3.545000	 3.163262
3.550000	 3.159609
3.555000	 3.155964
3.560000	 3.152327
3.565000	 3.148699
3.570000	 3.145079
3.575000	 3.141467
3.580000	 3.137864
3.585000	 3.134269
3.590000	 3.130682
3.595000	 3.127104
3.600000	 3.123533
3.605000	 3.119971
3.610000	 3.116417
3.615000	 3.112870
3.620000	 3.109332
3.625000	 3.105802
3.630000	 3.102281
3.635000	 3.098767
3.640000	 3.095260
3.645000	 3.091762
3.650000	 3.088272
3.655000	 3.084790
3.660000	 3.081315
3.665000	 3.077849
3.670000	 3.074390
3.675000	 3.070939
3.680000	 3.067495
3.685000	 3.064060
3.690000	 3.060632
3.695000	 3.057212
3.700000	 3.053799
3.705000	 3.050394
3.710000	 3.046997
3.715000	 3.043607
3.720000	 3.040224
3.725000	 3.036850
3.730000	 3.033482
3.735000	 3.030122
3.740000	 3.026770
3.745000	 3.023425
3.750000	 3.020087
3.755000	 3.016757
3.760000	 3.013434
3.765000	 3.010119
3.770000	 3.006810
3.775000	 3.003509
3.780000	 3.000216
3.785000	 2.996929
3.790000	 2.993650
3.795000	 2.990378
3.800000	 2.987113
3.805000	 2.983855
3.810000	 2.980604
3.815000	 2.977360
3.820000	 2.974123
3.825000	 2.970894
3.830000	 2.967671
3.835000	 2.964456
3.840000	 2.961247
3.845000	 2.958045
3.850000	 2.954850
3.855000	 2.951662
3.860000	 2.948481
3.865000	 2.945307
3.870000	 2.942140
3.875000	 2.938979
3.880000	 2.935826
3.885000	 2.932679
3.890000	 2.929538
3.895000	 2.926405
3.900000	 2.923278
3.905000	 2.920158
3.910000	 2.917044
3.915000	 2.913938
3.920000	 2.910837
3.925000	 2.907744
3.930000	 2.904657
3.935000	 2.901576
3.940000	 2.898502
3.945000	 2.895435
3.950000	 2.892374
3.955000	 2.889319
3.960000	 2.886271
3.965000	 2.883229
3.970000	 2.880194
3.975000	 2.877165
3.980000	 2.874143
3.985000	 2.871127
3.990000	 2.868117
3.995000	 2.865114
4.000000	 2.862116
4.005000	 2.859125
4.010000	 2.856141
4.015000	 2.853162
4.020000	 2.850190
4.025000	 2.847224
4.030000	 2.844264
4.035000	 2.841310
4.040000	 2.838363
4.045000	 2.835421
4.050000	 2.832486
4.055000	 2.829556
4.060000	 2.826633
4.065000	 2.823716
4.070000	 2.820805
4.075000	 2.817900
4.080000	 2.815000
4.085000	 2.812107
4.090000	 2.809220
4.095000	 2.806338
4.100000	 2.803463
4.105000	 2.800593
4.110000	 2.797730
4.115000	 2.794872
4.120000	 2.792020
4.125000	 2.789173
4.130000	 2.786333
4.135000	 2.783498
4.140000	 2.780669
4.145000	 2.777846
4.150000	 2.775029
4.155000	 2.772217
4.160000	 2.769411
4.165000	 2.766611
4.170000	 2.763816
4.175000	 2.761027
4.180000	 2.758244
4.185000	 2.755466
4.190000	 2.752694
4.195000	 2.749927
4.200000	 2.747166
4.205000	 2.744411
4.210000	 2.741661
4.215000	 2.738916
4.220000	 2.736177
4.225000	 2.733444
4.230000	 2.730716
4.235000	 2.727993
4.240000	 2.725276
4.245000	 2.722564
4.250000	 2.719858
4.255000	 2.717157
4.260000	 2.714461
4.265000	 2.711771
4.270000	 2.709086
4.275000	 2.706407
4.280000	 2.703732
4.285000	 2.701063
4.290000	 2.698399
4.295000	 2.695741
4.300000	 2.693088
4.305000	 2.690440
4.310000	 2.687797
4.315000	 2.685159
4.320000	 2.682526
4.325000	 2.679899
4.330000	 2.677277
4.335000	 2.674660
4.340000	 2.672048
4.345000	 2.669441
4.350000	 2.666839
4.355000	 2.664243
4.360000	 2.661651
4.365000	 2.659064
4.370000	 2.656483
4.375000	 2.653906
4.380000	 2.651335
4.385000	 2.648768
4.390000	 2.646206
4.395000	 2.643650
4.400000	 2.641098
4.405000	 2.638551
4.410000	 2.636009
4.415000	 2.633472
4.420000	 2.630940
4.425000	 2.628413
4.430000	 2.625890
4.435000	 2.623373
4.440000	 2.620860
4.445000	 2.618352
4.450000	 2.615849
4.455000	 2.613351
4.460000	 2.610857
4.465000	 2.608368
4.470000	 2.605884
4.475000	 2.603405
4.480000	 2.600930
4.485000	 2.598460
4.490000	 2.595995
4.495000	 2.593534
4.500000	 2.591079
4.505000	 2.588627
4.510000	 2.586181
4.515000	 2.583739
4.520000	 2.581301
4.525000	 2.578868
4.530000	 2.576440
4.535000	 2.574017
4.540000	 2.571598
4.545000	 2.569183
4.550000	 2.566773
4.555000	 2.564368
4.560000	 2.561967
4.565000	 2.559570
4.570000	 2.557178
4.575000	 2.554791
4.580000	 2.552407
4.585000	 2.550029
4.590000	 2.547655
4.595000	 2.545285
4.600000	 2.542919
4.605000	 2.540558
4.610000	 2.538202
4.615000	 2.535850
4.620000	 2.533502
4.625000	 2.531158
4.630000	 2.528819
4.635000	 2.526484
4.640000	 2.524154
4.645000	 2.521827
4.650000	 2.519505
4.655000	 2.517188
4.660000	 2.514874
4.665000	 2.512565
4.670000	 2.510260
4.675000	 2.507959
4.680000	 2.505663
4.685000	 2.503371
4.690000	 2.501083
4.695000	 2.498799
4.700000	 2.496519
4.705000	 2.494243
4.710000	 2.491972
4.715000	 2.489704
4.720000	 2.487441
4.725000	 2.485182
4.730000	 2.482927
4.735000	 2.480676
4.740000	 2.478429
4.745000	 2.476187
4.750000	 2.473948
4.755000	 2.471713
4.760000	 2.469483
4.765000	 2.467256
4.770000	 2.465034
4.775000	 2.462815
4.780000	 2.460601
4.785000	 2.458390
4.790000	 2.456183
4.795000	 2.453981
4.800000	 2.451782
4.805000	 2.449587
4.810000	 2.447396
4.815000	 2.445209
4.820000	 2.443026
4.825000	 2.440847
4.830000	 2.438672
4.835000	 2.436501
4.840000	 2.434333
4.845000	 2.432170
4.850000	 2.430010
4.855000	 2.427854
4.860000	 2.425702
4.865000	 2.423553
4.870000	 2.421409
4.875000	 2.419268
4.880000	 2.417131
4.885000	 2.414998
4.890000	 2.412869
4.895000	 2.410743
4.900000	 2.408621
4.905000	 2.406503
4.910000	 2.404388
4.915000	 2.402278
4.920000	 2.400171
4.925000	 2.398067
4.930000	 2.395968
4.935000	 2.393872
4.940000	 2.391779
4.945000	 2.389691
4.950000	 2.387606
4.955000	 2.385524
4.960000	 2.383446
4.965000	 2.381372
4.970000	 2.379302
4.975000	 2.377235
4.980000	 2.375172
4.985000	 2.373112
4.990000	 2.371056
4.995000	 2.369003
5.000000	 2.366954
5.005000	 2.364908
5.010000	 2.362866
5.015000	 2.360828
5.020000	 2.358793
5.025000	 2.356762
5.030000	 2.354734
5.035000	 2.352709
5.040000	 2.350688
5.045000	 2.348671
5.050000	 2.346657
5.055000	 2.344646
5.060000	 2.342639
5.065000	 2.340635
5.070000	 2.338635
5.075000	 2.336638
5.080000	 2.334645
5.085000	 2.332654
5.090000	 2.330668
5.095000	 2.328685
5.100000	 2.326705
5.105000	 2.324728
5.110000	 2.322755
5.115000	 2.320785
5.120000	 2.318818
5.125000	 2.316855
5.130000	 2.314895
5.135000	 2.312939
5.140000	 2.310986
5.145000	 2.309036
5.150000	 2.307089
5.155000	 2.305146
5.160000	 2.303206
5.165000	 2.301269
5.170000	 2.299335
5.175000	 2.297405
5.180000	 2.295478
5.185000	 2.293554
5.190000	 2.291633
5.195000	 2.289716
5.200000	 2.287802
5.205000	 2.285891
5.210000	 2.283983
5.215000	 2.282078
5.220000	 2.280177
5.225000	 2.278279
5.230000	 2.276383
5.235000	 2.274492
5.240000	 2.272603
5.245000	 2.270717
5.250000	 2.268834
5.255000	 2.266955
5.260000	 2.265079
5.265000	 2.263205
5.270000	 2.261335
5.275000	 2.259468
5.280000	 2.257604
5.285000	 2.255743
5.290000	 2.253886
5.295000	 2.252031
5.300000	 2.250179
5.305000	 2.248330
5.310000	 2.246485
5.315000	 2.244642
5.320000	 2.242803
5.325000	 2.240966
5.330000	 2.239132
5.335000	 2.237302
5.340000	 2.235474
5.345000	 2.233650
5.350000	 2.231828
5.355000	 2.230010
5.360000	 2.228194
5.365000	 2.226381
5.370000	 2.224571
5.375000	 2.222765
5.380000	 2.220961
5.385000	 2.219160
5.390000	 2.217362
5.395000	 2.215566
5.400000	 2.213774
5.405000	 2.211985
5.410000	 2.210198
5.415000	 2.208415
5.420000	 2.206634
5.425000	 2.204856
5.430000	 2.203081
5.435000	 2.201309
5.440000	 2.199540
5.445000	 2.197774
5.450000	 2.196010
5.455000	 2.194249
5.460000	 2.192492
5.465000	 2.190736
5.470000	 2.188984
5.475000	 2.187235
5.480000	 2.185488
5.485000	 2.183744
5.490000	 2.182003
5.495000	 2.180265
5.500000	 2.178529
5.505000	 2.176796
5.510000	 2.175066
5.515000	 2.173339
5.520000	 2.171614
5.525000	 2.169892
5.530000	 2.168173
5.535000	 2.166457
5.540000	 2.164743
5.545000	 2.163032
5.550000	 2.161324
5.555000	 2.159619
5.560000	 2.157916
5.565000	 2.156216
5.570000	 2.154518
5.575000	 2.152823
5.580000	 2.151131
5.585000	 2.149442
5.590000	 2.147755
5.595000	 2.146071
5.600000	 2.144389
5.605000	 2.142710
5.610000	 2.141034
5.615000	 2.139360
5.620000	 2.137689
5.625000	 2.136021
5.630000	 2.134355
5.635000	 2.132691
5.640000	 2.131031
5.645000	 2.129373
5.650000	 2.127717
5.655000	 2.126064
5.660000	 2.124414
5.665000	 2.122766
5.670000	 2.121121
5.675000	 2.119478
5.680000	 2.117838
5.685000	 2.116200
5.690000	 2.114565
5.695000	 2.112933
5.700000	 2.111303
5.705000	 2.109675
5.710000	 2.108050
5.715000	 2.106428
5.720000	 2.104808
5.725000	 2.103190
5.730000	 2.101575
5.735000	 2.099963
5.740000	 2.098353
5.745000	 2.096745
5.750000	 2.095140
5.755000	 2.093537
5.760000	 2.091937
5.765000	 2.090339
5.770000	 2.088744
5.775000	 2.087151
5.780000	 2.085560
5.785000	 2.083972
5.790000	 2.082387
5.795000	 2.080803
5.800000	 2.079222
5.805000	 2.077644
5.810000	 2.076068
5.815000	 2.074494
5.820000	 2.072923
5.825000	 2.071354
5.830000	 2.069788
5.835000	 2.068224
5.840000	 2.066662
5.845000	 2.065102
5.850000	 2.063545
5.855000	 2.061991
5.860000	 2.060438
5.865000	 2.058888
5.870000	 2.057340
5.875000	 2.055795
5.880000	 2.054252
5.885000	 2.052711
5.890000	 2.051173
5.895000	 2.049637
5.900000	 2.048103
5.905000	 2.046571
5.910000	 2.045042
5.915000	 2.043515
5.920000	 2.041990
5.925000	 2.040468
5.930000	 2.038948
5.935000	 2.037430
5.940000	 2.035914
5.945000	 2.034401
5.950000	 2.032890
5.955000	 2.031381
5.960000	 2.029874
5.965000	 2.028370
5.970000	 2.026868
5.975000	 2.025368
5.980000	 2.023870
5.985000	 2.022375
5.990000	 2.020881
5.995000	 2.019390
6.000000	 2.017901
6.005000	 2.016415
6.010000	 2.014930
6.015000	 2.013448
6.020000	 2.011968
6.025000	 2.010490
6.030000	 2.009014
6.035000	 2.007540
6.040000	 2.006069
6.045000	 2.004599
6.050000	 2.003132
6.055000	 2.001667
6.060000	 2.000204
6.065000	 1.998743
6.070000	 1.997285
6.075000	 1.995828
6.080000	 1.994374
6.085000	 1.992922
6.090000	 1.991472
6.095000	 1.990024
6.100000	 1.988578
6.105000	 1.987134
6.110000	 1.985692
6.115000	 1.984253
6.120000	 1.982815
6.125000	 1.981380
6.130000	 1.979946
6.135000	 1.978515
6.140000	 1.977086
6.145000	 1.975658
6.150000	 1.974233
6.155000	 1.972810
6.160000	 1.971389
6.165000	 1.969970
6.170000	 1.968553
6.175000	 1.967139
6.180000	 1.965726
6.185000	 1.964315
6.190000	 1.962906
6.195000	 1.961499
6.200000	 1.960095
6.205000	 1.958692
6.210000	 1.957291
6.215000	 1.955892
6.220000	 1.954496
6.225000	 1.953101
6.230000	 1.951708
6.235000	 1.950317
6.240000	 1.948928
6.245000	 1.947542
6.250000	 1.946157
6.255000	 1.944774
6.260000	 1.943393
6.265000	 1.942014
6.270000	 1.940637
6.275000	 1.939262
6.280000	 1.937889
6.285000	 1.936518
6.290000	 1.935149
6.295000	 1.933781
6.300000	 1.932416
6.305000	 1.931053
6.310000	 1.929691
6.315000	 1.928332
6.320000	 1.926974
6.325000	 1.925618
6.330000	 1.924264
6.335000	 1.922912
6.340000	 1.921562
6.345000	 1.920214
6.350000	 1.918868
6.355000	 1.917524
6.360000	 1.916181
6.365000	 1.914841
6.370000	 1.913502
6.375000	 1.912165
6.380000	 1.910830
6.385000	 1.909497
6.390000	 1.908166
6.395000	 1.906836
6.400000	 1.905509
6.405000	 1.904183
6.410000	 1.902859
6.415000	 1.901537
6.420000	 1.900217
6.425000	 1.898898
6.430000	 1.897582
6.435000	 1.896267
6.440000	 1.894954
6.445000	 1.893643
6.450000	 1.892334
6.455000	 1.891027
6.460000	 1.889721
6.465000	 1.888417
6.470000	 1.887115
6.475000	 1.885815
6.480000	 1.884516
6.485000	 1.883220
6.490000	 1.881925
6.495000	 1.880632
6.500000	 1.879340
6.505000	 1.878051
6.510000	 1.876763
6.515000	 1.875477
6.520000	 1.874193
6.525000	 1.872910
6.530000	 1.871630
6.535000	 1.870351
6.540000	 1.869073
6.545000	 1.867798
6.550000	 1.866524
6.555000	 1.865252
6.560000	 1.863982
6.565000	 1.862713
6.570000	 1.861446
6.575000	 1.860181
6.580000	 1.858918
6.585000	 1.857656
6.590000	 1.856396
6.595000	 1.855138
6.600000	 1.853881
6.605000	 1.852627
6.610000	 1.851373
6.615000	 1.850122
6.620000	 1.848872
6.625000	 1.847624
6.630000	 1.846378
6.635000	 1.845133
6.640000	 1.843890
6.645000	 1.842649
6.650000	 1.841409
6.655000	 1.840171
6.660000	 1.838935
6.665000	 1.837700
6.670000	 1.836467
6.675000	 1.835235
6.680000	 1.834006
6.685000	 1.832778
6.690000	 1.831551
6.695000	 1.830326
6.700000	 1.829103
6.705000	 1.827882
6.710000	 1.826662
6.715000	 1.825444
6.720000	 1.824227
6.725000	 1.823012
6.730000	 1.821798
6.735000	 1.820587
6.740000	 1.819376
6.745000	 1.818168
6.750000	 1.816961
6.755000	 1.815756
6.760000	 1.814552
6.765000	 1.813350
6.770000	 1.812149
6.775000	 1.810950
6.780000	 1.809753
6.785000	 1.808557
6.790000	 1.807363
6.795000	 1.806170
6.800000	 1.804979
6.805000	 1.803789
6.810000	 1.802601
6.815000	 1.801415
6.820000	 1.800230
6.825000	 1.799047
6.830000	 1.797865
6.835000	 1.796685
6.840000	 1.795506
6.845000	 1.794329
6.850000	 1.793154
6.855000	 1.791980
6.860000	 1.790807
6.865000	 1.789636
6.870000	 1.788467
6.875000	 1.787299
6.880000	 1.786133
6.885000	 1.784968
6.890000	 1.783805
6.895000	 1.782643
6.900000	 1.781483
6.905000	 1.780324
6.910000	 1.779167
6.915000	 1.778011
6.920000	 1.776857
6.925000	 1.775704
6.930000	 1.774553
6.935000	 1.773403
6.940000	 1.772255
6.945000	 1.771108
6.950000	 1.769963
6.955000	 1.768819
6.960000	 1.767676
6.965000	 1.766536
6.970000	 1.765396
6.975000	 1.764258
6.980000	 1.763122
6.985000	 1.761987
6.990000	 1.760853
6.995000	 1.759721
7.000000	 1.758591
7.005000	 1.757461
7.010000	 1.756334
7.015000	 1.755207
7.020000	 1.754083
7.025000	 1.752959
7.030000	 1.751837
7.035000	 1.750717
7.040000	 1.749598
7.045000	 1.748480
7.050000	 1.747364
7.055000	 1.746249
7.060000	 1.745136
7.065000	 1.744024
7.070000	 1.742913
7.075000	 1.741804
7.080000	 1.740696
7.085000	 1.739590
7.090000	 1.738485
7.095000	 1.737382
7.100000	 1.736279
7.105000	 1.735179
7.110000	 1.734079
7.115000	 1.732981
7.120000	 1.731885
7.125000	 1.730790
7.130000	 1.729696
7.135000	 1.728604
7.140000	 1.727513
7.145000	 1.726423
7.150000	 1.725335
7.155000	 1.724248
7.160000	 1.723162
7.165000	 1.722078
7.170000	 1.720996
7.175000	 1.719914
7.180000	 1.718834
7.185000	 1.717755
7.190000	 1.716678
7.195000	 1.715602
7.200000	 1.714527
7.205000	 1.713454
7.210000	 1.712382
7.215000	 1.711312
7.220000	 1.710242
7.225000	 1.709174
7.230000	 1.708108
7.235000	 1.707043
7.240000	 1.705979
7.245000	 1.704916
7.250000	 1.703855
7.255000	 1.702795
7.260000	 1.701736
7.265000	 1.700679
7.270000	 1.699623
7.275000	 1.698568
7.280000	 1.697515
7.285000	 1.696462
7.290000	 1.695412
7.295000	 1.694362
7.300000	 1.693314
7.305000	 1.692267
7.310000	 1.691221
7.315000	 1.690177
7.320000	 1.689134
7.325000	 1.688092
7.330000	 1.687052
7.335000	 1.686013
7.340000	 1.684975
7.345000	 1.683938
7.350000	 1.682903
7.355000	 1.681869
7.360000	 1.680836
7.365000	 1.679804
7.370000	 1.678774
7.375000	 1.677745
7.380000	 1.676717
7.385000	 1.675691
7.390000	 1.674666
7.395000	 1.673642
7.400000	 1.672619
7.405000	 1.671598
7.410000	 1.670577
7.415000	 1.669558
7.420000	 1.668541
7.425000	 1.667524
7.430000	 1.666509
7.435000	 1.665495
7.440000	 1.664482
7.445000	 1.663471
7.450000	 1.662460
7.455000	 1.661451
7.460000	 1.660443
7.465000	 1.659437
7.470000	 1.658431
7.475000	 1.657427
7.480000	 1.656424
7.485000	 1.655422
7.490000	 1.654422
7.495000	 1.653422
7.500000	 1.652424
7.505000	 1.651427
7.510000	 1.650431
7.515000	 1.649437
7.520000	 1.648443
7.525000	 1.647451
7.530000	 1.646460
7.535000	 1.645471
7.540000	 1.644482
7.545000	 1.643495
7.550000	 1.642508
7.555000	 1.641523
7.560000	 1.640539
7.565000	 1.639557
7.570000	 1.638575
7.575000	 1.637595
7.580000	 1.636616
7.585000	 1.635638
7.590000	 1.634661
7.595000	 1.633685
7.600000	 1.632711
7.605000	 1.631738
7.610000	 1.630766
7.615000	 1.629795
7.620000	 1.628825
7.625000	 1.627856
7.630000	 1.626889
7.635000	 1.625922
7.640000	 1.624957
7.645000	 1.623993
7.650000	 1.623030
7.655000	 1.622068
7.660000	 1.621107
7.665000	 1.620148
7.670000	 1.619189
7.675000	 1.618232
7.680000	 1.617276
7.685000	 1.616321
7.690000	 1.615367
7.695000	 1.614414
7.700000	 1.613463
7.705000	 1.612512
7.710000	 1.611563
7.715000	 1.610615
7.720000	 1.609668
7.725000	 1.608722
7.730000	 1.607777
7.735000	 1.606833
7.740000	 1.605890
7.745000	 1.604948
7.750000	 1.604008
7.755000	 1.603069
7.760000	 1.602130
7.765000	 1.601193
7.770000	 1.600257
7.775000	 1.599322
7.780000	 1.598388
7.785000	 1.597455
7.790000	 1.596524
7.795000	 1.595593
7.800000	 1.594663
7.805000	 1.593735
7.810000	 1.592807
7.815000	 1.591881
7.820000	 1.590956
7.825000	 1.590032
7.830000	 1.589109
7.835000	 1.588187
7.840000	 1.587266
7.845000	 1.586346
7.850000	 1.585427
7.855000	 1.584509
7.860000	 1.583593
7.865000	 1.582677
7.870000	 1.581762
7.875000	 1.580849
7.880000	 1.579936
7.885000	 1.579025
7.890000	 1.578115
7.895000	 1.577205
7.900000	 1.576297
7.905000	 1.575390
7.910000	 1.574484
7.915000	 1.573579
7.920000	 1.572674
7.925000	 1.571771
7.930000	 1.570869
7.935000	 1.569968
7.940000	 1.569068
7.945000	 1.568170
7.950000	 1.567272
7.955000	 1.566375
7.960000	 1.565479
7.965000	 1.564584
7.970000	 1.563690
7.975000	 1.562798
7.980000	 1.561906
7.985000	 1.561015
7.990000	 1.560125
7.995000	 1.559237
8.000000	 1.558349
8.005000	 1.557462
8.010000	 1.556577
8.015000	 1.555692
8.020000	 1.554808
8.025000	 1.553926
8.030000	 1.553044
8.035000	 1.552163
8.040000	 1.551284
8.045000	 1.550405
8.050000	 1.549527
8.055000	 1.548651
8.060000	 1.547775
8.065000	 1.546900
8.070000	 1.546027
8.075000	 1.545154
8.080000	 1.544282
8.085000	 1.543412
8.090000	 1.542542
8.095000	 1.541673
8.100000	 1.540805
8.105000	 1.539938
8.110000	 1.539073
8.115000	 1.538208
8.120000	 1.537344
8.125000	 1.536481
8.130000	 1.535619
8.135000	 1.534758
8.140000	 1.533898
8.145000	 1.533039
8.150000	 1.532181
8.155000	 1.531324
8.160000	 1.530467
8.165000	 1.529612
8.170000	 1.528758
8.175000	 1.527904
8.180000	 1.527052
8.185000	 1.526201
8.190000	 1.525350
8.195000	 1.524501
8.200000	 1.523652
8.205000	 1.522804
8.210000	 1.521958
8.215000	 1.521112
8.220000	 1.520267
8.225000	 1.519423
8.230000	 1.518580
8.235000	 1.517738
8.240000	 1.516897
8.245000	 1.516057
8.250000	 1.515218
8.255000	 1.514380
8.260000	 1.513542
8.265000	 1.512706
8.270000	 1.511870
8.275000	 1.511036
8.280000	 1.510202
8.285000	 1.509370
8.290000	 1.508538
8.295000	 1.507707
8.300000	 1.506877
8.305000	 1.506048
8.310000	 1.505220
8.315000	 1.504392
8.320000	 1.503566
8.325000	 1.502741
8.330000	 1.501916
8.335000	 1.501092
8.340000	 1.500270
8.345000	 1.499448
8.350000	 1.498627
8.355000	 1.497807
8.360000	 1.496988
8.365000	 1.496170
8.370000	 1.495352
8.375000	 1.494536
8.380000	 1.493720
8.385000	 1.492906
8.390000	 1.492092
8.395000	 1.491279
8.400000	 1.490467
8.405000	 1.489656
8.410000	 1.488846
8.415000	 1.488036
8.420000	 1.487228
8.425000	 1.486420
8.430000	 1.485613
8.435000	 1.484808
8.440000	 1.484003
8.445000	 1.483199
8.450000	 1.482395
8.455000	 1.481593
8.460000	 1.480791
8.465000	 1.479991
8.470000	 1.479191
8.475000	 1.478392
8.480000	 1.477594
8.485000	 1.476797
8.490000	 1.476001
8.495000	 1.475205
8.500000	 1.474411
8.505000	 1.473617
8.510000	 1.472824
8.515000	 1.472032
8.520000	 1.471241
8.525000	 1.470451
8.530000	 1.469661
8.535000	 1.468872
8.540000	 1.468085
8.545000	 1.467298
8.550000	 1.466512
8.555000	 1.465726
8.560000	 1.464942
8.565000	 1.464158
8.570000	 1.463376
8.575000	 1.462594
8.580000	 1.461813
8.585000	 1.461032
8.590000	 1.460253
8.595000	 1.459474
8.600000	 1.458697
8.605000	 1.457920
8.610000	 1.457144
8.615000	 1.456369
8.620000	 1.455594
8.625000	 1.454820
8.630000	 1.454048
8.635000	 1.453276
8.640000	 1.452505
8.645000	 1.451734
8.650000	 1.450965
8.655000	 1.450196
8.660000	 1.449428
8.665000	 1.448661
8.670000	 1.447895
8.675000	 1.447129
8.680000	 1.446365
8.685000	 1.445601
8.690000	 1.444838
8.695000	 1.444076
8.700000	 1.443314
8.705000	 1.442554
8.710000	 1.441794
8.715000	 1.441035
8.720000	 1.440277
8.725000	 1.439519
8.730000	 1.438763
8.735000	 1.438007
8.740000	 1.437252
8.745000	 1.436498
8.750000	 1.435744
8.755000	 1.434992
8.760000	 1.434240
8.765000	 1.433489
8.770000	 1.432738
8.775000	 1.431989
8.780000	 1.431240
8.785000	 1.430492
8.790000	 1.429745
8.795000	 1.428999
8.800000	 1.428253
8.805000	 1.427508
8.810000	 1.426764
8.815000	 1.426021
8.820000	 1.425278
8.825000	 1.424537
8.830000	 1.423796
8.835000	 1.423056
8.840000	 1.422316
8.845000	 1.421577
8.850000	 1.420840
8.855000	 1.420103
8.860000	 1.419366
8.865000	 1.418631
8.870000	 1.417896
8.875000	 1.417162
8.880000	 1.416428
8.885000	 1.415696
8.890000	 1.414964
8.895000	 1.414233
8.900000	 1.413503
8.905000	 1.412773
8.910000	 1.412044
8.915000	 1.411316
8.920000	 1.410589
8.925000	 1.409863
8.930000	 1.409137
8.935000	 1.408412
8.940000	 1.407688
8.945000	 1.406964
8.950000	 1.406241
8.955000	 1.405519
8.960000	 1.404798
8.965000	 1.404077
8.970000	 1.403358
8.975000	 1.402639
8.980000	 1.401920
8.985000	 1.401203
8.990000	 1.400486
8.995000	 1.399770
9.000000	 1.399054
9.005000	 1.398340
9.010000	 1.397626
9.015000	 1.396912
9.020000	 1.396200
9.025000	 1.395488
9.030000	 1.394777
9.035000	 1.394067
9.040000	 1.393357
9.045000	 1.392648
9.050000	 1.391940
9.055000	 1.391233
9.060000	 1.390526
9.065000	 1.389820
9.070000	 1.389115
9.075000	 1.388410
9.080000	 1.387706
9.085000	 1.387003
9.090000	 1.386301
9.095000	 1.385599
9.100000	 1.384898
9.105000	 1.384198
9.110000	 1.383498
9.115000	 1.382799
9.120000	 1.382101
9.125000	 1.381404
9.130000	 1.380707
9.135000	 1.380011
9.140000	 1.379316
9.145000	 1.378621
9.150000	 1.377927
9.155000	 1.377234
9.160000	 1.376541
9.165000	 1.375849
9.170000	 1.375158
9.175000	 1.374468
9.180000	 1.373778
9.185000	 1.373089
9.190000	 1.372400
9.195000	 1.371713
9.200000	 1.371026
9.205000	 1.370339
9.210000	 1.369654
9.215000	 1.368969
9.220000	 1.368284
9.225000	 1.367601
9.230000	 1.366918
9.235000	 1.366236
9.240000	 1.365554
9.245000	 1.364873
9.250000	 1.364193
9.255000	 1.363514
9.260000	 1.362835
9.265000	 1.362157
9.270000	 1.361479
9.275000	 1.360802
9.280000	 1.360126
9.285000	 1.359451
9.290000	 1.358776
9.295000	 1.358102
9.300000	 1.357428
9.305000	 1.356756
9.310000	 1.356083
9.315000	 1.355412
9.320000	 1.354741
9.325000	 1.354071
9.330000	 1.353402
9.335000	 1.352733
9.340000	 1.352065
9.345000	 1.351397
9.350000	 1.350730
9.355000	 1.350064
9.360000	 1.349399
9.365000	 1.348734
9.370000	 1.348070
9.375000	 1.347406
9.380000	 1.346743
9.385000	 1.346081
9.390000	 1.345419
9.395000	 1.344758
9.400000	 1.344098
9.405000	 1.343438
9.410000	 1.342779
9.415000	 1.342121
9.420000	 1.341463
9.425000	 1.340806
9.430000	 1.340150
9.435000	 1.339494
9.440000	 1.338839
9.445000	 1.338185
9.450000	 1.337531
9.455000	 1.336878
9.460000	 1.336225
9.465000	 1.335573
9.470000	 1.334922
9.475000	 1.334271
9.480000	 1.333621
9.485000	 1.332972
9.490000	 1.332323
9.495000	 1.331675
9.500000	 1.331027
9.505000	 1.330380
9.510000	 1.329734
9.515000	 1.329089
9.520000	 1.328444
9.525000	 1.327799
9.530000	 1.327155
9.535000	 1.326512
9.540000	 1.325870
9.545000	 1.325228
9.550000	 1.324587
9.555000	 1.323946
9.560000	 1.323306
9.565000	 1.322667
9.570000	 1.322028
9.575000	 1.321390
9.580000	 1.320752
9.585000	 1.320115
9.590000	 1.319479
9.595000	 1.318843
9.600000	 1.318208
9.605000	 1.317574
9.610000	 1.316940
9.615000	 1.316307
9.620000	 1.315674
9.625000	 1.315042
9.630000	 1.314411
9.635000	 1.313780
9.640000	 1.313149
9.645000	 1.312520
9.650000	 1.311891
9.655000	 1.311262
9.660000	 1.310635
9.665000	 1.310007
9.670000	 1.309381
9.675000	 1.308755
9.680000	 1.308129
9.685000	 1.307505
9.690000	 1.306880
9.695000	 1.306257
9.700000	 1.305634
9.705000	 1.305011
9.710000	 1.304389
9.715000	 1.303768
9.720000	 1.303148
9.725000	 1.302528
9.730000	 1.301908
9.735000	 1.301289
9.740000	 1.300671
9.745000	 1.300053
9.750000	 1.299436
9.755000	 1.298820
9.760000	 1.298204
9.765000	 1.297588
9.770000	 1.296973
9.775000	 1.296359
9.780000	 1.295746
9.785000	 1.295133
9.790000	 1.294520
9.795000	 1.293908
9.800000	 1.293297
9.805000	 1.292686
9.810000	 1.292076
9.815000	 1.291467
9.820000	 1.290858
9.825000	 1.290249
9.830000	 1.289641
9.835000	 1.289034
9.840000	 1.288427
9.845000	 1.287821
9.850000	 1.287216
9.855000	 1.286611
9.860000	 1.286006
9.865000	 1.285402
9.870000	 1.284799
9.875000	 1.284196
9.880000	 1.283594
9.885000	 1.282993
9.890000	 1.282392
9.895000	 1.281791
9.900000	 1.281191
9.905000	 1.280592
9.910000	 1.279993
9.915000	 1.279395
9.920000	 1.278797
9.925000	 1.278200
9.930000	 1.277603
9.935000	 1.277008
9.940000	 1.276412
9.945000	 1.275817
9.950000	 1.275223
9.955000	 1.274629
9.960000	 1.274036
9.965000	 1.273443
9.970000	 1.272851
9.975000	 1.272260
9.980000	 1.271669
9.985000	 1.271078
9.990000	 1.270488
9.995000	 1.269899
