379.89  1.5e17 
581.01  1.5e17 
101.80  1.5e17 
 INDEF  1.5e17 
127.48  1.5e17
133.70  1.5e17
161.59  1.5e17
501.67  1.5e17
177.40  1.5e17
83.87   1.5e17
152.57  1.5e17
129.05  1.5e17
188.30  1.5e17
602.25  1.5e17
576.22  1.5e17
100.09  1.5e17
74.45   1.5e17
99.38   1.5e17
115.95  1.5e17
144.60  1.5e17
102.96  1.5e17
116.42  1.5e17
149.38  1.5e17
193.43  1.5e17
101.40  1.5e17
109.44  1.5e17
592.19  1.5e17
579.40  1.5e17
131.17  1.5e17
100.02  1.5e17
107.41  1.5e17
117.60  1.5e17
94.21   1.5e17
121.51  1.5e17
137.38  1.5e17
111.91  1.5e17
392.53  1.5e17
68.80   1.5e17
438.11  1.5e17
464.94  1.5e17
458.99  1.5e17
575.88  1.5e17
131.92  1.5e17
141.34  1.5e17
167.84  1.5e17
125.39  1.5e17
367.16  1.5e17
380.18  1.5e17
86.41   1.5e17
113.16  1.5e17
150.07  1.5e17
411.98  1.5e17
420.26  1.5e17
585.10  1.5e17
475.48  1.5e17
116.31  1.5e17
499.95  1.5e17
444.10  1.5e17
118.49  1.5e17
702.18  1.5e17
723.62  1.5e17
166.79  1.5e17
590.07  1.5e17







