0.339866	 208.000000	 1.200000
0.328538	 242.200000	 3.300000
0.340606	 219.600000	 5.900000
0.358396	 235.200000	 2.000000
0.386581	 217.200000	 1.800000
0.382724	 228.900000	 6.600000
0.378998	 231.700000	 2.900000
0.294323	 218.600000	 1.700000
0.302357	 226.800000	 7.800000
0.333347	 224.100000	 1.300000
0.313068	 228.800000	 2.100000
0.304448	 236.600000	 2.600000
0.348400	 229.500000	 3.100000
0.324016	 230.200000	 3.000000
0.277177	 250.200000	 1.200000
0.324040	 221.300000	 8.200000
0.476442	 223.500000	 3.100000
0.375999	 248.300000	 2.100000
0.359666	 232.800000	 2.300000
0.308881	 213.000000	 2.700000
0.355430	 228.800000	 4.400000
0.677211	 240.700000	 0.100000
0.416705	 225.700000	 1.500000
0.345332	 227.700000	 0.200000
0.301200	 228.500000	 2.300000
0.268715	 238.200000	 1.600000
0.264764	 241.200000	 1.500000
0.277030	 228.100000	 3.900000
0.281610	 219.500000	 2.100000
0.295838	 204.400000	 6.100000
0.258654	 220.500000	 1.300000
0.587771	 237.400000	 1.700000
0.514704	 227.200000	 1.400000
0.438097	 218.200000	 2.300000
0.373597	 232.300000	 0.900000
0.351801	 221.600000	 3.000000
0.248985	 216.900000	 2.900000
0.273557	 226.200000	 2.200000
0.283130	 240.400000	 3.000000
0.270845	 237.200000	 1.300000
0.248199	 229.000000	 2.200000
0.240266	 229.400000	 0.900000
0.242037	 221.800000	 0.900000
0.414070	 228.100000	 2.100000
0.393233	 233.000000	 2.500000
0.236888	 227.100000	 3.900000
0.237332	 235.000000	 1.400000
0.234862	 222.300000	 5.900000
0.390510	 226.700000	 2.000000
0.423969	 227.900000	 1.300000
0.339147	 224.200000	 1.700000
0.322697	 230.200000	 2.100000
0.224302	 224.600000	 4.800000
0.235516	 227.900000	 3.500000
0.576097	 222.300000	 2.200000
0.392287	 224.500000	 2.700000
0.318725	 244.000000	 3.300000
0.307068	 230.100000	 3.800000
0.228079	 233.800000	 2.900000
0.220452	 224.900000	 1.900000
0.253548	 218.600000	 1.800000
0.271951	 237.400000	 2.600000
0.305693	 237.100000	 2.500000
0.314707	 235.800000	 2.400000
0.325635	 224.600000	 5.100000
0.341363	 218.100000	 4.000000
0.358048	 223.100000	 2.100000
0.208229	 211.800000	 3.900000
0.211978	 227.500000	 1.800000
0.217420	 227.800000	 0.900000
0.245565	 231.500000	 1.100000
0.242464	 228.800000	 2.000000
0.364135	 236.000000	 2.100000
0.308216	 225.000000	 2.000000
0.233820	 226.600000	 2.100000
0.211871	 221.500000	 2.500000
0.207825	 235.300000	 3.300000
0.203714	 227.600000	 1.600000
0.242696	 210.100000	 3.200000
0.368833	 231.800000	 5.800000
0.294943	 226.500000	 0.300000
0.272747	 224.000000	 0.100000
0.275078	 247.200000	 4.600000
0.214236	 250.300000	 2.300000
0.213061	 235.000000	 1.800000
0.211639	 236.300000	 4.400000
0.206724	 221.200000	 1.900000
0.194178	 237.700000	 1.000000
0.228548	 225.100000	 4.000000
0.248709	 224.600000	 4.800000
0.255102	 226.900000	 8.400000
0.271016	 235.900000	 1.500000
0.275583	 228.500000	 2.100000
0.287536	 233.800000	 1.400000
0.269740	 215.100000	 0.300000
0.263889	 238.400000	 0.100000
0.249292	 231.700000	 2.400000
0.242031	 224.800000	 2.000000
0.191413	 225.200000	 2.100000
0.186760	 227.700000	 1.800000
0.196117	 234.300000	 1.100000
0.193945	 219.000000	 5.600000
0.209334	 223.000000	 4.900000
0.218244	 238.400000	 1.500000
0.246978	 236.900000	 7.400000
0.254983	 220.400000	 3.000000
0.294236	 239.800000	 2.500000
0.299123	 228.100000	 3.300000
0.322359	 231.000000	 1.600000
0.338000	 221.600000	 2.200000
0.298568	 226.900000	 0.200000
0.251917	 225.600000	 2.500000
0.229227	 230.500000	 1.300000
0.202019	 225.300000	 3.100000
0.191503	 234.000000	 2.200000
0.177145	 220.300000	 3.900000
0.178874	 231.100000	 3.100000
0.178092	 217.100000	 7.400000
0.196508	 230.600000	 5.000000
0.228008	 228.500000	 2.000000
0.269230	 237.600000	 6.400000
0.268095	 238.300000	 2.800000
0.293706	 229.000000	 1.700000
0.315570	 253.900000	 1.400000
0.339099	 225.400000	 1.000000
0.364746	 239.600000	 6.700000
0.366153	 239.200000	 3.800000
0.330561	 245.500000	 8.800000
0.310098	 231.200000	 2.100000
0.300290	 226.000000	 1.400000
0.225750	 221.700000	 9.000000
0.206629	 227.800000	 5.500000
0.176031	 230.100000	 2.300000
0.172312	 231.300000	 1.100000
0.188015	 219.900000	 1.500000
0.240982	 220.300000	 2.100000
0.267821	 230.000000	 1.300000
0.343379	 220.000000	 2.300000
0.316131	 228.000000	 3.900000
0.193458	 236.100000	 4.300000
0.187122	 226.900000	 7.300000
0.183805	 247.900000	 4.200000
0.171765	 221.600000	 1.000000
0.168097	 239.800000	 1.300000
0.167444	 225.400000	 2.800000
0.163560	 245.100000	 1.800000
0.161353	 232.400000	 1.400000
0.163782	 224.800000	 2.200000
0.167735	 217.900000	 4.200000
0.212120	 236.100000	 2.200000
0.214440	 244.800000	 7.300000
0.464736	 233.400000	 2.900000
0.426832	 224.000000	 3.900000
0.402386	 231.100000	 1.700000
0.349370	 222.900000	 2.900000
0.269380	 210.300000	 1.800000
0.234918	 226.100000	 1.300000
0.209761	 228.300000	 4.000000
0.175486	 245.700000	 2.200000
0.160666	 219.300000	 3.200000
0.159972	 232.900000	 1.300000
0.158194	 236.500000	 0.200000
0.168538	 239.100000	 0.400000
0.198435	 231.600000	 1.000000
0.275892	 234.500000	 2.200000
0.331425	 213.200000	 1.900000
0.335641	 210.300000	 1.500000
0.194328	 222.400000	 2.100000
0.187589	 222.700000	 0.500000
0.163774	 235.600000	 9.400000
0.157768	 229.400000	 0.300000
0.147893	 238.000000	 0.100000
0.148849	 239.200000	 2.100000
0.161627	 242.000000	 4.400000
0.169335	 234.800000	 3.100000
0.172322	 229.300000	 1.700000
0.195335	 228.100000	 0.800000
0.223918	 238.400000	 3.200000
0.249283	 246.900000	 2.600000
0.320435	 245.400000	 1.300000
0.435887	 225.600000	 0.200000
0.427898	 234.600000	 0.200000
0.274534	 226.600000	 3.400000
0.253008	 220.800000	 2.000000
0.193380	 234.100000	 4.900000
0.173251	 262.000000	 1.300000
0.156261	 236.000000	 0.300000
0.154124	 214.600000	 0.700000
0.142878	 219.200000	 2.600000
0.142344	 230.400000	 6.100000
0.142949	 238.100000	 1.000000
0.159669	 235.800000	 9.800000
0.162937	 238.200000	 0.300000
0.201920	 232.000000	 3.700000
0.205465	 219.400000	 5.400000
0.208798	 239.700000	 2.600000
0.265735	 220.300000	 5.000000
0.325720	 231.000000	 1.400000
0.360447	 221.500000	 1.300000
0.527197	 229.600000	 0.600000
0.442639	 239.500000	 3.800000
0.413315	 218.000000	 2.200000
0.378550	 205.900000	 8.000000
0.288178	 223.000000	 2.100000
0.217767	 251.200000	 1.300000
0.184697	 227.200000	 2.000000
0.162963	 228.500000	 3.100000
0.143151	 238.400000	 5.000000
0.140525	 215.000000	 1.100000
0.137419	 235.500000	 3.600000
0.134935	 244.200000	 2.200000
0.137355	 224.000000	 0.000000
0.146774	 229.600000	 1.200000
0.149679	 231.100000	 6.100000
0.161471	 234.200000	 1.100000
0.166894	 252.200000	 3.600000
0.163912	 218.200000	 2.400000
0.224504	 253.900000	 1.500000
0.227344	 234.500000	 3.400000
0.358115	 240.400000	 1.700000
0.410968	 219.700000	 1.400000
0.333057	 248.600000	 4.400000
0.291783	 225.000000	 1.100000
0.292243	 232.600000	 7.800000
0.203097	 233.000000	 0.400000
0.203688	 232.800000	 4.000000
0.183664	 243.800000	 1.400000
0.184408	 215.500000	 1.500000
0.165287	 213.900000	 1.400000
0.147136	 227.600000	 3.000000
0.127702	 230.500000	 0.400000
0.128487	 244.400000	 0.900000
0.125255	 217.300000	 1.900000
0.128176	 238.800000	 3.300000
0.153320	 232.300000	 3.200000
0.231914	 225.000000	 1.300000
0.241033	 248.500000	 1.000000
0.294910	 226.700000	 2.000000
0.372781	 232.200000	 1.300000
0.544477	 236.100000	 0.400000
0.310466	 228.400000	 2.100000
0.230143	 217.900000	 2.900000
0.181465	 230.800000	 0.400000
0.165472	 215.800000	 7.100000
0.159330	 233.100000	 2.900000
0.157206	 226.900000	 1.500000
0.139286	 241.100000	 1.400000
0.133229	 246.900000	 0.400000
0.131183	 234.300000	 2.100000
0.163415	 233.900000	 3.300000
0.168691	 246.100000	 3.900000
0.188958	 239.600000	 3.600000
0.195824	 235.300000	 0.400000
0.210117	 246.200000	 0.800000
0.213912	 226.300000	 4.800000
0.288718	 222.400000	 2.600000
0.292692	 248.900000	 4.300000
0.299707	 229.800000	 1.400000
0.312054	 218.400000	 2.400000
0.571298	 228.600000	 10.800000
0.324541	 214.300000	 2.500000
0.274803	 234.100000	 1.000000
0.274545	 232.000000	 0.800000
0.256811	 234.100000	 0.100000
0.246771	 229.000000	 4.300000
0.239876	 226.700000	 6.500000
0.219266	 229.800000	 3.900000
0.217216	 215.400000	 4.100000
0.202774	 237.600000	 4.300000
0.117989	 231.200000	 2.400000
0.116082	 219.400000	 2.100000
0.151487	 244.800000	 1.300000
0.176259	 230.200000	 1.300000
0.186744	 233.400000	 1.500000
0.189320	 251.000000	 2.200000
0.298996	 224.000000	 2.000000
0.298310	 221.100000	 1.800000
0.339577	 234.700000	 5.700000
0.342539	 230.100000	 1.500000
0.606929	 220.800000	 4.600000
0.228739	 226.200000	 3.500000
0.225987	 218.000000	 6.400000
0.221535	 239.600000	 1.200000
0.181662	 206.800000	 7.000000
0.179767	 233.000000	 2.400000
0.159935	 236.500000	 1.700000
0.143278	 231.500000	 1.100000
0.135705	 236.300000	 3.500000
0.105736	 248.000000	 3.800000
0.105855	 225.100000	 3.500000
0.110242	 217.100000	 0.300000
0.118779	 229.700000	 2.000000
0.140930	 225.100000	 1.800000
0.154178	 217.800000	 2.100000
0.231868	 227.000000	 1.100000
0.306245	 221.500000	 2.600000
0.419535	 230.700000	 5.000000
0.361520	 227.500000	 7.500000
0.338525	 232.400000	 1.200000
0.324020	 232.600000	 2.500000
0.260410	 219.100000	 1.200000
0.233398	 220.900000	 3.200000
0.219056	 239.500000	 3.300000
0.215970	 232.200000	 7.100000
0.207291	 219.200000	 0.200000
0.197257	 235.300000	 3.300000
0.181447	 238.300000	 2.500000
0.113074	 235.100000	 3.800000
0.102711	 245.900000	 1.400000
0.123486	 245.700000	 2.700000
0.136063	 248.900000	 1.800000
0.178580	 234.000000	 2.900000
0.193264	 219.800000	 1.800000
0.205192	 254.700000	 5.800000
0.213591	 227.900000	 2.900000
0.217970	 230.600000	 0.300000
0.262396	 233.700000	 7.100000
0.313076	 225.300000	 2.000000
0.465773	 223.300000	 0.800000
0.448134	 236.900000	 4.100000
0.376004	 219.100000	 3.700000
0.341221	 227.800000	 0.900000
0.331995	 213.100000	 1.300000
0.327389	 237.600000	 2.900000
0.250497	 222.600000	 3.700000
0.243721	 238.300000	 0.300000
0.236970	 230.700000	 4.400000
0.233292	 218.000000	 3.300000
0.219545	 226.300000	 2.000000
0.209857	 229.300000	 0.600000
0.180594	 240.000000	 2.100000
0.178621	 213.700000	 0.600000
0.167200	 215.200000	 0.400000
0.143481	 258.600000	 0.200000
0.137533	 213.500000	 2.100000
0.110040	 224.700000	 3.500000
0.100008	 223.900000	 1.500000
0.097204	 250.900000	 0.400000
0.087408	 242.600000	 1.800000
0.086333	 221.700000	 2.000000
0.091379	 219.400000	 3.700000
0.091148	 244.100000	 3.800000
0.096507	 227.900000	 7.900000
0.102553	 231.900000	 1.300000
0.100511	 215.400000	 2.700000
0.111483	 225.700000	 2.500000
0.133881	 242.000000	 2.800000
0.149479	 212.800000	 0.400000
0.156370	 235.300000	 3.400000
0.212561	 246.800000	 0.000000
0.240335	 232.700000	 1.600000
0.319667	 244.600000	 1.500000
0.231602	 237.000000	 3.700000
0.217564	 233.600000	 4.600000
0.212876	 211.100000	 2.100000
0.215099	 210.100000	 0.700000
0.208007	 230.300000	 0.300000
0.136414	 227.000000	 0.100000
0.116452	 230.900000	 1.100000
0.112135	 244.200000	 1.900000
0.103335	 242.900000	 2.300000
0.096830	 239.100000	 4.600000
0.079445	 236.200000	 4.900000
0.078386	 227.800000	 2.600000
0.082668	 221.700000	 1.900000
0.085394	 225.300000	 4.900000
0.089199	 234.100000	 2.500000
0.095921	 234.900000	 1.900000
0.101695	 225.600000	 1.000000
0.111751	 234.100000	 2.500000
0.119574	 239.700000	 3.700000
0.124754	 222.100000	 0.700000
0.123172	 232.600000	 1.800000
0.127549	 233.200000	 2.400000
0.140200	 234.300000	 1.200000
0.173155	 245.000000	 5.700000
0.208552	 227.500000	 1.200000
0.218188	 230.600000	 1.100000
0.234033	 241.700000	 7.900000
0.250787	 237.400000	 1.600000
0.281763	 230.800000	 3.100000
0.573341	 228.300000	 0.400000
0.435700	 227.400000	 1.300000
0.224091	 204.600000	 0.500000
0.218145	 227.100000	 1.000000
0.202772	 224.200000	 2.500000
0.115425	 202.000000	 1.500000
0.106621	 221.700000	 5.200000
0.103125	 203.300000	 2.900000
0.099459	 228.700000	 2.300000
0.096630	 233.000000	 5.400000
0.089029	 235.100000	 2.000000
0.074862	 236.500000	 0.900000
0.080038	 249.400000	 1.200000
0.084561	 229.600000	 2.300000
0.082434	 229.300000	 0.300000
0.091607	 232.800000	 1.900000
0.094348	 240.200000	 2.600000
0.102045	 236.600000	 1.700000
0.104803	 249.900000	 3.800000
0.110972	 254.500000	 2.400000
0.109754	 235.300000	 2.600000
0.117515	 228.000000	 6.200000
0.146502	 237.900000	 5.000000
0.148073	 239.500000	 1.900000
0.156705	 219.800000	 0.100000
0.198489	 245.700000	 0.100000
0.224599	 244.300000	 2.400000
0.294896	 239.900000	 2.600000
0.323669	 237.300000	 1.300000
0.506365	 230.100000	 0.300000
0.390662	 217.700000	 2.300000
0.338121	 229.100000	 1.900000
0.295377	 239.400000	 2.000000
0.275753	 241.100000	 2.300000
0.209986	 230.700000	 2.600000
0.189324	 208.200000	 0.600000
0.160160	 213.800000	 3.500000
0.150977	 237.900000	 1.600000
0.138317	 222.900000	 0.400000
0.115098	 240.400000	 2.800000
0.111590	 213.100000	 0.900000
0.105337	 240.500000	 2.600000
0.101036	 215.500000	 4.200000
0.094516	 222.900000	 1.900000
0.088350	 216.600000	 1.800000
0.085787	 214.000000	 2.500000
0.084752	 216.600000	 2.300000
0.069923	 209.200000	 0.900000
0.066784	 224.300000	 1.500000
0.068372	 234.800000	 2.300000
0.065903	 227.000000	 2.400000
0.068617	 236.100000	 2.600000
0.067860	 245.200000	 1.400000
0.065536	 211.500000	 5.200000
0.067075	 250.200000	 1.600000
0.072709	 221.700000	 2.300000
0.079752	 251.800000	 1.000000
0.086665	 217.500000	 1.700000
0.089613	 226.500000	 2.200000
0.097138	 242.500000	 1.200000
0.102709	 234.300000	 1.300000
0.100642	 257.300000	 2.700000
0.104436	 234.700000	 1.900000
0.105113	 246.000000	 1.200000
0.124263	 247.700000	 1.200000
0.167955	 221.800000	 2.600000
0.191866	 231.800000	 0.100000
0.229809	 237.800000	 4.800000
0.245153	 246.600000	 2.600000
0.285090	 232.100000	 1.000000
0.285511	 241.300000	 3.900000
0.292545	 235.800000	 9.600000
0.326958	 233.500000	 2.400000
0.286379	 226.900000	 0.900000
0.267193	 232.800000	 1.900000
0.254219	 229.900000	 4.100000
0.228281	 215.300000	 5.200000
0.208409	 226.800000	 1.300000
0.209570	 240.300000	 3.100000
0.199889	 221.800000	 5.000000
0.195114	 210.500000	 1.700000
0.191402	 212.500000	 1.100000
0.188015	 236.400000	 2.200000
0.178009	 212.700000	 1.000000
0.164141	 231.500000	 3.200000
0.146981	 219.700000	 7.300000
0.146125	 219.000000	 2.500000
0.143704	 226.900000	 1.800000
0.134543	 208.700000	 1.900000
0.113689	 224.800000	 1.700000
0.114601	 234.200000	 2.200000
0.104924	 225.100000	 3.500000
0.099453	 226.700000	 5.200000
0.095283	 217.800000	 2.000000
0.092986	 226.800000	 1.400000
0.085368	 210.700000	 1.800000
0.073819	 211.200000	 3.000000
0.070259	 221.900000	 1.800000
0.067928	 251.000000	 0.200000
0.065010	 232.400000	 2.000000
0.061213	 210.300000	 0.700000
0.061352	 248.800000	 1.600000
0.067155	 199.800000	 4.200000
0.072350	 248.900000	 2.900000
0.072046	 241.100000	 2.100000
0.075549	 219.200000	 2.300000
0.080242	 231.900000	 2.400000
0.080826	 235.200000	 1.400000
0.082475	 227.500000	 0.100000
0.081957	 254.100000	 2.300000
0.101055	 223.200000	 1.400000
0.097918	 216.000000	 1.700000
0.128208	 212.800000	 1.300000
0.132028	 221.900000	 0.400000
0.136915	 235.300000	 1.800000
0.159571	 230.200000	 1.300000
0.165930	 229.900000	 3.000000
0.170276	 232.300000	 1.300000
0.212398	 233.200000	 0.200000
0.225371	 247.800000	 8.300000
0.228952	 241.400000	 2.100000
0.245451	 249.200000	 2.700000
0.338732	 223.600000	 2.600000
0.362947	 250.100000	 1.800000
0.489146	 218.900000	 2.300000
0.350914	 247.800000	 1.400000
0.347227	 219.500000	 3.900000
0.268629	 235.500000	 1.800000
0.218309	 247.200000	 7.700000
0.217953	 223.200000	 2.000000
0.212703	 202.300000	 5.000000
0.203359	 219.700000	 0.600000
0.171513	 233.100000	 2.400000
0.159579	 232.400000	 1.300000
0.122239	 231.900000	 3.000000
0.116921	 241.900000	 6.000000
0.109941	 217.800000	 3.000000
0.105435	 197.100000	 3.500000
0.102233	 219.400000	 3.800000
0.096687	 226.100000	 3.500000
0.089189	 222.500000	 1.000000
0.086193	 229.600000	 3.000000
0.083441	 220.900000	 3.200000
0.075990	 239.400000	 0.500000
0.060781	 241.300000	 1.100000
0.073392	 220.600000	 0.500000
0.078807	 244.400000	 2.900000
0.086566	 240.700000	 3.600000
0.087411	 225.100000	 4.400000
0.127858	 232.200000	 4.600000
0.142433	 247.300000	 0.200000
0.163232	 252.500000	 3.000000
0.172664	 239.400000	 2.100000
0.181212	 230.800000	 3.500000
0.192665	 236.900000	 3.300000
0.210327	 233.800000	 2.900000
0.226100	 247.600000	 2.200000
0.232181	 238.600000	 5.900000
0.252845	 249.300000	 1.100000
0.268267	 238.100000	 1.600000
0.534828	 220.800000	 1.500000
0.270592	 219.700000	 0.000000
0.260535	 219.100000	 6.700000
0.242036	 229.200000	 1.500000
0.226605	 245.900000	 3.000000
0.212135	 222.300000	 6.000000
0.204193	 219.800000	 0.200000
0.204187	 230.900000	 2.200000
0.202315	 230.600000	 1.900000
0.197049	 233.100000	 2.300000
0.161114	 205.400000	 4.900000
0.133473	 217.400000	 2.400000
0.134130	 241.800000	 1.700000
0.124747	 272.600000	 3.600000
0.126127	 262.500000	 1.300000
0.113656	 228.900000	 3.200000
0.114242	 220.600000	 1.500000
0.103975	 221.300000	 2.100000
0.098482	 244.500000	 4.400000
0.093927	 202.800000	 3.800000
0.087749	 224.500000	 2.900000
0.083505	 239.700000	 2.400000
0.078386	 220.300000	 4.100000
0.078471	 214.800000	 1.800000
0.061235	 239.800000	 3.400000
0.043364	 224.000000	 1.500000
0.046034	 210.700000	 1.200000
0.051106	 239.500000	 1.700000
0.065495	 217.800000	 1.600000
0.075333	 230.900000	 2.800000
0.077225	 252.100000	 0.600000
0.085134	 223.300000	 0.500000
0.094607	 250.400000	 3.400000
0.096130	 230.100000	 1.600000
0.102323	 248.800000	 1.200000
0.106857	 248.700000	 0.100000
0.127031	 223.900000	 1.800000
0.135878	 233.000000	 0.800000
0.193814	 252.200000	 6.200000
0.195521	 239.100000	 0.200000
0.201833	 234.100000	 4.600000
0.210675	 247.300000	 0.700000
0.233526	 227.800000	 4.000000
0.244741	 248.900000	 1.400000
0.420077	 229.100000	 0.800000
0.389887	 229.400000	 4.100000
0.278171	 218.400000	 1.800000
0.225960	 221.800000	 1.500000
0.226194	 229.400000	 3.300000
0.200678	 221.000000	 2.500000
0.193995	 239.500000	 1.400000
0.186104	 233.600000	 6.700000
0.167851	 228.100000	 7.800000
0.142916	 230.100000	 1.400000
0.132478	 206.300000	 2.600000
0.129994	 207.800000	 1.100000
0.125090	 218.500000	 2.100000
0.126711	 235.200000	 1.100000
0.123162	 219.900000	 1.000000
0.120393	 228.700000	 1.200000
0.103668	 262.900000	 1.500000
0.080862	 228.900000	 2.700000
0.060238	 227.300000	 3.900000
0.047910	 215.300000	 0.900000
0.038750	 189.100000	 0.900000
0.039487	 214.200000	 1.200000
0.038994	 254.600000	 4.400000
0.037467	 226.800000	 1.300000
0.049527	 238.800000	 1.100000
0.065305	 233.600000	 1.000000
0.080430	 218.600000	 2.800000
0.079576	 250.000000	 1.800000
0.082961	 220.500000	 2.600000
0.085728	 233.000000	 2.800000
0.094084	 234.700000	 1.800000
0.102970	 226.700000	 2.200000
0.105757	 246.400000	 4.600000
0.108734	 249.400000	 5.300000
0.114201	 221.000000	 2.900000
0.121939	 247.900000	 4.200000
0.123089	 239.100000	 1.500000
0.131364	 215.800000	 1.600000
0.156206	 231.400000	 3.400000
0.159009	 227.300000	 1.800000
0.176346	 236.900000	 1.900000
0.266003	 220.400000	 2.500000
0.275506	 245.500000	 4.200000
0.291255	 230.900000	 1.100000
0.306066	 235.200000	 2.000000
0.536981	 231.500000	 2.000000
0.447798	 222.000000	 9.700000
0.399447	 238.600000	 3.200000
0.347551	 237.400000	 2.200000
0.339305	 220.600000	 2.100000
0.331549	 226.400000	 7.300000
0.301545	 228.200000	 0.800000
0.235361	 219.800000	 1.100000
0.191726	 232.800000	 7.900000
0.185349	 249.700000	 2.400000
0.183289	 234.700000	 1.500000
0.149209	 238.800000	 2.400000
0.119601	 233.600000	 3.500000
0.111961	 211.500000	 1.700000
0.105602	 244.600000	 2.400000
0.101238	 225.200000	 8.100000
0.099545	 240.500000	 4.100000
0.096835	 227.600000	 2.900000
0.095205	 220.500000	 3.800000
0.089127	 233.500000	 5.200000
0.064843	 216.500000	 2.300000
0.062381	 211.900000	 2.200000
0.041356	 242.900000	 1.000000
0.038620	 215.300000	 1.400000
0.032353	 222.700000	 1.600000
0.031424	 236.500000	 2.200000
0.029407	 228.200000	 1.800000
0.029463	 223.400000	 1.400000
0.033148	 211.000000	 3.000000
0.031809	 258.600000	 1.300000
0.050997	 247.400000	 1.900000
0.061622	 215.400000	 1.700000
0.079844	 259.600000	 0.400000
0.082716	 238.200000	 4.300000
0.082796	 238.100000	 0.100000
0.088092	 208.700000	 0.800000
0.092239	 244.000000	 2.100000
0.094118	 201.400000	 2.200000
0.111967	 232.700000	 2.700000
0.117951	 208.200000	 2.600000
0.131591	 248.600000	 0.700000
0.147809	 221.500000	 1.400000
0.164013	 234.900000	 4.100000
0.218235	 253.700000	 1.800000
0.232095	 231.900000	 1.300000
0.059189	 246.900000	 1.600000
0.527524	 241.000000	 5.900000
0.326592	 228.000000	 1.600000
0.251577	 231.300000	 4.400000
0.241755	 236.300000	 7.300000
0.239332	 218.600000	 2.000000
0.231100	 224.300000	 5.700000
0.225649	 220.600000	 1.500000
0.202937	 230.000000	 2.700000
0.191031	 221.000000	 1.400000
0.166959	 225.700000	 8.700000
0.165760	 215.300000	 2.500000
0.160969	 232.400000	 1.000000
0.128430	 236.600000	 3.000000
0.118246	 217.100000	 4.100000
0.113797	 216.500000	 2.600000
0.099171	 217.500000	 2.300000
0.078732	 202.200000	 1.900000
0.069495	 216.400000	 1.100000
0.051451	 192.700000	 1.400000
0.048144	 234.000000	 1.100000
0.046035	 230.300000	 1.700000
0.051946	 244.800000	 0.900000
0.069886	 234.700000	 1.000000
0.071626	 201.600000	 4.300000
0.072413	 217.500000	 1.900000
0.091805	 227.800000	 3.200000
0.098010	 236.700000	 1.500000
0.110671	 257.300000	 0.600000
0.113233	 253.800000	 4.400000
0.127500	 247.100000	 1.300000
0.183970	 238.400000	 1.500000
0.202702	 236.500000	 4.700000
0.220705	 248.900000	 0.500000
0.232896	 242.400000	 7.900000
0.247761	 235.600000	 1.500000
0.265943	 232.200000	 3.500000
0.447293	 217.200000	 1.500000
0.432242	 228.000000	 8.900000
0.415949	 229.700000	 6.100000
0.303099	 231.400000	 2.500000
0.302095	 238.000000	 1.600000
0.285763	 224.900000	 2.000000
0.255887	 223.600000	 0.800000
0.241577	 223.700000	 3.400000
0.223052	 221.000000	 5.200000
0.211688	 226.200000	 6.800000
0.166765	 219.700000	 1.500000
0.158561	 232.100000	 1.400000
0.152178	 233.400000	 1.600000
0.137273	 234.800000	 4.100000
0.109914	 220.700000	 2.200000
0.097473	 210.200000	 3.000000
0.069505	 222.200000	 1.700000
0.060502	 227.900000	 1.500000
0.046972	 229.600000	 2.300000
0.056152	 233.400000	 1.400000
0.058180	 233.300000	 1.100000
0.066131	 227.600000	 1.200000
0.073618	 267.500000	 1.100000
0.093140	 230.200000	 0.000000
0.106669	 226.800000	 0.900000
0.118669	 255.300000	 4.800000
0.119868	 232.600000	 0.700000
0.134486	 241.400000	 3.200000
0.151670	 233.200000	 0.700000
0.190658	 247.800000	 1.500000
0.225092	 228.700000	 3.000000
0.238873	 230.800000	 1.500000
0.331008	 246.900000	 2.800000
0.522620	 232.900000	 1.700000
0.444174	 238.100000	 0.200000
0.244249	 223.700000	 0.800000
0.232330	 224.800000	 1.800000
0.180960	 220.800000	 1.000000
0.174706	 246.600000	 1.900000
0.171171	 218.600000	 2.700000
0.160615	 243.700000	 1.500000
0.148233	 212.600000	 0.900000
0.146107	 224.200000	 0.500000
0.142876	 237.700000	 2.100000
0.128485	 234.300000	 1.800000
0.112076	 198.400000	 2.300000
0.109722	 218.600000	 4.600000
0.052159	 217.200000	 1.400000
0.042015	 215.200000	 2.200000
0.023100	 232.400000	 3.100000
0.032867	 201.700000	 1.500000
0.053070	 257.900000	 0.900000
0.066054	 257.200000	 1.200000
0.086238	 227.200000	 1.000000
0.092631	 244.900000	 3.800000
0.093442	 227.900000	 0.000000
0.112909	 240.800000	 3.900000
0.115942	 220.300000	 2.100000
0.117520	 257.600000	 0.800000
0.131097	 223.300000	 5.300000
0.186855	 240.500000	 1.800000
0.197117	 246.100000	 1.100000
0.202807	 234.500000	 0.400000
0.240548	 246.300000	 0.100000
0.259958	 229.600000	 2.300000
0.353200	 238.300000	 3.000000
0.554870	 228.800000	 2.700000
0.367832	 241.300000	 1.500000
0.310087	 222.700000	 5.900000
0.285400	 227.000000	 7.100000
0.256923	 219.300000	 5.300000
0.244276	 226.800000	 0.000000
0.242890	 237.800000	 3.800000
0.220363	 211.200000	 1.600000
0.203330	 209.200000	 3.600000
0.200604	 211.500000	 1.200000
0.187841	 236.700000	 3.500000
0.187807	 218.800000	 3.800000
0.184435	 240.400000	 2.300000
0.152288	 225.300000	 1.800000
0.150182	 230.900000	 1.000000
0.144953	 226.300000	 1.400000
0.126972	 234.400000	 0.500000
0.118095	 206.300000	 1.500000
0.103148	 232.900000	 2.300000
0.098505	 217.400000	 1.400000
0.095295	 236.800000	 1.700000
0.092520	 221.900000	 1.100000
0.085361	 245.200000	 6.800000
0.060271	 215.700000	 0.800000
0.047386	 239.800000	 1.100000
0.038999	 245.400000	 2.000000
0.049828	 257.500000	 1.600000
0.063418	 243.900000	 1.000000
0.084572	 256.600000	 1.600000
0.089353	 230.500000	 2.200000
0.094044	 242.400000	 0.400000
0.104541	 246.800000	 1.600000
0.107636	 220.200000	 3.600000
0.116647	 238.900000	 0.800000
0.119657	 226.900000	 1.000000
0.133758	 248.100000	 2.500000
0.139683	 213.300000	 3.200000
0.178860	 244.100000	 3.000000
0.203546	 243.200000	 2.300000
0.226937	 235.900000	 3.300000
0.288790	 219.200000	 7.400000
0.359291	 242.800000	 7.600000
0.310157	 217.300000	 5.600000
0.255528	 238.500000	 2.300000
0.249896	 242.600000	 1.300000
0.235012	 233.400000	 0.100000
0.230962	 222.100000	 2.600000
0.202161	 218.800000	 0.800000
0.195309	 211.800000	 1.100000
0.166552	 226.400000	 2.400000
0.164304	 231.600000	 8.600000
0.150016	 217.000000	 2.900000
0.134965	 263.400000	 2.000000
0.124389	 227.900000	 1.900000
0.122145	 231.800000	 3.100000
0.121840	 242.700000	 3.900000
0.111336	 213.700000	 2.500000
0.105290	 248.900000	 2.800000
0.103781	 236.900000	 3.600000
0.101227	 215.500000	 1.700000
0.088074	 229.900000	 3.100000
0.080107	 240.200000	 1.400000
0.012014	 221.500000	 1.800000
0.012470	 255.400000	 4.700000
0.038593	 245.300000	 1.300000
0.076848	 241.500000	 1.500000
0.079099	 273.100000	 1.300000
0.080016	 239.900000	 6.600000
0.086710	 232.500000	 2.200000
0.099908	 236.600000	 3.600000
0.100762	 261.400000	 2.000000
0.103157	 216.400000	 2.100000
0.122208	 238.400000	 1.800000
0.124121	 236.500000	 1.100000
0.135444	 234.300000	 2.100000
0.166213	 225.300000	 1.900000
0.179581	 238.200000	 1.400000
0.196885	 235.600000	 0.600000
0.244355	 237.500000	 1.300000
0.291654	 244.500000	 2.700000
0.587767	 224.500000	 7.300000
0.421828	 227.200000	 0.400000
0.409888	 229.100000	 2.400000
0.224485	 223.100000	 1.700000
0.150818	 245.800000	 2.400000
0.147210	 214.700000	 3.200000
0.125471	 214.900000	 3.100000
0.099843	 227.900000	 4.500000
0.098917	 217.100000	 9.100000
0.096222	 221.700000	 3.600000
0.087755	 228.600000	 2.700000
0.018560	 245.300000	 1.700000
0.017976	 229.200000	 1.300000
0.041266	 245.100000	 2.900000
0.044522	 237.200000	 1.000000
0.053943	 228.200000	 4.700000
0.061118	 234.000000	 0.900000
0.071146	 221.900000	 1.500000
0.104586	 221.900000	 1.400000
0.104690	 220.200000	 2.100000
0.106054	 237.500000	 1.600000
0.111565	 228.600000	 1.600000
0.129020	 226.000000	 2.900000
0.139982	 240.900000	 2.500000
0.141343	 224.000000	 2.000000
0.142994	 225.300000	 3.800000
0.146068	 230.600000	 1.500000
0.197981	 241.200000	 2.900000
0.229719	 224.200000	 1.400000
0.291703	 240.200000	 4.800000
0.312136	 223.000000	 2.400000
0.568038	 243.300000	 4.300000
0.265403	 239.100000	 3.000000
0.257466	 211.500000	 3.300000
0.255504	 222.700000	 3.100000
0.243924	 220.200000	 2.400000
0.231584	 215.000000	 1.200000
0.228340	 229.000000	 1.000000
0.198438	 218.900000	 0.300000
0.136197	 233.400000	 2.300000
0.123618	 226.900000	 2.300000
0.118167	 221.100000	 3.800000
0.092408	 231.100000	 1.200000
0.091759	 229.500000	 1.100000
0.089003	 230.800000	 1.900000
0.058471	 234.400000	 1.000000
0.051333	 200.300000	 1.900000
0.047919	 228.500000	 1.800000
0.042393	 248.000000	 1.000000
0.024540	 201.700000	 1.700000
0.023904	 216.800000	 3.700000
0.034195	 221.100000	 1.300000
0.040324	 219.000000	 1.100000
0.048747	 224.400000	 1.400000
0.047085	 238.100000	 6.500000
0.060033	 248.400000	 1.300000
0.062004	 234.300000	 1.600000
0.088977	 255.200000	 0.100000
0.093760	 250.600000	 3.900000
0.098806	 228.300000	 3.300000
0.109227	 225.100000	 1.800000
0.109766	 231.400000	 4.300000
0.114808	 244.900000	 0.400000
0.119097	 226.000000	 3.000000
0.126993	 230.600000	 0.800000
0.138393	 235.400000	 1.500000
0.152368	 235.400000	 2.000000
0.172277	 244.900000	 2.600000
0.216221	 220.500000	 2.600000
0.219912	 235.400000	 1.600000
0.237647	 249.200000	 1.200000
0.244997	 231.600000	 2.100000
0.315332	 235.500000	 2.000000
0.409311	 224.700000	 3.000000
0.406004	 234.900000	 2.000000
0.341048	 234.100000	 5.700000
0.309441	 233.000000	 3.500000
0.226465	 204.300000	 9.900000
0.224891	 225.600000	 0.600000
0.202534	 215.400000	 4.100000
0.196878	 223.700000	 2.100000
0.195367	 224.700000	 2.900000
0.150404	 238.300000	 4.100000
0.122991	 212.600000	 2.800000
0.116459	 232.300000	 1.600000
0.094817	 212.400000	 4.200000
0.093305	 233.200000	 2.200000
0.093437	 229.500000	 2.300000
0.080280	 224.900000	 1.900000
0.077817	 228.100000	 1.800000
0.037647	 239.300000	 1.000000
0.036081	 198.400000	 1.500000
0.069456	 210.200000	 1.400000
0.071101	 217.200000	 6.800000
0.073411	 221.300000	 1.100000
0.076987	 247.200000	 0.200000
0.093668	 246.200000	 0.900000
0.116488	 240.200000	 1.300000
0.121644	 237.200000	 3.000000
0.122367	 236.700000	 3.900000
0.129279	 234.100000	 2.300000
0.135330	 223.200000	 0.100000
0.135086	 245.100000	 0.600000
0.139715	 263.100000	 0.900000
0.195455	 235.300000	 2.800000
0.196279	 246.200000	 7.400000
0.208935	 240.100000	 0.100000
0.276360	 247.600000	 2.000000
0.298020	 224.900000	 5.200000
0.342026	 227.200000	 0.300000
0.399194	 220.400000	 0.300000
0.331477	 238.000000	 7.100000
0.282978	 223.700000	 7.200000
0.226377	 237.200000	 1.200000
0.222353	 228.200000	 1.200000
0.180750	 203.100000	 4.400000
0.158217	 219.200000	 1.300000
0.141264	 220.800000	 3.600000
0.134510	 217.600000	 1.300000
0.124666	 215.600000	 6.300000
0.102929	 228.700000	 1.100000
0.087665	 230.800000	 2.000000
0.069877	 207.900000	 1.400000
0.049849	 231.500000	 1.900000
0.048285	 239.200000	 1.600000
0.037873	 223.500000	 1.600000
0.044646	 230.000000	 2.100000
0.045776	 209.300000	 4.100000
0.052725	 228.900000	 2.000000
0.059456	 241.600000	 2.600000
0.073714	 248.400000	 2.300000
0.077115	 266.100000	 3.600000
0.093848	 238.000000	 5.000000
0.112897	 245.600000	 2.600000
0.116025	 246.900000	 2.200000
0.122800	 244.900000	 1.700000
0.126347	 219.600000	 0.700000
0.130216	 214.600000	 1.400000
0.131253	 249.300000	 2.400000
0.132998	 227.600000	 2.800000
0.153489	 234.600000	 4.400000
0.165514	 256.600000	 0.400000
0.206968	 228.700000	 5.200000
0.210128	 224.800000	 1.300000
0.212702	 249.000000	 0.200000
0.246027	 247.100000	 2.700000
0.267854	 237.100000	 4.700000
0.353752	 238.800000	 0.800000
0.536773	 235.000000	 1.000000
0.392152	 223.400000	 1.300000
0.357701	 222.100000	 7.600000
0.303869	 237.900000	 1.000000
0.300506	 223.900000	 1.100000
0.275191	 224.000000	 2.000000
0.224294	 240.500000	 0.600000
0.214511	 217.500000	 1.500000
0.214697	 231.200000	 0.400000
0.211711	 227.300000	 0.500000
0.199007	 226.000000	 0.400000
0.196015	 223.600000	 4.500000
0.194031	 227.300000	 3.000000
0.152587	 240.700000	 1.100000
0.116664	 227.000000	 2.800000
0.095676	 231.100000	 4.000000
0.088287	 219.100000	 2.200000
0.088079	 230.700000	 2.800000
0.081221	 251.700000	 1.900000
0.080488	 223.700000	 1.300000
0.078650	 216.600000	 0.400000
0.076479	 226.200000	 6.600000
0.075635	 241.500000	 3.300000
0.070672	 242.300000	 1.500000
0.059802	 250.300000	 1.000000
0.048669	 233.600000	 1.500000
0.043819	 225.600000	 2.000000
0.047187	 244.300000	 1.000000
0.056793	 217.900000	 1.600000
0.065074	 239.900000	 1.100000
0.068785	 234.500000	 0.900000
0.067393	 243.500000	 1.300000
0.079662	 227.200000	 4.100000
0.102593	 253.700000	 5.700000
0.112136	 233.800000	 3.900000
0.116635	 226.500000	 5.100000
0.127601	 227.500000	 4.400000
0.134893	 241.800000	 2.500000
0.150713	 253.200000	 4.000000
0.157655	 237.900000	 1.800000
0.164023	 202.600000	 1.700000
0.185020	 248.500000	 2.300000
0.197353	 238.400000	 0.500000
0.207931	 248.700000	 4.800000
0.251390	 234.800000	 1.000000
0.260148	 256.300000	 2.500000
0.310201	 241.300000	 3.500000
0.341903	 210.900000	 0.700000
0.304223	 218.800000	 7.100000
0.301048	 211.000000	 0.500000
0.265982	 232.600000	 4.700000
0.238374	 223.500000	 2.900000
0.228025	 218.700000	 2.700000
0.216494	 216.700000	 3.700000
0.214835	 233.400000	 2.100000
0.211469	 211.900000	 3.900000
0.201277	 235.500000	 1.000000
0.192880	 211.800000	 2.500000
0.178398	 234.700000	 5.200000
0.179085	 227.800000	 3.000000
0.162072	 232.400000	 3.600000
0.143399	 229.100000	 4.900000
0.112647	 222.000000	 1.000000
0.114039	 243.600000	 0.200000
0.094377	 232.700000	 1.100000
0.084829	 256.900000	 0.500000
0.082425	 232.800000	 2.000000
0.084887	 212.500000	 2.400000
0.076874	 219.300000	 3.800000
0.076036	 253.500000	 1.300000
0.073403	 240.700000	 1.500000
0.059170	 229.400000	 1.200000
0.059381	 219.500000	 0.300000
0.062914	 255.600000	 1.700000
0.064848	 229.800000	 4.700000
0.089401	 242.400000	 4.100000
0.097152	 226.500000	 1.100000
0.101844	 249.000000	 1.200000
0.111439	 248.200000	 0.200000
0.117435	 226.600000	 0.200000
0.132989	 244.300000	 1.800000
0.147752	 243.600000	 1.900000
0.147536	 230.200000	 0.900000
0.147973	 240.400000	 1.400000
0.150651	 241.100000	 2.700000
0.195070	 232.800000	 9.800000
0.196211	 235.900000	 6.100000
0.202453	 237.900000	 1.200000
0.231822	 226.900000	 7.400000
0.256673	 240.100000	 3.400000
0.258428	 239.800000	 2.200000
0.309222	 249.000000	 2.400000
0.318245	 248.600000	 1.300000
0.608065	 218.600000	 1.900000
0.491139	 313.100000	 91.900000
0.418493	 244.200000	 1.700000
0.408136	 235.700000	 2.200000
0.340018	 234.200000	 2.300000
0.317835	 231.400000	 2.600000
0.266670	 212.200000	 0.500000
0.256853	 220.900000	 0.900000
0.211872	 221.200000	 5.100000
0.210731	 220.700000	 0.500000
0.204924	 238.100000	 1.000000
0.193600	 221.400000	 1.600000
0.171033	 236.000000	 4.300000
0.153759	 238.600000	 2.900000
0.108292	 216.300000	 6.400000
0.107320	 208.400000	 4.100000
0.107122	 227.500000	 2.300000
0.106118	 222.500000	 2.400000
0.104196	 214.100000	 4.700000
0.096294	 223.100000	 0.300000
0.084146	 225.500000	 0.800000
0.084256	 219.800000	 1.500000
0.079969	 212.900000	 2.200000
0.074175	 243.700000	 2.600000
0.072057	 235.100000	 2.200000
0.070288	 215.700000	 2.900000
0.061815	 229.500000	 2.600000
0.065394	 233.400000	 1.700000
0.062010	 249.400000	 2.400000
0.065186	 225.200000	 1.400000
0.066606	 250.000000	 2.100000
0.076889	 233.100000	 2.300000
0.078939	 243.300000	 2.100000
0.085603	 231.900000	 0.900000
0.095399	 227.400000	 1.500000
0.130323	 215.400000	 3.400000
0.167250	 226.300000	 0.000000
0.193147	 209.000000	 3.500000
0.231799	 213.800000	 1.000000
0.248105	 244.900000	 2.000000
0.262117	 229.300000	 1.400000
0.262679	 231.700000	 5.500000
0.277101	 230.700000	 3.000000
0.296635	 240.800000	 2.700000
0.301023	 222.200000	 1.400000
0.236272	 233.700000	 5.000000
0.203485	 221.700000	 0.700000
0.178896	 219.000000	 1.400000
0.170994	 237.100000	 2.500000
0.165379	 231.500000	 2.900000
0.147281	 256.100000	 6.800000
0.099525	 206.900000	 2.600000
0.098351	 227.900000	 1.300000
0.100260	 215.300000	 7.000000
0.094332	 246.500000	 2.000000
0.090355	 237.400000	 2.000000
0.082630	 252.300000	 6.000000
0.081934	 226.200000	 1.300000
0.077624	 254.700000	 1.600000
0.074513	 229.400000	 2.600000
0.077610	 211.300000	 1.400000
0.075284	 236.900000	 2.500000
0.072497	 236.100000	 2.000000
0.071642	 238.500000	 4.400000
0.069641	 248.000000	 3.900000
0.066895	 233.500000	 1.500000
0.072985	 226.500000	 1.200000
0.074846	 234.400000	 2.900000
0.076894	 240.200000	 4.600000
0.077701	 233.000000	 2.900000
0.083345	 223.800000	 3.100000
0.096383	 230.300000	 1.300000
0.112365	 220.200000	 3.600000
0.114761	 228.400000	 2.100000
0.118568	 213.000000	 10.000000
0.140012	 245.700000	 1.600000
0.159311	 255.600000	 1.500000
0.172849	 225.500000	 4.100000
0.176027	 255.300000	 6.300000
0.195589	 236.400000	 6.100000
0.242094	 236.500000	 2.800000
0.313520	 246.200000	 1.000000
0.323935	 230.100000	 4.200000
0.379925	 240.300000	 1.500000
0.272570	 229.100000	 2.100000
0.262382	 217.700000	 1.800000
0.255187	 229.700000	 1.700000
0.222293	 233.900000	 1.000000
0.200632	 221.000000	 1.300000
0.198852	 218.200000	 1.500000
0.194626	 238.400000	 4.700000
0.190052	 213.000000	 5.100000
0.143733	 224.800000	 1.900000
0.139011	 232.500000	 1.700000
0.123968	 233.100000	 2.900000
0.108875	 233.000000	 6.300000
0.101336	 224.500000	 1.200000
0.080088	 220.600000	 2.300000
0.110555	 241.800000	 1.600000
0.153086	 263.400000	 1.800000
0.201749	 254.900000	 1.200000
0.233642	 243.700000	 7.700000
0.270163	 238.600000	 1.500000
0.289099	 239.000000	 1.400000
0.297510	 235.700000	 1.200000
0.313532	 245.500000	 2.600000
0.351747	 244.300000	 1.300000
0.343443	 243.200000	 0.800000
0.283467	 237.100000	 1.500000
0.250550	 225.400000	 2.200000
0.213658	 224.800000	 1.000000
0.180161	 216.400000	 2.700000
0.175687	 236.200000	 2.400000
0.149706	 229.000000	 0.000000
0.115934	 232.300000	 2.000000
0.113612	 225.400000	 4.700000
0.106770	 230.300000	 0.700000
0.094668	 212.100000	 0.000000
0.087285	 249.800000	 2.100000
0.085698	 229.000000	 1.800000
0.085033	 226.100000	 2.800000
0.101250	 233.700000	 2.000000
0.112985	 231.000000	 1.100000
0.122555	 228.200000	 0.600000
0.126557	 248.000000	 4.700000
0.131488	 234.100000	 3.100000
0.138327	 232.700000	 2.000000
0.151344	 199.700000	 0.000000
0.185391	 235.500000	 1.100000
0.203563	 250.800000	 2.000000
0.345694	 223.300000	 3.800000
0.406008	 244.800000	 1.700000
0.368599	 254.100000	 0.300000
0.300229	 214.500000	 0.800000
0.247194	 216.000000	 0.100000
0.217383	 239.500000	 1.100000
0.212792	 226.700000	 0.800000
0.205945	 234.100000	 2.600000
0.185146	 224.300000	 2.300000
0.175627	 223.900000	 1.400000
0.139834	 230.700000	 3.300000
0.130491	 206.600000	 2.400000
0.117793	 221.500000	 2.300000
0.103983	 230.100000	 0.500000
0.092220	 217.300000	 1.500000
0.093626	 253.100000	 0.900000
0.090538	 225.400000	 0.900000
0.092830	 239.600000	 0.900000
0.094460	 234.200000	 1.500000
0.097855	 207.400000	 1.700000
0.099822	 216.100000	 1.500000
0.109750	 233.900000	 1.100000
0.144120	 221.400000	 3.200000
0.152580	 241.900000	 2.600000
0.179802	 233.300000	 1.900000
0.193157	 235.900000	 5.500000
0.201146	 240.900000	 1.000000
0.212063	 230.900000	 3.300000
0.266417	 223.700000	 0.900000
0.288775	 220.700000	 1.100000
0.269657	 224.800000	 0.300000
0.260433	 228.300000	 1.000000
0.223168	 222.100000	 1.800000
0.190934	 222.100000	 2.900000
0.188326	 219.900000	 2.100000
0.182993	 228.400000	 1.800000
0.172855	 225.300000	 1.600000
0.171699	 245.500000	 2.000000
0.171435	 214.600000	 1.000000
0.137310	 232.200000	 0.700000
0.108036	 253.200000	 1.400000
0.099720	 216.700000	 3.800000
0.102962	 242.300000	 3.600000
0.105612	 262.000000	 4.600000
0.120413	 241.400000	 2.300000
0.134602	 235.900000	 0.900000
0.135980	 223.700000	 2.400000
0.135870	 243.400000	 2.800000
0.162269	 241.100000	 7.500000
0.165619	 240.100000	 1.400000
0.173122	 234.300000	 2.900000
0.194180	 218.200000	 2.900000
0.192832	 242.400000	 1.500000
0.223329	 228.700000	 1.900000
0.467103	 226.100000	 0.900000
0.381497	 234.500000	 1.900000
0.318673	 212.800000	 0.900000
0.261437	 225.800000	 0.600000
0.244014	 240.400000	 2.900000
0.221347	 235.400000	 1.700000
0.201713	 232.100000	 0.600000
0.204441	 211.600000	 4.400000
0.174961	 227.200000	 1.500000
0.174031	 231.800000	 1.300000
0.166426	 224.400000	 1.800000
0.155159	 233.800000	 3.800000
0.130510	 237.700000	 2.500000
0.112911	 228.000000	 1.400000
0.113780	 235.900000	 2.100000
0.107935	 239.000000	 4.100000
0.107402	 239.900000	 0.100000
0.110978	 224.400000	 1.300000
0.114799	 246.500000	 1.300000
0.113998	 225.900000	 2.100000
0.122259	 229.400000	 1.500000
0.124070	 242.500000	 1.400000
0.145183	 248.300000	 3.200000
0.159909	 240.600000	 2.300000
0.165172	 239.900000	 9.400000
0.169988	 246.600000	 3.200000
0.175945	 221.200000	 4.900000
0.182688	 257.700000	 1.200000
0.218259	 239.900000	 1.400000
0.301949	 236.300000	 2.200000
0.190053	 223.100000	 1.200000
0.179711	 228.500000	 1.100000
0.140999	 219.500000	 1.600000
0.132830	 231.300000	 1.900000
0.167057	 245.600000	 1.200000
0.168905	 263.400000	 2.000000
0.199500	 223.000000	 3.400000
0.270043	 234.600000	 7.100000
0.300247	 236.900000	 3.300000
0.304052	 243.700000	 2.900000
0.359624	 217.100000	 4.700000
0.380104	 232.800000	 2.500000
0.414762	 231.200000	 1.300000
0.358763	 225.300000	 1.800000
0.314140	 253.000000	 3.300000
0.258474	 232.500000	 5.800000
0.236813	 234.900000	 1.600000
0.198799	 225.400000	 5.500000
0.190120	 210.200000	 1.900000
0.158936	 251.600000	 3.700000
0.152693	 260.100000	 1.300000
0.148512	 223.600000	 1.600000
0.126691	 243.300000	 1.200000
0.186611	 239.600000	 3.000000
0.203278	 235.900000	 1.400000
0.228449	 234.100000	 4.300000
0.229609	 242.500000	 1.200000
0.252551	 225.900000	 1.200000
0.283210	 254.400000	 10.400000
0.324200	 243.500000	 5.900000
0.314798	 213.800000	 3.100000
0.238961	 221.000000	 5.200000
0.209556	 246.700000	 1.300000
0.158510	 238.900000	 2.500000
0.151810	 237.800000	 0.700000
0.151544	 229.900000	 1.300000
0.137576	 248.600000	 7.000000
0.135333	 230.800000	 2.000000
0.136181	 225.500000	 1.100000
0.132616	 213.100000	 1.400000
0.133775	 216.400000	 2.000000
0.132565	 235.800000	 3.500000
0.127596	 230.000000	 1.700000
0.132656	 231.500000	 0.900000
0.139445	 221.600000	 3.800000
0.144214	 233.800000	 1.900000
0.145100	 232.000000	 5.900000
0.158339	 224.600000	 2.800000
0.159395	 234.900000	 1.900000
0.167073	 214.300000	 1.700000
0.176568	 214.700000	 1.200000
0.181859	 220.100000	 1.700000
0.319954	 249.500000	 1.100000
0.334997	 238.500000	 2.000000
0.337491	 242.800000	 3.100000
0.385011	 237.000000	 1.900000
0.553823	 237.700000	 0.300000
0.382875	 242.900000	 1.500000
0.338245	 236.400000	 4.800000
0.332876	 212.500000	 0.400000
0.271906	 237.600000	 7.900000
0.267381	 243.800000	 1.500000
0.253292	 220.800000	 0.000000
0.236561	 231.300000	 1.500000
0.228584	 228.500000	 1.400000
0.187030	 229.100000	 0.400000
0.168965	 237.700000	 0.300000
0.170369	 252.700000	 1.100000
0.155909	 228.600000	 1.400000
0.138843	 236.000000	 2.700000
0.138325	 243.500000	 1.500000
0.141460	 231.300000	 11.000000
0.137163	 227.000000	 4.500000
0.138223	 226.600000	 0.800000
0.135171	 242.700000	 1.700000
0.141486	 248.600000	 1.100000
0.154234	 249.800000	 2.100000
0.151287	 247.200000	 2.900000
0.168053	 247.100000	 2.000000
0.176397	 241.500000	 3.800000
0.186769	 239.700000	 3.400000
0.247233	 243.100000	 4.200000
0.258594	 228.600000	 9.100000
0.278556	 245.700000	 1.600000
0.345936	 233.600000	 2.800000
0.306105	 234.700000	 0.600000
0.268536	 246.100000	 0.200000
0.223766	 238.900000	 2.800000
0.186840	 228.400000	 8.400000
0.150526	 228.100000	 2.300000
0.148344	 224.600000	 3.000000
0.150696	 236.300000	 2.200000
0.154329	 243.200000	 1.400000
0.161816	 232.600000	 2.800000
0.165458	 232.400000	 1.000000
0.379990	 225.700000	 3.400000
0.322727	 227.300000	 8.100000
0.283264	 235.400000	 7.200000
0.213441	 243.900000	 6.000000
0.162223	 236.600000	 2.600000
0.156879	 231.600000	 2.400000
0.151610	 238.100000	 1.400000
0.151805	 242.700000	 1.500000
0.152215	 245.900000	 3.100000
0.162618	 242.500000	 1.200000
0.160983	 239.000000	 1.000000
0.260289	 236.800000	 2.600000
0.289887	 226.500000	 3.800000
0.312878	 228.200000	 6.800000
0.629076	 223.900000	 0.300000
0.318420	 233.300000	 1.900000
0.311137	 212.300000	 12.100000
0.244754	 229.500000	 0.200000
0.171995	 231.300000	 1.700000
0.172278	 219.800000	 5.200000
0.162606	 227.900000	 1.400000
0.160313	 213.100000	 1.900000
0.158031	 219.100000	 1.200000
0.171298	 238.400000	 1.400000
0.176840	 219.000000	 1.900000
0.222797	 232.800000	 1.000000
0.232719	 225.900000	 1.000000
0.262624	 240.100000	 2.800000
0.276461	 229.200000	 7.300000
0.352249	 231.800000	 1.300000
0.365472	 220.900000	 1.300000
0.209040	 220.900000	 5.200000
0.167769	 227.500000	 1.300000
0.172774	 232.100000	 1.900000
0.191080	 247.200000	 1.200000
0.210482	 224.700000	 4.900000
0.283030	 241.100000	 2.300000
0.331708	 241.000000	 1.200000
0.388918	 236.900000	 1.400000
0.258241	 126.800000	 78.600000
0.196584	 231.200000	 0.900000
0.176813	 227.600000	 2.100000
0.173114	 241.800000	 2.100000
0.181201	 246.300000	 2.700000
0.186381	 225.900000	 5.500000
0.206799	 232.800000	 1.100000
0.234195	 241.300000	 3.000000
0.259869	 250.000000	 2.700000
0.425523	 242.200000	 1.000000
0.305309	 228.400000	 0.600000
0.302083	 243.700000	 2.500000
0.291910	 230.100000	 3.700000
0.279825	 240.400000	 0.700000
0.261162	 238.500000	 2.300000
0.234361	 241.300000	 1.400000
0.205620	 230.400000	 1.200000
0.290612	 228.400000	 3.700000
0.296598	 244.000000	 1.200000
0.301757	 224.700000	 0.900000
0.310132	 228.100000	 3.200000
0.305201	 233.200000	 5.100000
0.284574	 225.100000	 1.200000
0.188248	 244.300000	 2.000000
0.193358	 233.500000	 1.300000
0.255974	 242.100000	 1.900000
0.263217	 230.200000	 2.000000
0.322489	 225.100000	 3.200000
0.336395	 221.300000	 1.200000
0.273027	 247.000000	 0.800000
0.273710	 221.500000	 2.400000
0.221781	 231.300000	 1.800000
0.214976	 211.400000	 6.300000
0.211039	 225.600000	 2.400000
0.201451	 231.600000	 2.300000
0.267840	 233.800000	 1.500000
0.293312	 232.200000	 5.700000
0.412849	 230.200000	 3.600000
0.321437	 240.700000	 4.600000
0.308377	 231.800000	 0.900000
0.287685	 247.900000	 2.700000
0.279243	 236.100000	 1.200000
0.274505	 180.500000	 73.000000
0.239332	 235.500000	 7.700000
0.230665	 226.100000	 3.500000
0.212879	 232.800000	 1.400000
0.202563	 229.000000	 0.700000
0.210270	 235.800000	 1.500000
0.298102	 227.000000	 6.500000
0.312626	 239.200000	 1.100000
0.431324	 238.100000	 2.600000
0.369877	 230.500000	 1.600000
0.218270	 237.100000	 3.200000
0.270286	 228.100000	 1.800000
0.280064	 252.100000	 1.400000
0.291687	 223.100000	 2.500000
0.335776	 226.400000	 6.800000
0.336484	 246.800000	 1.900000
0.333340	 230.400000	 4.200000
0.222611	 224.300000	 1.800000
0.241479	 221.800000	 3.000000
0.288589	 241.300000	 2.300000
0.291130	 231.100000	 1.900000
0.491089	 240.600000	 1.200000
0.266623	 233.400000	 1.800000
0.252190	 233.000000	 1.400000
0.311087	 236.500000	 5.700000
0.361218	 234.400000	 9.100000
0.381885	 241.700000	 2.700000
0.438639	 220.200000	 3.700000
0.417714	 129.400000	 85.600000
0.374870	 229.600000	 1.600000
0.305000	 230.200000	 1.500000
0.235248	 226.400000	 2.200000
0.319464	 244.100000	 1.700000
0.246796	 238.700000	 1.200000
0.247383	 253.700000	 1.500000
0.273039	 220.900000	 7.900000
0.348532	 229.900000	 1.600000
0.534246	 237.300000	 1.200000
0.439959	 243.000000	 2.100000
0.255721	 222.300000	 1.000000
0.293302	 227.000000	 1.100000
0.298879	 236.000000	 2.300000
0.300165	 243.700000	 6.600000
0.321421	 228.800000	 1.800000
0.400962	 236.000000	 4.600000
0.297228	 239.300000	 2.800000
0.276179	 219.200000	 1.000000
0.261271	 233.000000	 3.700000
0.260550	 245.100000	 1.800000
0.267656	 230.000000	 4.900000
0.271902	 232.100000	 2.300000
0.277759	 221.500000	 2.200000
0.283396	 235.100000	 2.100000
0.300546	 243.800000	 7.000000
0.381237	 234.600000	 3.700000
0.676155	 239.300000	 2.200000
0.270481	 210.500000	 2.500000
0.422181	 216.000000	 1.200000
0.406401	 231.000000	 0.500000
0.302566	 230.600000	 1.500000
0.295157	 241.500000	 1.400000
0.284193	 224.500000	 2.900000
0.344958	 226.500000	 2.100000
0.290066	 237.600000	 1.300000
0.289339	 236.500000	 1.200000
0.424939	 238.200000	 1.400000
0.348816	 234.600000	 0.900000
0.299286	 234.300000	 1.500000
0.303148	 247.000000	 3.000000
0.309473	 236.300000	 2.700000
0.315139	 236.000000	 3.500000
0.332676	 233.900000	 2.400000
0.383455	 239.000000	 1.200000
0.389036	 227.500000	 2.500000
0.515413	 224.300000	 1.300000
0.451319	 235.600000	 3.500000
0.337455	 233.800000	 2.100000
0.306284	 263.100000	 9.700000
0.313823	 246.100000	 2.600000
0.453709	 234.900000	 1.700000
0.324507	 236.300000	 1.000000
0.390420	 233.400000	 1.100000
0.505917	 233.700000	 1.500000
0.489481	 231.000000	 1.600000
0.389018	 240.300000	 9.800000
0.405242	 241.400000	 2.700000
0.342854	 220.200000	 1.700000
0.375337	 239.800000	 1.300000
0.353041	 229.800000	 2.600000
0.365874	 229.600000	 1.600000
0.404056	 222.600000	 2.100000
0.445520	 226.700000	 1.600000
0.395834	 229.400000	 2.000000
0.443280	 228.800000	 1.300000
0.417176	 234.700000	 1.300000
0.484745	 228.300000	 3.400000
0.438490	 226.500000	 1.600000
0.538632	 227.800000	 2.200000
0.089588	 249.300000	 1.200000
0.143571	 253.800000	 1.300000
0.097191	 214.400000	 1.800000
0.130001	 244.900000	 1.100000
0.200486	 233.300000	 2.900000
