# Full	  RA		DEC	LID	RA	 DEC	      RV    e	o  Bmag
    1  13 23 37.4  -47 09 17      2  200.9058  -47.15459    -15.6  5.2  1  14.7
    2  13 24 07.3  -47 09 26      4  201.0303  -47.15715    -42.6  4.0  1  15.6
    3  13 28 38.8  -47 42 32     20  202.1618  -47.70901    -51.5  1.9  1  13.2
    4  13 23 48.1  -47 09 55   1002  200.9504  -47.16522      5.4  2.0  1  15.8
    5  13 24 27.5  -47 10 07   1004  201.1146  -47.16870    -74.1  3.2  1  16.3
    6  13 24 29.0  -47 09 56   1005  201.1208  -47.16557     51.3  2.8  1  15.5
    7  13 24 30.6  -47 10 05   1006  201.1274  -47.16813      5.6  1.0  1  14.3
    8  13 24 44.9  -47 10 06   1007  201.1869  -47.16841     -8.6  1.1  2  15.3
    9  13 23 15.5  -47 23 28   2001  200.8146  -47.39102    -34.4  0.0  2  14.6
   10  13 24 00.3  -47 10 35   3003  201.0014  -47.17650    -26.5  0.1  2  13.9
   11  13 24 13.5  -47 10 39   3004  201.0561  -47.17744    -32.9  4.3  1  16.1
   12  13 25 02.0  -47 10 50   3007  201.2582  -47.18049    229.5  2.1  1  14.2
   13  13 28 29.8  -47 26 01   3025  202.1240  -47.43369     16.9  2.8  1  16.5
   14  13 23 16.4  -47 26 42   4001  200.8184  -47.44502     28.8  4.3  1  16.0
   15  13 23 17.2  -47 14 20   4002  200.8215  -47.23898     -6.6  4.0  2  12.7
   16  13 24 07.6  -47 11 16   4004  201.0316  -47.18765      5.6  1.5  1  13.8
   17  13 25 52.2  -47 26 49   4016  201.4674  -47.44693    -38.4  2.9  1  16.7
   18  13 28 20.1  -47 22 59   4030  202.0837  -47.38316    -16.9  1.3  1  14.3
   19  13 28 32.9  -47 16 47   4031  202.1371  -47.27970    -14.3  1.3  1  14.5
   20  13 23 51.0  -47 11 30   5001  200.9624  -47.19173     -5.7  0.8  2  13.8
   21  13 25 40.9  -47 11 40   5008  201.4206  -47.19457      6.5  5.8  1  15.3
   22  13 23 18.6  -47 51 02   6002  200.8273  -47.85066     -7.6  2.1  1  15.8
   23  13 28 14.7  -47 49 32   6026  202.0611  -47.82550    -15.9  1.3  1  14.8
   24  13 28 26.2  -47 28 57   6028  202.1090  -47.48246     -6.8  1.7  1  14.9
   25  13 23 49.7  -47 12 25   7002  200.9569  -47.20689    224.5  1.6  2  15.5
   26  13 24 39.2  -47 29 14   8007  201.1635  -47.48711     33.4  4.3  1  16.6
   27  13 28 16.6  -47 16 01   9029  202.0693  -47.26700    237.6  4.1  1  15.1
   28  13 28 27.2  -47 25 53  10038  202.1132  -47.43147    -34.3  8.5  1  15.1
   29  13 23 22.1  -47 28 34  11001  200.8420  -47.47605      2.8  1.9  1  12.8
   30  13 23 31.2  -47 30 42  11002  200.8798  -47.51169    -17.3  4.1  1  15.3
   31  13 23 38.2  -47 14 19  11003  200.9092  -47.23856     -1.7  1.6  1  14.1
   32  13 23 42.0  -47 15 09  13004  200.9252  -47.25237    -60.8  2.9  1  14.0
   33  13 27 08.1  -47 15 15  13032  201.7836  -47.25427     14.4  5.5  1  14.7
   34  13 28 21.6  -47 33 07  13037  202.0898  -47.55207    127.0  1.1  1  14.3
   35  13 23 42.7  -47 15 39  14001  200.9278  -47.26073     61.5  2.2  1  15.9
   36  13 26 02.4  -47 15 56  14021  201.5099  -47.26550    -47.4  3.1  1  15.2
   37  13 27 23.6  -47 24 26  14037  201.8484  -47.40731     26.7  6.3  1  16.7
   38  13 25 59.9  -47 26 49  15015  201.4995  -47.44702    236.2  5.1  1  16.7
   39  13 23 14.2  -47 32 05  16001  200.8093  -47.53481    -17.7  3.4  1  13.8
   40  13 23 44.8  -47 16 47  16002  200.9366  -47.27967     26.8  2.7  1  13.0
   41  13 24 03.5  -47 16 48  16003  201.0147  -47.28002    248.4  2.3  1  15.2
   42  13 28 16.8  -47 27 00  16040  202.0698  -47.45004    218.6  1.1  1  14.2
   43  13 28 24.1  -47 16 34  16041  202.1006  -47.27618    -39.2  1.8  1  14.4
   44  13 23 37.9  -47 17 05  17004  200.9079  -47.28482      2.5  6.7  1  14.2
   45  13 28 25.1  -47 27 19  17050  202.1044  -47.45516     14.8  1.0  1  13.4
   46  13 26 45.0  -47 17 25  18033  201.6874  -47.29020     18.0  2.4  2  15.5
   47  13 28 25.8  -47 30 25  18062  202.1075  -47.50691      6.3  2.1  1  15.2
   48  13 26 33.3  -47 25 22  19032  201.6387  -47.42290    237.3  5.6  1  16.6
   49  13 27 05.2  -47 27 03  19041  201.7716  -47.45096    237.4  6.5  1  16.5
   50  13 25 03.9  -47 34 23  20010  201.2663  -47.57312     14.4  3.6  1  16.8
   51  13 23 17.7  -47 17 06  21001  200.8238  -47.28499     16.4  7.5  1  16.3
   52  13 23 39.0  -47 19 00  21003  200.9127  -47.31665     21.4  2.3  1  15.4
   53  13 23 39.6  -47 19 08  21004  200.9150  -47.31881    -28.3  3.0  1  15.3
   54  13 23 42.5  -47 18 58  21005  200.9272  -47.31614     55.5  0.8  2  13.8
   55  13 23 12.3  -47 28 12  22001  200.8014  -47.46997    -13.1  4.1  1  14.2
   56  13 23 38.7  -47 20 01  23001  200.9113  -47.33357     11.0  2.3  1  14.4
   57  13 26 11.4  -47 20 02  23030  201.5474  -47.33384    220.4  5.3  1  13.8
   58  13 28 39.2  -47 30 48  23073  202.1635  -47.51322      1.2  0.9 23  12.9
   59  13 23 33.6  -47 26 42  24001  200.8899  -47.44508     14.7  3.2  1  14.4
   60  13 24 05.6  -47 20 21  24008  201.0234  -47.33914     79.2  3.0  1  14.6
   61  13 25 32.7  -47 30 50  24022  201.3861  -47.51383     21.8  3.6  1  16.8
   62  13 27 47.7  -47 20 00  24078  201.9487  -47.33332     17.5  3.5  2  15.3
   63  13 23 22.1  -47 15 58  25001  200.8421  -47.26618     29.2  8.1  1  16.7
   64  13 28 21.3  -47 19 00  25093  202.0888  -47.31675    232.0  1.3  1  13.7
   65  13 23 50.2  -47 21 11  26004  200.9592  -47.35312    -14.2  1.0  1  13.3
   66  13 26 32.6  -47 20 57  26043  201.6360  -47.34917  -1460.6  5.5  1  15.8
   67  13 26 38.1  -47 21 07  26048  201.6586  -47.35201    247.9  5.9  1  14.9
   68  13 27 34.8  -47 20 59  26087  201.8951  -47.34968    -71.6  1.9  1  13.8
   69  13 28 25.9  -47 29 05  26101  202.1081  -47.48467    221.4  2.1  1  14.9
   70  13 28 30.1  -47 42 42  26102  202.1255  -47.71173    -93.3  2.0  1  14.7
   71  13 23 25.2  -47 22 44  27003  200.8552  -47.37877    -21.1  0.2  2  13.8
   72  13 26 05.3  -47 21 38  27028  201.5222  -47.36051    233.9  2.4  1  13.9
   73  13 26 23.3  -47 21 30  27042  201.5972  -47.35830     69.2  7.8  1  15.3
   74  13 26 49.5  -47 21 30  27059  201.7064  -47.35845    257.9  5.8  1  15.0
   75  13 28 27.2  -47 47 59  27114  202.1132  -47.79973    221.4  0.9  1  13.9
   76  13 28 36.6  -47 44 20  27119  202.1526  -47.73900    -36.9  2.4  1  15.1
   77  13 28 39.0  -47 28 33  27120  202.1626  -47.47590    232.8  1.7  1  14.9
   78  13 28 19.2  -47 27 32  28108  202.0800  -47.45894    -68.0  1.6  1  14.6
   79  13 28 27.1  -47 26 33  28109  202.1130  -47.44250    242.3  1.8  1  14.9
   80  13 23 50.9  -47 22 24  29001  200.9621  -47.37335    -40.4  2.6  1  13.1
   81  13 26 12.5  -47 22 28  29025  201.5521  -47.37454   1958.8  6.3  1  14.6
   82  13 27 07.0  -47 22 30  29082  201.7791  -47.37494    569.2  6.4  1  14.9
   83  13 24 09.9  -47 22 56  30004  201.0414  -47.38230     -1.6  1.1  2  14.4
   84  13 25 50.0  -47 22 59  30020  201.4582  -47.38317   -655.0  4.6  1  12.9
   85  13 27 06.7  -47 22 57  30102  201.7781  -47.38257     23.8  6.1  1  15.1
   86  13 27 09.4  -47 23 06  30107  201.7890  -47.38493    223.2  6.1  1  15.0
   87  13 23 57.0  -47 23 28  31004  200.9873  -47.39099    107.8  1.0  1  12.6
   88  13 24 10.8  -47 23 39  31005  201.0452  -47.39430      5.5  3.6  1  15.3
   89  13 27 38.6  -47 23 20  31150  201.9108  -47.38879     28.0  9.8  1  15.4
   90  13 28 19.5  -47 26 24  31171  202.0813  -47.43999    235.5  2.3  1  14.4
   91  13 28 39.6  -47 49 58  31174  202.1650  -47.83290    -22.4  2.7  1  14.4
   92  13 26 24.3  -47 23 50  32049  201.6013  -47.39729   2538.8  5.5  1  15.0
   93  13 27 10.1  -47 23 40  32141  201.7921  -47.39438    256.8  5.8  1  15.0
   94  13 28 20.6  -47 20 41  32194  202.0857  -47.34465    232.3  2.9  1  14.4
   95  13 23 17.9  -47 27 54  33001  200.8244  -47.46508    -45.4  2.5  1  15.7
   96  13 23 49.2  -47 24 13  33003  200.9548  -47.40352     18.6  1.2  1  13.3
   97  13 24 04.5  -47 24 35  33004  201.0186  -47.40979     -2.7  4.5  1  16.3
   98  13 24 07.4  -47 24 12  33005  201.0309  -47.40321    237.0  3.2  1  15.4
   99  13 25 56.5  -47 24 12  33028  201.4854  -47.40333    232.4  6.1  1  14.7
  100  13 26 53.4  -47 24 19  33113  201.7223  -47.40530    229.5  3.6  1  14.5
  101  13 28 13.6  -47 27 01  33178  202.0566  -47.45021    232.0  1.1  1  13.7
  102  13 26 45.6  -47 24 55  34125  201.6899  -47.41522     46.8  7.1  1  15.0
  103  13 27 05.8  -47 24 42  34181  201.7741  -47.41173  -2812.6  5.0  1  15.0
  104  13 23 15.4  -47 18 07  35001  200.8140  -47.30204    122.5  2.0  1  15.3
  105  13 24 11.7  -47 25 19  35007  201.0489  -47.42195    -58.5  2.5  2  15.5
  106  13 26 24.9  -47 25 25  35088  201.6038  -47.42352    232.2  4.3  1  14.7
  107  13 26 54.0  -47 25 13  35175  201.7251  -47.42019    238.5  2.0  1  15.0
  108  13 27 33.2  -47 25 14  35244  201.8882  -47.42057     21.2  4.0  1  14.7
  109  13 28 19.7  -47 31 22  35274  202.0820  -47.52271    235.9  2.0  1  14.6
  110  13 24 00.0  -47 25 48  36004  200.9999  -47.43013     16.6  0.2  2  13.2
  111  13 26 34.9  -47 25 32  36094  201.6454  -47.42559    222.7  2.6  1  14.7
  112  13 28 17.7  -47 30 12  36288  202.0736  -47.50332    -14.5  3.1  1  14.7
  113  13 28 20.6  -47 17 00  36289  202.0857  -47.28335    224.1  3.6  1  14.9
  114  13 23 57.9  -47 26 13  37005  200.9914  -47.43700     11.4  1.3  1  14.4
  115  13 27 12.0  -47 26 04  37280  201.8001  -47.43441    243.9  5.3  1  15.0
  116  13 27 19.2  -47 26 06  37298  201.8298  -47.43504    239.0  4.9  1  14.7
  117  13 27 28.2  -47 26 05  37310  201.8676  -47.43482   2192.8  5.4  1  15.1
  118  13 28 35.6  -47 20 26  37342  202.1485  -47.34050    235.8  2.3  1  14.7
  119  13 23 43.1  -47 26 42  38002  200.9297  -47.44499    -58.3  1.4  1  12.7
  120  13 27 07.6  -47 26 30  38293  201.7818  -47.44161    234.1  1.4  1  14.9
  121  13 28 15.4  -47 16 55  38360  202.0640  -47.28200    244.5  2.4  1  15.4
  122  13 28 40.0  -47 45 02  38361  202.1665  -47.75045    227.7  2.2  1  13.3
  123  13 23 46.1  -47 27 16  39001  200.9419  -47.45441    -25.0  3.5  1  13.5
  124  13 23 47.2  -47 35 19  39003  200.9467  -47.58848    -32.3  3.7  1  16.6
  125  13 23 57.5  -47 27 07  39004  200.9894  -47.45187      6.2  1.6  1  14.6
  126  13 25 59.1  -47 27 08  39040  201.4961  -47.45220     17.0  7.4  1  16.5
  127  13 26 15.5  -47 26 55  39072  201.5645  -47.44869  -1829.6  5.2  1  14.9
  128  13 26 23.6  -47 27 00  39097  201.5985  -47.44987    214.2  4.6  1  15.0
  129  13 26 24.1  -47 27 03  39100  201.6006  -47.45089    224.8  3.0  1  15.2
  130  13 26 28.4  -47 26 51  39117  201.6182  -47.44760    245.8  4.1  1  14.9
  131  13 27 20.6  -47 27 10  39397  201.8359  -47.45276  -2022.3  5.4  1  15.0
  132  13 25 13.4  -47 27 40  40011  201.3057  -47.46110    214.2  6.9  1  14.7
  133  13 26 25.4  -47 27 40  40095  201.6057  -47.46104     38.5  5.9  1  15.0
  134  13 27 19.5  -47 27 24  40443  201.8311  -47.45655   -405.7  5.3  1  14.9
  135  13 28 24.3  -47 25 34  40494  202.1012  -47.42616    219.5  3.4  1  15.0
  136  13 28 24.6  -47 23 23  40496  202.1025  -47.38973     17.8  5.0  1  16.5
  137  13 28 30.0  -47 28 59  40499  202.1252  -47.48308    239.1  1.6  1  15.1
  138  13 28 33.9  -47 28 28  40500  202.1411  -47.47435     -1.6  1.3  1  13.6
  139  13 23 15.5  -47 29 49  41001  200.8144  -47.49702    -69.2  0.1  2  14.4
  140  13 23 35.5  -47 27 53  41004  200.8979  -47.46485     11.1  4.0  1  15.3
  141  13 27 16.5  -47 27 53  41457  201.8186  -47.46481    238.0  4.9  1  13.8
  142  13 26 02.1  -47 28 17  42038  201.5087  -47.47126    256.1  7.5  1  14.9
  143  13 26 22.9  -47 28 13  42089  201.5956  -47.47025    236.4  5.4  1  14.1
  144  13 26 24.4  -47 28 20  42098  201.6017  -47.47209    214.6  5.8  1  15.1
  145  13 28 22.3  -47 36 47  42519  202.0931  -47.61298    -14.5  1.3  1  14.8
  146  13 25 58.8  -47 26 54  43035  201.4952  -47.44822    235.1  4.8  1  16.6
  147  13 27 26.2  -47 28 51  43516  201.8593  -47.48079    230.8  7.0  1  14.9
  148  13 27 54.1  -47 37 41  43544  201.9754  -47.62804    235.1  4.9  1  16.7
  149  13 23 19.6  -47 42 48  44001  200.8315  -47.71324    -31.4  2.4 15  12.6
  150  13 24 11.3  -47 29 23  44007  201.0472  -47.48967     25.9  1.8  1  14.5
  151  13 23 28.0  -47 25 59  45002  200.8668  -47.43319    -11.7  2.5  1  15.2
  152  13 23 32.9  -47 25 43  45003  200.8869  -47.42852     21.4  2.7  1  15.4
  153  13 24 35.8  -47 30 46  45013  201.1492  -47.51276    555.4  6.5  1  16.8
  154  13 24 46.2  -47 29 57  45015  201.1925  -47.49926     18.2  3.4  1  14.7
  155  13 27 08.3  -47 29 31  45434  201.7845  -47.49202    228.6  1.9  1  14.9
  156  13 27 44.4  -47 25 58  45512  201.9348  -47.43281    237.9  4.1  1  16.7
  157  13 23 56.6  -47 30 14  46001  200.9858  -47.50401     15.4  5.1  1  12.8
  158  13 26 24.1  -47 30 21  46082  201.6004  -47.50593    224.1  2.0  1  14.8
  159  13 26 38.8  -47 30 12  46170  201.6618  -47.50334    240.0  1.2  1  14.2
  160  13 28 16.9  -47 40 51  46460  202.0706  -47.68070    241.4  1.1  8  13.1
  161  13 25 24.7  -47 29 47  47017  201.3531  -47.49630    244.7  5.2  1  16.7
  162  13 25 32.2  -47 28 43  47020  201.3843  -47.47867    429.2  4.6  1  16.6
  163  13 25 48.2  -47 28 27  47023  201.4510  -47.47427    219.6  5.3  1  16.8
  164  13 25 59.4  -47 38 40  47033  201.4975  -47.64449      0.1  3.8  1  16.8
  165  13 26 26.3  -47 30 49  47097  201.6097  -47.51356    218.7  6.3  1  14.8
  166  13 27 07.2  -47 30 48  47368  201.7798  -47.51326    227.6  6.8  1  15.0
  167  13 27 15.1  -47 30 46  47390  201.8128  -47.51279    -35.0  5.0  1  15.5
  168  13 28 31.4  -47 38 46  47461  202.1310  -47.64609    230.5  0.5  2  15.0
  169  13 23 42.8  -47 24 32  48002  200.9282  -47.40880     -7.0  5.4  1  16.7
  170  13 23 58.0  -47 31 21  48004  200.9917  -47.52257    -52.1  8.5  1  16.2
  171  13 25 53.3  -47 43 29  48027  201.4721  -47.72476     14.0  4.7  1  16.5
  172  13 25 55.9  -47 12 18  48030  201.4829  -47.20503    214.7  3.9  1  16.9
  173  13 25 57.0  -47 31 33  48032  201.4874  -47.52570    226.6  3.6  1  16.8
  174  13 26 27.4  -47 31 15  48091  201.6141  -47.52096    238.6  4.9  1  14.7
  175  13 26 32.4  -47 31 15  48117  201.6350  -47.52078    493.6  6.1  1  14.9
  176  13 27 46.2  -47 30 58  48413  201.9423  -47.51613     17.4  7.3  1  14.1
  177  13 28 15.1  -47 53 48  48426  202.0631  -47.89673    -52.6  2.0  1  15.6
  178  13 23 22.6  -47 28 36  49001  200.8443  -47.47677    -36.3  0.0  2  15.4
  179  13 23 24.7  -47 38 25  49002  200.8531  -47.64036    -43.0  2.0  1  15.6
  180  13 23 38.7  -47 31 29  49003  200.9111  -47.52471    -65.7  4.2  1  16.4
  181  13 25 49.1  -47 31 30  49031  201.4545  -47.52500     30.6 24.4  3  12.5
  182  13 26 23.6  -47 31 42  49076  201.5984  -47.52822    211.9  4.7  1  15.1
  183  13 26 27.1  -47 31 23  49086  201.6130  -47.52312    233.3  1.9  1  14.8
  184  13 27 19.8  -47 31 43  49329  201.8325  -47.52852    246.8  4.1  1  15.1
  185  13 28 23.2  -47 31 05  49372  202.0966  -47.51797    -32.3  0.7  2  15.1
  186  13 28 29.5  -47 29 46  49375  202.1231  -47.49623    -28.7  0.5  2  13.5
  187  13 23 19.2  -47 29 39  50001  200.8302  -47.49413    -28.0  5.1  1  16.2
  188  13 23 54.5  -47 32 09  50002  200.9770  -47.53572      3.3  3.0  1  13.6
  189  13 25 32.5  -47 29 34  50013  201.3856  -47.49271    220.8  3.4  1  16.8
  190  13 25 48.9  -47 28 05  50020  201.4539  -47.46809    225.2  4.1  1  16.5
  191  13 25 50.1  -47 31 59  50021  201.4586  -47.53295    -84.8  4.5  1  15.3
  192  13 26 18.2  -47 31 51  50060  201.5759  -47.53088    -77.9  5.0  1  15.1
  193  13 26 42.8  -47 32 05  50136  201.6783  -47.53475    925.2  3.2  1  14.9
  194  13 26 50.4  -47 32 13  50177  201.7102  -47.53698     38.0  5.5  1  15.0
  195  13 26 52.6  -47 32 11  50188  201.7192  -47.53645    222.6  4.0  1  13.7
  196  13 27 14.8  -47 31 53  50277  201.8117  -47.53128  -2262.1  4.5  1  14.9
  197  13 27 17.1  -47 31 51  50284  201.8214  -47.53084  -1182.7  4.5  1  15.0
  198  13 28 19.0  -47 19 36  50327  202.0792  -47.32659    244.9  1.0  1  15.1
  199  13 28 33.8  -47 33 51  50330  202.1410  -47.56415    240.9  1.2  1  13.3

  200  13 26 03.3  -47 25 23  51033  201.5138  -47.42315    -87.6  7.4  1  16.9
  201  13 27 10.2  -47 32 35  51208  201.7925  -47.54304  -2464.7  7.2  1  15.0
  202  13 28 00.7  -47 25 35  51268  202.0029  -47.42640     19.3  2.2  1  16.8
  203  13 28 30.4  -47 24 55  51277  202.1266  -47.41536     22.0  1.0  1  14.2
  204  13 23 34.7  -47 32 49  52002  200.8947  -47.54688    -21.7  3.7  1  14.3
  205  13 24 02.3  -47 33 03  52006  201.0097  -47.55075     21.2  1.6  1  13.9
  206  13 26 23.2  -47 32 54  52059  201.5966  -47.54845     27.5  5.2  1  15.0
  207  13 27 03.5  -47 32 45  52168  201.7646  -47.54580    235.2  1.8  1  14.3
  208  13 28 15.3  -47 47 35  52229  202.0638  -47.79316     -1.2  7.8  1  16.3
  209  13 28 39.2  -47 09 14  52232  202.1633  -47.15392    -22.7  1.6  1  14.2
  210  13 24 03.0  -47 33 34  53002  201.0127  -47.55938     -3.3  0.9  2  14.2
  211  13 27 16.5  -47 33 18  53173  201.8188  -47.55492    232.6  7.0  1  14.8
  212  13 27 17.7  -47 33 17  53174  201.8239  -47.55465  -2814.7  6.1  1  14.9
  213  13 27 28.3  -47 33 21  53183  201.8681  -47.55581    -34.1  2.4  1  15.2
  214  13 27 31.2  -47 29 45  53184  201.8800  -47.49581     22.3  4.5  1  16.9
  215  13 28 39.1  -47 25 32  53213  202.1631  -47.42561    244.5  1.4  1  14.9
  216  13 23 11.5  -47 25 46  54001  200.7978  -47.42943     11.9  0.5  2  13.7
  217  13 27 24.3  -47 13 19  54176  201.8513  -47.22203    253.4  4.4  1  16.6
  218  13 28 24.8  -47 31 02  54199  202.1033  -47.51735     30.8  1.3  1  13.5
  219  13 25 31.6  -47 34 16  55015  201.3818  -47.57112   -809.1  5.8  1  15.2
  220  13 27 15.2  -47 34 09  55143  201.8134  -47.56928  -2467.3  4.6  1  15.0
  221  13 27 38.4  -47 34 15  55159  201.9098  -47.57073     14.7  6.5  1  14.8
  222  13 28 15.2  -47 25 48  55167  202.0632  -47.43007    229.9  1.5  1  15.2
  223  13 28 17.4  -47 25 10  55168  202.0723  -47.41949    237.3  0.5  7  13.8
  224  13 28 32.1  -47 25 16  55173  202.1339  -47.42114    240.6  1.5  1  13.8
  225  13 23 21.8  -47 24 30  56002  200.8410  -47.40831    -13.5  3.7  2  15.3
  226  13 23 34.3  -47 34 43  56004  200.8930  -47.57859    233.2  3.1  1  15.4
  227  13 26 32.4  -47 34 44  56064  201.6350  -47.57879  -1947.4  4.8  1  14.9
  228  13 27 02.2  -47 34 37  56105  201.7591  -47.57684    889.4  5.0  1  15.0
  229  13 27 13.9  -47 34 47  56123  201.8079  -47.57978   1586.6  5.7  1  14.9
  230  13 27 19.8  -47 27 32  56131  201.8325  -47.45896     18.4  5.3  1  17.0
  231  13 23 17.2  -47 24 37  57001  200.8215  -47.41039     -7.8  1.7  1  15.8
  232  13 23 25.3  -47 27 03  57002  200.8556  -47.45089      0.6  2.6  1  13.4
  233  13 25 09.3  -47 46 36  58010  201.2889  -47.77659    241.7  5.8  1  16.6
  234  13 25 51.9  -47 35 37  58022  201.4663  -47.59356     20.5  4.3  1  16.4
  235  13 26 18.9  -47 25 47  58035  201.5788  -47.42975     17.9  4.2  1  16.6
  236  13 26 24.1  -47 35 28  58039  201.6004  -47.59110    259.2  3.9  1  14.9
  237  13 27 05.1  -47 35 38  58080  201.7713  -47.59400  -1974.4  5.3  1  15.0
  238  13 25 10.0  -47 16 31  59012  201.2916  -47.27540    -15.7  6.4  1  17.0
  239  13 27 40.3  -47 36 00  59093  201.9178  -47.60000    250.4  4.9  1  14.7
  240  13 23 32.4  -47 43 34  60001  200.8848  -47.72624    -23.6  2.8  1  12.7
  241  13 26 21.8  -47 19 13  60040  201.5909  -47.32031     20.7  5.4  1  16.6
  242  13 23 34.8  -47 36 57  61003  200.8950  -47.61593     11.6  8.1  1  14.4
  243  13 23 50.1  -47 37 15  61006  200.9588  -47.62071    -65.6  4.8  1  15.3
  244  13 26 12.6  -47 36 52  61037  201.5523  -47.61441     14.7  3.9  1  15.5
  245  13 26 15.0  -47 37 00  61040  201.5625  -47.61672     22.2  5.5  1  15.0
  246  13 26 51.1  -47 37 13  61069  201.7129  -47.62028    232.6  5.7  1  14.8
  247  13 25 55.5  -47 37 44  62021  201.4811  -47.62891    212.9  4.6  1  15.2
  248  13 26 58.5  -47 27 38  62053  201.7439  -47.46063     25.0  3.9  1  16.9
  249  13 23 57.4  -47 38 07  63004  200.9890  -47.63531    -24.0  1.7  1  13.9
  250  13 28 15.0  -47 41 04  63079  202.0627  -47.68438    237.0  1.4  1  13.6
  251  13 23 47.9  -47 38 40  64003  200.9496  -47.64447     -9.3  1.0  2  14.5
  252  13 26 26.7  -47 25 55  64031  201.6111  -47.43188     11.9  3.1  1  16.5
  253  13 28 36.3  -47 31 58  64075  202.1514  -47.53265    -34.0  1.1  1  14.0
  254  13 23 12.6  -47 32 32  65001  200.8025  -47.54231    -22.4  2.8  3  14.0
  255  13 24 01.3  -47 38 46  65007  201.0054  -47.64610     -4.8  0.7  2  14.4
  256  13 24 05.4  -47 38 45  65008  201.0223  -47.64595    -31.0  6.9  1  12.6
  257  13 25 48.5  -47 27 20  65023  201.4520  -47.45544    236.9  4.5  1  16.6
  258  13 28 37.2  -47 36 45  65074  202.1549  -47.61239    222.2  1.0  1  14.3
  259  13 28 38.5  -47 11 19  65075  202.1606  -47.18848    242.8  1.3  1  14.1
  260  13 23 12.4  -47 26 34  66001  200.8018  -47.44280     23.8  2.0  1  14.5
  261  13 26 04.2  -47 24 39  66024  201.5177  -47.41079    231.9  4.3  1  16.9
  262  13 27 28.5  -47 24 48  66063  201.8687  -47.41326     20.0  4.7  1  16.8
  263  13 24 44.3  -47 27 00  67009  201.1847  -47.44989    -42.6  4.1  1  17.0
  264  13 26 17.8  -47 29 36  67031  201.5741  -47.49346     20.8  5.6  1  16.7
  265  13 28 18.6  -47 24 55  67073  202.0777  -47.41535     -9.9  1.8  1  14.8
  266  13 27 43.0  -47 29 36  68056  201.9291  -47.49346    244.2  8.6  1  16.9
  267  13 28 39.4  -47 25 41  68065  202.1640  -47.42802    -55.8  1.5  1  15.2
  268  13 26 36.5  -47 32 31  69028  201.6522  -47.54202     19.8  5.9  1  16.9
  269  13 24 03.1  -47 41 08  70003  201.0128  -47.68552    -35.4  1.5  1  15.8
  270  13 24 13.4  -47 41 16  70005  201.0557  -47.68770     50.9  4.1  2  13.8
  271  13 28 31.3  -47 29 08  70054  202.1305  -47.48561    -44.9  2.0  1  14.2
  272  13 24 07.5  -47 42 14  72004  201.0312  -47.70400     -4.0  0.7  3  12.5
  273  13 27 06.9  -47 32 55  72029  201.7788  -47.54849     20.4  6.1  1  16.6
  274  13 24 40.2  -47 22 32  73006  201.1676  -47.37546     23.5  7.0  1  16.5
  275  13 25 45.4  -47 42 19  73013  201.4392  -47.70526    224.5  3.1  1  15.2
  276  13 24 04.9  -47 42 56  74003  201.0204  -47.71567     18.7  0.3  2  13.8
  277  13 27 11.8  -47 51 18  74026  201.7991  -47.85498    125.8  6.4  1  17.0
  278  13 27 17.1  -47 17 20  74028  201.8213  -47.28879    127.9  4.4  1  16.9
  279  13 27 41.0  -47 14 45  74037  201.9208  -47.24580    -43.2  3.9  1  16.8
  280  13 27 56.5  -47 27 22  74040  201.9854  -47.45613    -33.5  8.1  1  17.0
  281  13 28 32.5  -47 27 29  74046  202.1355  -47.45815     13.6  6.9  1  17.0
  282  13 23 25.3  -47 41 28  75002  200.8555  -47.69107     -0.1  6.0  1  12.8
  283  13 27 29.4  -47 43 15  75037  201.8724  -47.72097    245.6  9.3  1  14.9
  284  13 28 38.2  -47 18 28  75055  202.1593  -47.30783    171.4  1.1  1  14.6
  285  13 28 16.8  -47 36 25  76050  202.0702  -47.60693      7.8  1.4  1  13.0
  286  13 28 29.8  -47 18 47  76052  202.1240  -47.31300    -73.0  1.3  1  15.1
  287  13 28 31.5  -47 30 41  76053  202.1314  -47.51129    -22.2  1.0  1  13.6
  288  13 27 14.6  -47 27 15  78030  201.8109  -47.45407     18.3  3.6  1  16.6
  289  13 28 25.2  -47 32 19  78039  202.1049  -47.53858    -42.0  1.3  1  14.7
  290  13 23 31.2  -47 37 10  80001  200.8802  -47.61947     41.6  5.9  2  15.2
  291  13 23 46.3  -47 45 43  80002  200.9429  -47.76201     11.3  1.9  1  13.8
  292  13 25 57.5  -47 36 24  80021  201.4897  -47.60678    -44.3  2.5  1  17.0
  293  13 27 53.1  -47 35 13  80041  201.9711  -47.58688      4.2  1.3  1  16.7
  294  13 24 51.4  -47 45 59  81007  201.2143  -47.76644     75.1  2.4  1  15.2
  295  13 23 24.7  -47 45 39  82002  200.8531  -47.76087    -16.8  0.9  2  15.3
  296  13 24 04.1  -47 47 40  84002  201.0169  -47.79457    -38.4  2.9  1  15.7
  297  13 24 53.7  -47 47 34  84004  201.2237  -47.79289   -813.3  2.9  2  13.3
  298  13 26 06.2  -47 38 12  84012  201.5258  -47.63665      8.6  7.0  1  16.8
  299  13 28 14.9  -47 26 41  84027  202.0620  -47.44474    -42.3  0.9  1  14.0
  300  13 28 23.4  -47 25 31  84028  202.0973  -47.42517     41.5  1.7  1  14.7
  301  13 24 39.0  -47 47 58  85006  201.1623  -47.79956    -10.5  1.5  2  13.6
  302  13 23 17.7  -47 31 26  86001  200.8238  -47.52376    -36.8  3.5  1  15.4
  303  13 28 18.6  -47 25 38  86030  202.0773  -47.42734    -18.2  1.1  1  13.0
  304  13 24 37.7  -47 49 03  87002  201.1569  -47.81753      8.6  4.1  2  13.4
  305  13 24 23.4  -47 49 22  88004  201.0973  -47.82290    -47.1  6.5  1  14.7
  306  13 24 26.7  -47 49 31  88005  201.1114  -47.82516    -29.0  1.8  3  13.8
  307  13 24 44.9  -47 49 24  88008  201.1869  -47.82330     -5.8  0.4  2  14.7
  308  13 27 12.1  -47 49 04  88027  201.8004  -47.81769     57.5  2.6  1  13.1
  309  13 23 34.8  -47 50 15  90002  200.8952  -47.83756    -28.9  3.8  1  13.4
  310  13 23 47.3  -47 50 15  90003  200.9470  -47.83750     -4.4  6.7  1  14.5
  311  13 24 08.5  -47 50 31  90004  201.0354  -47.84186    -10.7  1.4  1  14.6
  312  13 28 15.7  -47 33 02  90031  202.0655  -47.55063    -65.9  1.5  1  15.2
  313  13 23 16.4  -47 31 52  91001  200.8184  -47.53102      1.9  4.2  1  13.7
  314  13 24 41.4  -47 50 41  91004  201.1724  -47.84483     41.7  3.1  1  15.4
  315  13 25 43.3  -47 31 20  91015  201.4304  -47.52210    -65.2  3.3  1  16.6
  316  13 23 19.8  -47 30 31  92002  200.8327  -47.50866    -22.2  2.6  1  16.2
  317  13 24 06.8  -47 51 02  92006  201.0283  -47.85067     20.1  1.3  2  13.1
  318  13 24 29.8  -47 51 46  93005  201.1242  -47.86277     22.9  6.7 38  12.7
  319  13 28 36.2  -47 24 30  93029  202.1510  -47.40841     43.5  1.3  1  13.2
  320  13 23 50.7  -47 52 05  94003  200.9614  -47.86812     20.6  2.0  1  14.3
  321  13 24 36.6  -47 52 00  94009  201.1527  -47.86667     30.4  2.4  2  14.3
  322  13 23 49.1  -47 52 31  95002  200.9545  -47.87538    209.1  0.7  2  14.0
  323  13 24 14.7  -47 52 48  95005  201.0611  -47.87996    -49.0  1.2  1  15.9
  324  13 28 17.2  -47 28 50  95025  202.0716  -47.48066    -31.6  2.0  1  14.0
  325  13 24 31.1  -47 52 58  96003  201.1296  -47.88275    -45.5  1.6  1  15.5
  326  13 23 22.1  -47 26 06  97001  200.8421  -47.43504     32.7  1.3  3  12.9
  327  13 24 13.8  -47 53 25  97006  201.0573  -47.89038    -18.6  3.3  1  16.0
  328  13 27 11.8  -47 25 25  97015  201.7993  -47.42351     20.3  5.1  1  17.0
  329  13 23 22.3  -47 21 23  98001  200.8430  -47.35633    -34.1  5.4  1  16.8
  330  13 24 11.1  -47 53 44  98005  201.0461  -47.89558     25.2  2.2  2  14.5
  331  13 25 16.1  -47 54 01  98010  201.3169  -47.90028     -2.6  5.0  1  16.3
  332  13 25 48.6  -47 54 02  98014  201.4525  -47.90044    -15.5  3.4  1  16.1
  333  13 27 56.9  -47 53 50  98025  201.9870  -47.89709    -91.8  3.9  1  15.6
  334  13 24 02.5  -47 54 40  99004  201.0103  -47.91111    -38.3  0.2  2  15.4
  335  13 25 03.5  -47 54 39  99008  201.2647  -47.91077    -58.6  7.1  1  16.4
  336  13 25 34.3  -47 54 37  99009  201.3930  -47.91022    -66.0  1.3  3  13.9
  337  13 25 48.8  -47 54 25  99011  201.4535  -47.90707     83.3  2.0  1  15.8
  338  13 27 50.3  -47 28 23  99016  201.9597  -47.47316    232.7  1.6  1  12.8
  339  13 28 35.4  -47 27 53  99017  202.1474  -47.46473     66.5  0.0 29  13.0