1125.11 1.5e17			
1481.63 1.5e17
1499.20 1.5e17
805.76  1.5e17
1854.35 1.5e17
1072.34 1.5e17
1161.51 1.5e17
748.73  1.5e17
794.59  1.5e17
985.40  1.5e17
1011.17 1.5e17
909.25  1.5e17
1421.66 1.5e17
1441.04 1.5e17
1212.13 1.5e17
1194.38 1.5e17
1170.74 1.5e17
941.61  1.5e17
1068.25 1.5e17
1085.52 1.5e17
1048.29 1.5e17
947.47  1.5e17
1386.46 1.5e17
1130.27 1.5e17
994.12  1.5e17
1020.83 1.5e17
1079.09 1.5e17
1112.42 1.5e17
1152.92 1.5e17
1298.49 1.5e17
1108.65 1.5e17
1441.56 1.5e17
1093.76 1.5e17
1125.25 1.5e17
1078.53 1.5e17
1225.61 1.5e17
1274.31 1.5e17
1135.24 1.5e17
1146.92 1.5e17
1149.10 1.5e17
1055.79 1.5e17
1175.17 1.5e17
1178.84 1.5e17
1201.99 1.5e17
1207.00 1.5e17
1216.95 1.5e17
1177.43 1.5e17
1000.55 1.5e17
1102.74 1.5e17
1036.20 1.5e17
1177.30 1.5e17
1187.53 1.5e17
1004.24 1.5e17
1193.25 1.5e17
1220.39 1.5e17
3101.09 1.5e17
2720.17 1.5e17
1284.77 1.5e17
1362.10 1.5e17
1576.14 1.5e17
1471.98 1.5e17
1399.18 1.5e17
 1.5e17