3508.97 1.5e17			
1212.41 1.5e17
2647.12 1.5e17
2638.40 1.5e17
699.77  1.5e17
1665.16 1.5e17
1154.47 1.5e17
1238.25 1.5e17
649.80  1.5e17
742.38  1.5e17
1134.49 1.5e17
1172.06 1.5e17
1079.46 1.5e17
1160.87 1.5e17
3544.39 1.5e17
1251.49 1.5e17
1234.55 1.5e17
1210.90 1.5e17
1057.95 1.5e17
1186.53 1.5e17
1192.20 1.5e17
1130.14 1.5e17
1069.92 1.5e17
1101.94 1.5e17
1237.06 1.5e17
1155.28 1.5e17
1089.05 1.5e17
1197.42 1.5e17
1220.00 1.5e17
1220.91 1.5e17
1273.63 1.5e17
1176.49 1.5e17
1597.03 1.5e17
1189.28 1.5e17
1219.00 1.5e17
1192.14 1.5e17
1284.81 1.5e17
1155.42 1.5e17
1196.12 1.5e17
1217.04 1.5e17
1220.85 1.5e17
1140.25 1.5e17
1220.56 1.5e17
1223.90 1.5e17
1248.66 1.5e17
1246.98 1.5e17
1260.85 1.5e17
1214.13 1.5e17
1097.34 1.5e17
1156.45 1.5e17
1092.74 1.5e17
1245.92 1.5e17
1260.78 1.5e17
1073.93 1.5e17
1251.22 1.5e17
1279.72 1.5e17
1180.47 1.5e17
1181.33 1.5e17
1277.42 1.5e17
1545.32 1.5e17
1508.97 1.5e17
1495.31 1.5e17
1561.75 1.5e17