3940.40 1.5e17			
1166.05 1.5e17
1554.14 1.5e17
1592.90 1.5e17
690.82  1.5e17
1507.95 1.5e17
1099.51 1.5e17
1190.51 1.5e17
672.58  1.5e17
740.68  1.5e17
1041.13 1.5e17
1089.34 1.5e17
1028.82 1.5e17
1510.42 1.5e17
1531.53 1.5e17
1204.32 1.5e17
1188.90 1.5e17
1164.08 1.5e17
976.92  1.5e17
1094.88 1.5e17
1119.47 1.5e17
1069.67 1.5e17
1001.11 1.5e17
1488.77 1.5e17
1157.34 1.5e17
1074.05 1.5e17
1024.13 1.5e17
1120.80 1.5e17
1146.75 1.5e17
1163.56 1.5e17
1242.06 1.5e17
1118.63 1.5e17
1539.14 1.5e17
1112.97 1.5e17
1138.66 1.5e17
1110.39 1.5e17
1227.30 1.5e17
1150.71 1.5e17
1136.11 1.5e17
1148.49 1.5e17
1153.41 1.5e17
1065.87 1.5e17
1170.99 1.5e17
1173.67 1.5e17
1193.56 1.5e17
1196.33 1.5e17
1210.73 1.5e17
1173.55 1.5e17
1022.91 1.5e17
1110.26 1.5e17
1033.95 1.5e17
1190.07 1.5e17
1193.99 1.5e17
1008.74 1.5e17
1200.64 1.5e17
1219.64 1.5e17
1127.68 1.5e17
1115.81 1.5e17
1242.89 1.5e17
1483.13 1.5e17
1454.09 1.5e17
1444.29 1.5e17
1498.58 1.5e17