NOAO/IRAF V2.16.1 juan@juan-UX303LA Fri 11:32:45 29-Jan-2016
Sensitivity function for aperture 1:
Fitting function is spline3 of order 20 with 24 points and RMS of 0.0110.
       Image Airmass  Points   Shift RMS Fit   Dev 1   Dev 2   Dev 3
int_spectrum.fits   1.104      24  0.0000  0.0108 -0.0006 -0.0009  0.0016

  Lambda     Fit     Avg   Resid  SD Avg     N     Ext    Dext
 4900.00  32.209  32.208 -0.0005  0.0000     1  0.2039  0.0000
 4950.00  32.369  32.371  0.0021  0.0000     1  0.1969  0.0000
 5000.00  32.492  32.491 -0.0012  0.0000     1  0.1900  0.0000
 5050.00  32.588  32.587 -0.0011  0.0000     1  0.1855  0.0000
 5100.00  32.666  32.662 -0.0036  0.0000     1  0.1821  0.0000
 5150.00  32.727  32.731  0.0034  0.0000     1  0.1787  0.0000
 5200.00  32.776  32.788  0.0117  0.0000     1  0.1752  0.0000
 5250.00  32.815  32.799 -0.0158  0.0000     1  0.1711  0.0000
 5300.00  32.846  32.848  0.0024  0.0000     1  0.1666  0.0000
 5350.00  32.872  32.872  0.0001  0.0000     1  0.1616  0.0000
 5400.00  32.895  32.897  0.0020  0.0000     1  0.1561  0.0000
 5450.00  32.917  32.921  0.0035  0.0000     1  0.1503  0.0000
 5500.00  32.940  32.942  0.0017  0.0000     1  0.1445  0.0000
 5550.00  32.964  32.967  0.0028  0.0000     1  0.1402  0.0000
 5600.00  32.985  32.978 -0.0067  0.0000     1  0.1410  0.0000
 5650.00  33.002  32.989 -0.0133  0.0000     1  0.1450  0.0000
 5700.00  33.012  33.009 -0.0035  0.0000     1  0.1502  0.0000
 5750.00  33.016  33.032  0.0156  0.0000     1  0.1553  0.0000
 5800.00  33.016  33.031  0.0150  0.0000     1  0.1589  0.0000
 5850.00  33.016  33.023  0.0069  0.0000     1  0.1600  0.0000
 5900.00  33.019  32.983 -0.0366  0.0000     1  0.1588  0.0000
 5950.00  33.026  33.032  0.0063  0.0000     1  0.1565  0.0000
 6000.00  33.031  33.045  0.0137  0.0000     1  0.1536  0.0000
 6050.00  33.032  33.027 -0.0049  0.0000     1  0.1504  0.0000

