4826.  6.507837E-14	6.507837E-15	0
4827.  6.377266E-14     6.377266E-15    0
4828.  5.900211E-14     5.900211E-15    0
4829.  6.169291E-14     6.169291E-15    0
4830.  6.246938E-14     6.246938E-15    0
4831.  6.709040E-14     6.709040E-15    0
4832.  6.509230E-14     6.509230E-15    0
4833.  6.256705E-14     6.256705E-15    0
4834.  6.576028E-14     6.576028E-15    0
4835.  6.167485E-14     6.167485E-15    0
4836.  6.388087E-14     6.388087E-15    0
4837.  6.713218E-14     6.713218E-15    0
4838.  6.507727E-14     6.507727E-15    0
4839.  6.180913E-14     6.180913E-15    0
4840.  5.623982E-14     5.623982E-15    0
4841.  5.875408E-14     5.875408E-15    0
4842.  6.118016E-14     6.118016E-15    0
4843.  6.593285E-14     6.593285E-15    0
4844.  6.136611E-14     6.136611E-15    0
4845.  5.895559E-14     5.895559E-15    0
4846.  6.043573E-14     6.043573E-15    0
4847.  6.479626E-14     6.479626E-15    0
4848.  6.587286E-14     6.587286E-15    0
4849.  5.929448E-14     5.929448E-15    0
4850.  6.243458E-14     6.243458E-15    0
4851.  5.968736E-14     5.968736E-15    0
4852.  5.850823E-14     5.850823E-15    0
4853.  6.074169E-14     6.074169E-15    0
4854.  5.817282E-14     5.817282E-15    0
4855.  6.029944E-14     6.029944E-15    0
4856.  5.940376E-14     5.940376E-15    0
4857.  5.859999E-14     5.859999E-15    0
4858.  5.633841E-14     5.633841E-15    0
4859.  5.636195E-14     5.636195E-15    0
4860.  5.432512E-14     5.432512E-15    0
4861.  5.699021E-14     5.699021E-15    0
4862.  5.208701E-14     5.208701E-15    0
4863.  5.071445E-14     5.071445E-15    0
4864.  4.405442E-14     4.405442E-15    0
4865.  4.607157E-14     4.607157E-15    0
4866.  4.928673E-14     4.928673E-15    0
4867.  5.715640E-14     5.715640E-15    0
4868.  5.908160E-14     5.908160E-15    0
4869.  6.002179E-14     6.002179E-15    0
4870.  5.761488E-14     5.761488E-15    0
4871.  6.033351E-14     6.033351E-15    0
4872.  5.555042E-14     5.555042E-15    0
4873.  6.036580E-14     6.036580E-15    0
4874.  5.858937E-14     5.858937E-15    0
4875.  5.917144E-14     5.917144E-15    0
4876.  5.306318E-14     5.306318E-15    0
4877.  5.742547E-14     5.742547E-15    0
4878.  5.833071E-14     5.833071E-15    0
4879.  5.826516E-14     5.826516E-15    0
4880.  5.688350E-14     5.688350E-15    0
4881.  5.906424E-14     5.906424E-15    0
4882.  6.198048E-14     6.198048E-15    0
4883.  6.014916E-14     6.014916E-15    0
4884.  5.908260E-14     5.908260E-15    0
4885.  5.863523E-14     5.863523E-15    0
4886.  5.544110E-14     5.544110E-15    0
4887.  6.041532E-14     6.041532E-15    0
4888.  5.512132E-14     5.512132E-15    0
4889.  5.518617E-14     5.518617E-15    0
4890.  5.557275E-14     5.557275E-15    0
4891.  5.712179E-14     5.712179E-15    0
4892.  5.776646E-14     5.776646E-15    0
4893.  5.845840E-14     5.845840E-15    0
4894.  5.646610E-14     5.646610E-15    0
4895.  5.423212E-14     5.423212E-15    0
4896.  5.828712E-14     5.828712E-15    0
4897.  6.161195E-14     6.161195E-15    0
4898.  5.927274E-14     5.927274E-15    0
4899.  5.936446E-14     5.936446E-15    0
4900.  5.832001E-14     5.832001E-15    0
4901.  5.997973E-14     5.997973E-15    0
4902.  6.018966E-14     6.018966E-15    0
4903.  5.964176E-14     5.964176E-15    0
4904.  5.902731E-14     5.902731E-15    0
4905.  5.702183E-14     5.702183E-15    0
4906.  5.457599E-14     5.457599E-15    0
4907.  5.923673E-14     5.923673E-15    0
4908.  6.165572E-14     6.165572E-15    0
4909.  6.030860E-14     6.030860E-15    0
4910.  5.746185E-14     5.746185E-15    0
4911.  5.580924E-14     5.580924E-15    0
4912.  5.596387E-14     5.596387E-15    0
4913.  6.001993E-14     6.001993E-15    0
4914.  5.897886E-14     5.897886E-15    0
4915.  5.895743E-14     5.895743E-15    0
4916.  5.812719E-14     5.812719E-15    0
4917.  5.760603E-14     5.760603E-15    0
4918.  6.056464E-14     6.056464E-15    0
4919.  6.114286E-14     6.114286E-15    0
4920.  5.713083E-14     5.713083E-15    0
4921.  5.389766E-14     5.389766E-15    0
4922.  5.229472E-14     5.229472E-15    0
4923.  5.457013E-14     5.457013E-15    0
4924.  5.479299E-14     5.479299E-15    0
4925.  5.330908E-14     5.330908E-15    0
4926.  5.475936E-14     5.475936E-15    0
4927.  5.615853E-14     5.615853E-15    0
4928.  5.965382E-14     5.965382E-15    0
4929.  5.898569E-14     5.898569E-15    0
4930.  5.691838E-14     5.691838E-15    0
4931.  5.812060E-14     5.812060E-15    0
4932.  5.900606E-14     5.900606E-15    0
4933.  5.995695E-14     5.995695E-15    0
4934.  5.818788E-14     5.818788E-15    0
4935.  5.840521E-14     5.840521E-15    0
4936.  5.652659E-14     5.652659E-15    0
4937.  5.714906E-14     5.714906E-15    0
4938.  5.755807E-14     5.755807E-15    0
4939.  5.457586E-14     5.457586E-15    0
4940.  5.331121E-14     5.331121E-15    0
4941.  5.631932E-14     5.631932E-15    0
4942.  5.666367E-14     5.666367E-15    0
4943.  5.496834E-14     5.496834E-15    0
4944.  5.453852E-14     5.453852E-15    0
4945.  5.910742E-14     5.910742E-15    0
4946.  5.871610E-14     5.871610E-15    0
4947.  6.065897E-14     6.065897E-15    0
4948.  5.841110E-14     5.841110E-15    0
4949.  5.888897E-14     5.888897E-15    0
4950.  5.926601E-14     5.926601E-15    0
4951.  6.177821E-14     6.177821E-15    0
4952.  6.033747E-14     6.033747E-15    0
4953.  6.356985E-14     6.356985E-15    0
4954.  5.924560E-14     5.924560E-15    0
4955.  5.908880E-14     5.908880E-15    0
4956.  6.066176E-14     6.066176E-15    0
4957.  5.860986E-14     5.860986E-15    0
4958.  5.845174E-14     5.845174E-15    0
4959.  5.742386E-14     5.742386E-15    0
4960.  5.542267E-14     5.542267E-15    0
4961.  5.655210E-14     5.655210E-15    0
4962.  5.695906E-14     5.695906E-15    0
4963.  5.776734E-14     5.776734E-15    0
4964.  6.054146E-14     6.054146E-15    0
4965.  6.241942E-14     6.241942E-15    0
4966.  5.954796E-14     5.954796E-15    0
4967.  5.758652E-14     5.758652E-15    0
4968.  5.668233E-14     5.668233E-15    0
4969.  5.746547E-14     5.746547E-15    0
4970.  5.753275E-14     5.753275E-15    0
4971.  5.704846E-14     5.704846E-15    0
4972.  6.097713E-14     6.097713E-15    0
4973.  6.206305E-14     6.206305E-15    0
4974.  5.719353E-14     5.719353E-15    0
4975.  5.688088E-14     5.688088E-15    0
4976.  5.961555E-14     5.961555E-15    0
4977.  6.005489E-14     6.005489E-15    0
4978.  5.935871E-14     5.935871E-15    0
4979.  5.747434E-14     5.747434E-15    0
4980.  5.968972E-14     5.968972E-15    0
4981.  5.785770E-14     5.785770E-15    0
4982.  5.946845E-14     5.946845E-15    0
4983.  6.063610E-14     6.063610E-15    0
4984.  5.729150E-14     5.729150E-15    0
4985.  5.515970E-14     5.515970E-15    0
4986.  5.305097E-14     5.305097E-15    0
4987.  5.413667E-14     5.413667E-15    0
4988.  5.476894E-14     5.476894E-15    0
4989.  5.631203E-14     5.631203E-15    0
4990.  5.712377E-14     5.712377E-15    0
4991.  5.666104E-14     5.666104E-15    0
4992.  5.491129E-14     5.491129E-15    0
4993.  5.687607E-14     5.687607E-15    0
4994.  5.907246E-14     5.907246E-15    0
4995.  5.659531E-14     5.659531E-15    0
4996.  5.805651E-14     5.805651E-15    0
4997.  5.723781E-14     5.723781E-15    0
4998.  6.013097E-14     6.013097E-15    0
4999.  6.061780E-14     6.061780E-15    0
5000.  5.963729E-14     5.963729E-15    0
5001.  5.955378E-14     5.955378E-15    0
5002.  5.931166E-14     5.931166E-15    0
5003.  5.758941E-14     5.758941E-15    0
5004.  5.551685E-14     5.551685E-15    0
5005.  5.341281E-14     5.341281E-15    0
5006.  5.651039E-14     5.651039E-15    0
5007.  5.822425E-14     5.822425E-15    0
5008.  5.913045E-14     5.913045E-15    0
5009.  5.940853E-14     5.940853E-15    0
5010.  5.528502E-14     5.528502E-15    0
5011.  5.569850E-14     5.569850E-15    0
5012.  5.723084E-14     5.723084E-15    0
5013.  5.736195E-14     5.736195E-15    0
5014.  5.791889E-14     5.791889E-15    0
5015.  5.593704E-14     5.593704E-15    0
5016.  5.531238E-14     5.531238E-15    0
5017.  5.594371E-14     5.594371E-15    0
5018.  5.311491E-14     5.311491E-15    0
5019.  5.403555E-14     5.403555E-15    0
5020.  5.612149E-14     5.612149E-15    0
5021.  5.615408E-14     5.615408E-15    0
5022.  5.427633E-14     5.427633E-15    0
5023.  5.684337E-14     5.684337E-15    0
5024.  5.857956E-14     5.857956E-15    0
5025.  5.813561E-14     5.813561E-15    0
5026.  5.749540E-14     5.749540E-15    0
5027.  5.801183E-14     5.801183E-15    0
5028.  5.661128E-14     5.661128E-15    0
5029.  5.581128E-14     5.581128E-15    0
5030.  5.556200E-14     5.556200E-15    0
5031.  5.525529E-14     5.525529E-15    0
5032.  5.824357E-14     5.824357E-15    0
5033.  5.893551E-14     5.893551E-15    0
5034.  6.147044E-14     6.147044E-15    0
5035.  5.984745E-14     5.984745E-15    0
5036.  6.050359E-14     6.050359E-15    0
5037.  5.652424E-14     5.652424E-15    0
5038.  5.765591E-14     5.765591E-15    0
5039.  5.688969E-14     5.688969E-15    0
5040.  5.561821E-14     5.561821E-15    0
5041.  5.443393E-14     5.443393E-15    0
5042.  5.475975E-14     5.475975E-15    0
5043.  5.444534E-14     5.444534E-15    0
5044.  5.414988E-14     5.414988E-15    0
5045.  5.489012E-14     5.489012E-15    0
5046.  5.685660E-14     5.685660E-15    0
5047.  5.561702E-14     5.561702E-15    0
5048.  5.897327E-14     5.897327E-15    0
5049.  5.901511E-14     5.901511E-15    0
5050.  5.719512E-14     5.719512E-15    0
5051.  5.791637E-14     5.791637E-15    0
5052.  5.714199E-14     5.714199E-15    0
5053.  5.706983E-14     5.706983E-15    0
5054.  5.597537E-14     5.597537E-15    0
5055.  5.921839E-14     5.921839E-15    0
5056.  5.880689E-14     5.880689E-15    0
5057.  5.831886E-14     5.831886E-15    0
5058.  5.623133E-14     5.623133E-15    0
5059.  5.592759E-14     5.592759E-15    0
5060.  5.810174E-14     5.810174E-15    0
5061.  5.742140E-14     5.742140E-15    0
5062.  5.962778E-14     5.962778E-15    0
5063.  5.848409E-14     5.848409E-15    0
5064.  5.826623E-14     5.826623E-15    0
5065.  5.883327E-14     5.883327E-15    0
5066.  5.752864E-14     5.752864E-15    0
5067.  5.705749E-14     5.705749E-15    0
5068.  5.425070E-14     5.425070E-15    0
5069.  5.419813E-14     5.419813E-15    0
5070.  5.634022E-14     5.634022E-15    0
5071.  5.624904E-14     5.624904E-15    0
5072.  6.002620E-14     6.002620E-15    0
5073.  5.886116E-14     5.886116E-15    0
5074.  5.823069E-14     5.823069E-15    0
5075.  5.756067E-14     5.756067E-15    0
5076.  5.878541E-14     5.878541E-15    0
5077.  5.500554E-14     5.500554E-15    0
5078.  5.722751E-14     5.722751E-15    0
5079.  5.634721E-14     5.634721E-15    0
5080.  5.712571E-14     5.712571E-15    0
5081.  5.561469E-14     5.561469E-15    0
5082.  5.426160E-14     5.426160E-15    0
5083.  5.625020E-14     5.625020E-15    0
5084.  5.453650E-14     5.453650E-15    0
5085.  5.323824E-14     5.323824E-15    0
5086.  5.772418E-14     5.772418E-15    0
5087.  5.819270E-14     5.819270E-15    0
5088.  5.635600E-14     5.635600E-15    0
5089.  5.807149E-14     5.807149E-15    0
5090.  5.776868E-14     5.776868E-15    0
5091.  5.757552E-14     5.757552E-15    0
5092.  5.877997E-14     5.877997E-15    0
5093.  5.900875E-14     5.900875E-15    0
5094.  5.902472E-14     5.902472E-15    0
5095.  5.869324E-14     5.869324E-15    0
5096.  5.940086E-14     5.940086E-15    0
5097.  5.703492E-14     5.703492E-15    0
5098.  5.833707E-14     5.833707E-15    0
5099.  5.884178E-14     5.884178E-15    0
5100.  5.855449E-14     5.855449E-15    0
5101.  5.740035E-14     5.740035E-15    0
5102.  5.433718E-14     5.433718E-15    0
5103.  5.427698E-14     5.427698E-15    0
5104.  5.493236E-14     5.493236E-15    0
5105.  5.526754E-14     5.526754E-15    0
5106.  5.541987E-14     5.541987E-15    0
5107.  5.903347E-14     5.903347E-15    0
5108.  5.940993E-14     5.940993E-15    0
5109.  5.658940E-14     5.658940E-15    0
5110.  5.711618E-14     5.711618E-15    0
5111.  5.503814E-14     5.503814E-15    0
5112.  5.224099E-14     5.224099E-15    0
5113.  5.508175E-14     5.508175E-15    0
5114.  5.555241E-14     5.555241E-15    0
5115.  5.781935E-14     5.781935E-15    0
5116.  5.880317E-14     5.880317E-15    0
5117.  5.997890E-14     5.997890E-15    0
5118.  5.815538E-14     5.815538E-15    0
5119.  5.791482E-14     5.791482E-15    0
5120.  5.916093E-14     5.916093E-15    0
5121.  5.820741E-14     5.820741E-15    0
5122.  5.648940E-14     5.648940E-15    0
5123.  5.588902E-14     5.588902E-15    0
5124.  5.703189E-14     5.703189E-15    0
5125.  5.646057E-14     5.646057E-15    0
5126.  5.591127E-14     5.591127E-15    0
5127.  5.475428E-14     5.475428E-15    0
5128.  5.636503E-14     5.636503E-15    0
5129.  5.464561E-14     5.464561E-15    0
5130.  5.202063E-14     5.202063E-15    0
5131.  5.447088E-14     5.447088E-15    0
5132.  5.502520E-14     5.502520E-15    0
5133.  5.593331E-14     5.593331E-15    0
5134.  5.689266E-14     5.689266E-15    0
5135.  5.721352E-14     5.721352E-15    0
5136.  5.632120E-14     5.632120E-15    0
5137.  5.865906E-14     5.865906E-15    0
5138.  5.525733E-14     5.525733E-15    0
5139.  5.712963E-14     5.712963E-15    0
5140.  5.583725E-14     5.583725E-15    0
5141.  5.618669E-14     5.618669E-15    0
5142.  5.547813E-14     5.547813E-15    0
5143.  5.396877E-14     5.396877E-15    0
5144.  5.496758E-14     5.496758E-15    0
5145.  5.564069E-14     5.564069E-15    0
5146.  5.622594E-14     5.622594E-15    0
5147.  5.699260E-14     5.699260E-15    0
5148.  5.683320E-14     5.683320E-15    0
5149.  5.731220E-14     5.731220E-15    0
5150.  5.582234E-14     5.582234E-15    0
5151.  5.630426E-14     5.630426E-15    0
5152.  5.611944E-14     5.611944E-15    0
5153.  5.464449E-14     5.464449E-15    0
5154.  5.416176E-14     5.416176E-15    0
5155.  5.504155E-14     5.504155E-15    0
5156.  5.417553E-14     5.417553E-15    0
5157.  5.463653E-14     5.463653E-15    0
5158.  5.639581E-14     5.639581E-15    0
5159.  5.694714E-14     5.694714E-15    0
5160.  5.826160E-14     5.826160E-15    0
5161.  5.654399E-14     5.654399E-15    0
5162.  5.909538E-14     5.909538E-15    0
5163.  6.019209E-14     6.019209E-15    0
5164.  5.796072E-14     5.796072E-15    0
5165.  5.888697E-14     5.888697E-15    0
5166.  5.764552E-14     5.764552E-15    0
5167.  5.727639E-14     5.727639E-15    0
5168.  5.418674E-14     5.418674E-15    0
5169.  5.363031E-14     5.363031E-15    0
5170.  5.044418E-14     5.044418E-15    0
5171.  4.987622E-14     4.987622E-15    0
5172.  4.728609E-14     4.728609E-15    0
5173.  5.043843E-14     5.043843E-15    0
5174.  5.194674E-14     5.194674E-15    0
5175.  5.197337E-14     5.197337E-15    0
5176.  4.939416E-14     4.939416E-15    0
5177.  4.973651E-14     4.973651E-15    0
5178.  5.438313E-14     5.438313E-15    0
5179.  5.600546E-14     5.600546E-15    0
5180.  5.911912E-14     5.911912E-15    0
5181.  5.901128E-14     5.901128E-15    0
5182.  5.851970E-14     5.851970E-15    0
5183.  5.920229E-14     5.920229E-15    0
5184.  5.690615E-14     5.690615E-15    0
5185.  5.584111E-14     5.584111E-15    0
5186.  5.176715E-14     5.176715E-15    0
5187.  5.218648E-14     5.218648E-15    0
5188.  5.034363E-14     5.034363E-15    0
5189.  5.235641E-14     5.235641E-15    0
5190.  5.339761E-14     5.339761E-15    0
5191.  5.645405E-14     5.645405E-15    0
5192.  5.680328E-14     5.680328E-15    0
5193.  5.602932E-14     5.602932E-15    0
5194.  5.797852E-14     5.797852E-15    0
5195.  5.709051E-14     5.709051E-15    0
5196.  5.658063E-14     5.658063E-15    0
5197.  5.602073E-14     5.602073E-15    0
5198.  5.579928E-14     5.579928E-15    0
5199.  5.552123E-14     5.552123E-15    0
5200.  5.579537E-14     5.579537E-15    0
5201.  5.744135E-14     5.744135E-15    0
5202.  5.759689E-14     5.759689E-15    0
5203.  5.551551E-14     5.551551E-15    0
5204.  5.571743E-14     5.571743E-15    0
5205.  5.647434E-14     5.647434E-15    0
5206.  5.501123E-14     5.501123E-15    0
5207.  5.555118E-14     5.555118E-15    0
5208.  5.675250E-14     5.675250E-15    0
5209.  5.361859E-14     5.361859E-15    0
5210.  5.538736E-14     5.538736E-15    0
5211.  5.496684E-14     5.496684E-15    0
5212.  5.440587E-14     5.440587E-15    0
5213.  5.321653E-14     5.321653E-15    0
5214.  5.618312E-14     5.618312E-15    0
5215.  5.528388E-14     5.528388E-15    0
5216.  5.897934E-14     5.897934E-15    0
5217.  5.724353E-14     5.724353E-15    0
5218.  5.763712E-14     5.763712E-15    0
5219.  5.762296E-14     5.762296E-15    0
5220.  5.781255E-14     5.781255E-15    0
5221.  5.780536E-14     5.780536E-15    0
5222.  5.779966E-14     5.779966E-15    0
5223.  5.778248E-14     5.778248E-15    0
5224.  5.864177E-14     5.864177E-15    0
5225.  5.921903E-14     5.921903E-15    0
5226.  5.924436E-14     5.924436E-15    0
5227.  5.585623E-14     5.585623E-15    0
5228.  5.286337E-14     5.286337E-15    0
5229.  5.270934E-14     5.270934E-15    0
5230.  5.255109E-14     5.255109E-15    0
5231.  5.254778E-14     5.254778E-15    0
5232.  5.286574E-14     5.286574E-15    0
5233.  5.388618E-14     5.388618E-15    0
5234.  5.550691E-14     5.550691E-15    0
5235.  5.728908E-14     5.728908E-15    0
5236.  5.685892E-14     5.685892E-15    0
5237.  5.655796E-14     5.655796E-15    0
5238.  5.577047E-14     5.577047E-15    0
5239.  5.486769E-14     5.486769E-15    0
5240.  5.467782E-14     5.467782E-15    0
5241.  5.796972E-14     5.796972E-15    0
5242.  5.889975E-14     5.889975E-15    0
5243.  6.061850E-14     6.061850E-15    0
5244.  5.819851E-14     5.819851E-15    0
5245.  5.820918E-14     5.820918E-15    0
5246.  5.987485E-14     5.987485E-15    0
5247.  5.630670E-14     5.630670E-15    0
5248.  5.761144E-14     5.761144E-15    0
5249.  5.987766E-14     5.987766E-15    0
5250.  5.824562E-14     5.824562E-15    0
5251.  5.553922E-14     5.553922E-15    0
5252.  5.569578E-14     5.569578E-15    0
5253.  5.580168E-14     5.580168E-15    0
5254.  5.529171E-14     5.529171E-15    0
5255.  5.641196E-14     5.641196E-15    0
5256.  5.388197E-14     5.388197E-15    0
5257.  5.382025E-14     5.382025E-15    0
5258.  5.736533E-14     5.736533E-15    0
5259.  5.843558E-14     5.843558E-15    0
5260.  5.666816E-14     5.666816E-15    0
5261.  5.597886E-14     5.597886E-15    0
5262.  5.831685E-14     5.831685E-15    0
5263.  5.724785E-14     5.724785E-15    0
5264.  5.490233E-14     5.490233E-15    0
5265.  5.441973E-14     5.441973E-15    0
5266.  5.357847E-14     5.357847E-15    0
5267.  5.297423E-14     5.297423E-15    0
5268.  5.393921E-14     5.393921E-15    0
5269.  5.128524E-14     5.128524E-15    0
5270.  5.140064E-14     5.140064E-15    0
5271.  5.265971E-14     5.265971E-15    0
5272.  5.297613E-14     5.297613E-15    0
5273.  5.275180E-14     5.275180E-15    0
5274.  5.218319E-14     5.218319E-15    0
5275.  5.258901E-14     5.258901E-15    0
5276.  5.548156E-14     5.548156E-15    0
5277.  5.383820E-14     5.383820E-15    0
5278.  5.533157E-14     5.533157E-15    0
5279.  5.495648E-14     5.495648E-15    0
5280.  5.624269E-14     5.624269E-15    0
5281.  5.721901E-14     5.721901E-15    0
5282.  5.804701E-14     5.804701E-15    0
5283.  5.798170E-14     5.798170E-15    0
5284.  5.511828E-14     5.511828E-15    0
5285.  5.627251E-14     5.627251E-15    0
5286.  5.630622E-14     5.630622E-15    0
5287.  5.700721E-14     5.700721E-15    0
5288.  5.437217E-14     5.437217E-15    0
5289.  5.513893E-14     5.513893E-15    0
5290.  5.610493E-14     5.610493E-15    0
5291.  5.599822E-14     5.599822E-15    0
5292.  5.823872E-14     5.823872E-15    0
5293.  5.786960E-14     5.786960E-15    0
5294.  5.819145E-14     5.819145E-15    0
5295.  5.890683E-14     5.890683E-15    0
5296.  5.834313E-14     5.834313E-15    0
5297.  5.634492E-14     5.634492E-15    0
5298.  5.720713E-14     5.720713E-15    0
5299.  5.592216E-14     5.592216E-15    0
5300.  5.501038E-14     5.501038E-15    0
5301.  5.601114E-14     5.601114E-15    0
5302.  5.653566E-14     5.653566E-15    0
5303.  5.695580E-14     5.695580E-15    0
5304.  5.546041E-14     5.546041E-15    0
5305.  5.691372E-14     5.691372E-15    0
5306.  5.683642E-14     5.683642E-15    0
5307.  5.584760E-14     5.584760E-15    0
5308.  5.707771E-14     5.707771E-15    0
5309.  5.616193E-14     5.616193E-15    0
5310.  5.531568E-14     5.531568E-15    0
5311.  5.845613E-14     5.845613E-15    0
5312.  5.836907E-14     5.836907E-15    0
5313.  5.596736E-14     5.596736E-15    0
5314.  5.627767E-14     5.627767E-15    0
5315.  5.698156E-14     5.698156E-15    0
5316.  5.706693E-14     5.706693E-15    0
5317.  5.857383E-14     5.857383E-15    0
5318.  5.944994E-14     5.944994E-15    0
5319.  5.826911E-14     5.826911E-15    0
5320.  5.728696E-14     5.728696E-15    0
5321.  5.760937E-14     5.760937E-15    0
5322.  5.860303E-14     5.860303E-15    0
5323.  5.590572E-14     5.590572E-15    0
5324.  5.894279E-14     5.894279E-15    0
5325.  5.733130E-14     5.733130E-15    0
5326.  5.510802E-14     5.510802E-15    0
5327.  5.598312E-14     5.598312E-15    0
5328.  5.674262E-14     5.674262E-15    0
5329.  5.503789E-14     5.503789E-15    0
5330.  5.349266E-14     5.349266E-15    0
5331.  5.135026E-14     5.135026E-15    0
5332.  5.196960E-14     5.196960E-15    0
5333.  5.402128E-14     5.402128E-15    0
5334.  5.453780E-14     5.453780E-15    0
5335.  5.606116E-14     5.606116E-15    0
5336.  5.884688E-14     5.884688E-15    0
5337.  5.802050E-14     5.802050E-15    0
5338.  5.604991E-14     5.604991E-15    0
5339.  5.692477E-14     5.692477E-15    0
5340.  5.617457E-14     5.617457E-15    0
5341.  5.528018E-14     5.528018E-15    0
5342.  5.656210E-14     5.656210E-15    0
5343.  5.765356E-14     5.765356E-15    0
5344.  5.580275E-14     5.580275E-15    0
5345.  5.511357E-14     5.511357E-15    0
5346.  5.554889E-14     5.554889E-15    0
5347.  5.699060E-14     5.699060E-15    0
5348.  5.802790E-14     5.802790E-15    0
5349.  5.667899E-14     5.667899E-15    0
5350.  5.524126E-14     5.524126E-15    0
5351.  5.599381E-14     5.599381E-15    0
5352.  5.700620E-14     5.700620E-15    0
5353.  5.595009E-14     5.595009E-15    0
5354.  5.640827E-14     5.640827E-15    0
5355.  5.645237E-14     5.645237E-15    0
5356.  5.663502E-14     5.663502E-15    0
5357.  5.657519E-14     5.657519E-15    0
5358.  5.614194E-14     5.614194E-15    0
5359.  5.773730E-14     5.773730E-15    0
5360.  5.828342E-14     5.828342E-15    0
5361.  5.922927E-14     5.922927E-15    0
5362.  5.960487E-14     5.960487E-15    0
5363.  5.847515E-14     5.847515E-15    0
5364.  5.863195E-14     5.863195E-15    0
5365.  5.725176E-14     5.725176E-15    0
5366.  5.605094E-14     5.605094E-15    0
5367.  5.685221E-14     5.685221E-15    0
5368.  5.639691E-14     5.639691E-15    0
5369.  5.525308E-14     5.525308E-15    0
5370.  5.582716E-14     5.582716E-15    0
5371.  5.566214E-14     5.566214E-15    0
5372.  5.378693E-14     5.378693E-15    0
5373.  5.425156E-14     5.425156E-15    0
5374.  5.605046E-14     5.605046E-15    0
5375.  5.393150E-14     5.393150E-15    0
5376.  5.635690E-14     5.635690E-15    0
5377.  5.764598E-14     5.764598E-15    0
5378.  5.859134E-14     5.859134E-15    0
5379.  5.859736E-14     5.859736E-15    0
5380.  5.720470E-14     5.720470E-15    0
5381.  5.627899E-14     5.627899E-15    0
5382.  5.553645E-14     5.553645E-15    0
5383.  5.667122E-14     5.667122E-15    0
5384.  5.762507E-14     5.762507E-15    0
5385.  5.649220E-14     5.649220E-15    0
5386.  5.452271E-14     5.452271E-15    0
5387.  5.705736E-14     5.705736E-15    0
5388.  5.730681E-14     5.730681E-15    0
5389.  5.678424E-14     5.678424E-15    0
5390.  5.785210E-14     5.785210E-15    0
5391.  5.663910E-14     5.663910E-15    0
5392.  5.627246E-14     5.627246E-15    0
5393.  5.579972E-14     5.579972E-15    0
5394.  5.635482E-14     5.635482E-15    0
5395.  5.502780E-14     5.502780E-15    0
5396.  5.585114E-14     5.585114E-15    0
5397.  5.628171E-14     5.628171E-15    0
5398.  5.701051E-14     5.701051E-15    0
5399.  5.595508E-14     5.595508E-15    0
5400.  5.600351E-14     5.600351E-15    0
5401.  5.434281E-14     5.434281E-15    0
5402.  5.294890E-14     5.294890E-15    0
5403.  5.546234E-14     5.546234E-15    0
5404.  5.468215E-14     5.468215E-15    0
5405.  5.479867E-14     5.479867E-15    0
5406.  5.477272E-14     5.477272E-15    0
5407.  5.335896E-14     5.335896E-15    0
5408.  5.369054E-14     5.369054E-15    0
5409.  5.431578E-14     5.431578E-15    0
5410.  5.452992E-14     5.452992E-15    0
5411.  5.470815E-14     5.470815E-15    0
5412.  5.558210E-14     5.558210E-15    0
5413.  5.529828E-14     5.529828E-15    0
5414.  5.572658E-14     5.572658E-15    0
5415.  5.614938E-14     5.614938E-15    0
5416.  5.837950E-14     5.837950E-15    0
5417.  5.824735E-14     5.824735E-15    0
5418.  5.797068E-14     5.797068E-15    0
5419.  5.725544E-14     5.725544E-15    0
5420.  5.632126E-14     5.632126E-15    0
5421.  5.580121E-14     5.580121E-15    0
5422.  5.442202E-14     5.442202E-15    0
5423.  5.457299E-14     5.457299E-15    0
5424.  5.612418E-14     5.612418E-15    0
5425.  5.704516E-14     5.704516E-15    0
5426.  5.571539E-14     5.571539E-15    0
5427.  5.560703E-14     5.560703E-15    0
5428.  5.477445E-14     5.477445E-15    0
5429.  5.387651E-14     5.387651E-15    0
5430.  5.576766E-14     5.576766E-15    0
5431.  5.615097E-14     5.615097E-15    0
5432.  5.727875E-14     5.727875E-15    0
5433.  5.492892E-14     5.492892E-15    0
5434.  5.509332E-14     5.509332E-15    0
5435.  5.567569E-14     5.567569E-15    0
5436.  5.421993E-14     5.421993E-15    0
5437.  5.384703E-14     5.384703E-15    0
5438.  5.657108E-14     5.657108E-15    0
5439.  5.706941E-14     5.706941E-15    0
5440.  5.631355E-14     5.631355E-15    0
5441.  5.545764E-14     5.545764E-15    0
5442.  5.711322E-14     5.711322E-15    0
5443.  5.652423E-14     5.652423E-15    0
5444.  5.663850E-14     5.663850E-15    0
5445.  5.786971E-14     5.786971E-15    0
5446.  5.696938E-14     5.696938E-15    0
5447.  5.703135E-14     5.703135E-15    0
5448.  5.552414E-14     5.552414E-15    0
5449.  5.412912E-14     5.412912E-15    0
5450.  5.210373E-14     5.210373E-15    0
5451.  5.382714E-14     5.382714E-15    0
5452.  5.561230E-14     5.561230E-15    0
5453.  5.663305E-14     5.663305E-15    0
5454.  5.709731E-14     5.709731E-15    0
5455.  5.953014E-14     5.953014E-15    0
5456.  5.767714E-14     5.767714E-15    0
5457.  5.773240E-14     5.773240E-15    0
5458.  5.594683E-14     5.594683E-15    0
5459.  5.382205E-14     5.382205E-15    0
5460.  5.340820E-14     5.340820E-15    0
5461.  5.611605E-14     5.611605E-15    0
5462.  5.600288E-14     5.600288E-15    0
5463.  5.573636E-14     5.573636E-15    0
5464.  5.583119E-14     5.583119E-15    0
5465.  5.504168E-14     5.504168E-15    0
5466.  5.694187E-14     5.694187E-15    0
5467.  5.601130E-14     5.601130E-15    0
5468.  5.677243E-14     5.677243E-15    0
5469.  5.824504E-14     5.824504E-15    0
5470.  5.743261E-14     5.743261E-15    0
5471.  5.882331E-14     5.882331E-15    0
5472.  5.812421E-14     5.812421E-15    0
5473.  5.826108E-14     5.826108E-15    0
5474.  5.588096E-14     5.588096E-15    0
5475.  5.372198E-14     5.372198E-15    0
5476.  5.540352E-14     5.540352E-15    0
5477.  5.660680E-14     5.660680E-15    0
5478.  5.570183E-14     5.570183E-15    0
5479.  5.568311E-14     5.568311E-15    0
5480.  5.532957E-14     5.532957E-15    0
5481.  5.506595E-14     5.506595E-15    0
5482.  5.636347E-14     5.636347E-15    0
5483.  5.644789E-14     5.644789E-15    0
5484.  5.628845E-14     5.628845E-15    0
5485.  5.658299E-14     5.658299E-15    0
5486.  5.623725E-14     5.623725E-15    0
5487.  5.807845E-14     5.807845E-15    0
5488.  5.566459E-14     5.566459E-15    0
5489.  5.539568E-14     5.539568E-15    0
5490.  5.468341E-14     5.468341E-15    0
5491.  5.462035E-14     5.462035E-15    0
5492.  5.590658E-14     5.590658E-15    0
5493.  5.747283E-14     5.747283E-15    0
5494.  5.660146E-14     5.660146E-15    0
5495.  5.896471E-14     5.896471E-15    0
5496.  5.669443E-14     5.669443E-15    0
5497.  5.547248E-14     5.547248E-15    0
5498.  5.459596E-14     5.459596E-15    0
5499.  5.618256E-14     5.618256E-15    0
5500.  5.532204E-14     5.532204E-15    0
5501.  5.547644E-14     5.547644E-15    0
5502.  5.434117E-14     5.434117E-15    0
5503.  5.389409E-14     5.389409E-15    0
5504.  5.616502E-14     5.616502E-15    0
5505.  5.641271E-14     5.641271E-15    0
5506.  5.681059E-14     5.681059E-15    0
5507.  5.591119E-14     5.591119E-15    0
5508.  5.635622E-14     5.635622E-15    0
5509.  5.529464E-14     5.529464E-15    0
5510.  5.581547E-14     5.581547E-15    0
5511.  5.578593E-14     5.578593E-15    0
5512.  5.468475E-14     5.468475E-15    0
5513.  5.613153E-14     5.613153E-15    0
5514.  5.447605E-14     5.447605E-15    0
5515.  5.604278E-14     5.604278E-15    0
5516.  5.521916E-14     5.521916E-15    0
5517.  5.542756E-14     5.542756E-15    0
5518.  5.625331E-14     5.625331E-15    0
5519.  5.716172E-14     5.716172E-15    0
5520.  5.633749E-14     5.633749E-15    0
5521.  5.752463E-14     5.752463E-15    0
5522.  5.559332E-14     5.559332E-15    0
5523.  5.559994E-14     5.559994E-15    0
5524.  5.788584E-14     5.788584E-15    0
5525.  5.720954E-14     5.720954E-15    0
5526.  5.679524E-14     5.679524E-15    0
5527.  5.619492E-14     5.619492E-15    0
5528.  5.519942E-14     5.519942E-15    0
5529.  5.383224E-14     5.383224E-15    0
5530.  5.323336E-14     5.323336E-15    0
5531.  5.390664E-14     5.390664E-15    0
5532.  5.488980E-14     5.488980E-15    0
5533.  5.647683E-14     5.647683E-15    0
5534.  5.614132E-14     5.614132E-15    0
5535.  5.818179E-14     5.818179E-15    0
5536.  5.724894E-14     5.724894E-15    0
5537.  5.334137E-14     5.334137E-15    0
5538.  5.527132E-14     5.527132E-15    0
5539.  5.712751E-14     5.712751E-15    0
5540.  5.558082E-14     5.558082E-15    0
5541.  5.588547E-14     5.588547E-15    0
5542.  5.394515E-14     5.394515E-15    0
5543.  5.372807E-14     5.372807E-15    0
5544.  5.533066E-14     5.533066E-15    0
5545.  5.717062E-14     5.717062E-15    0
5546.  5.672257E-14     5.672257E-15    0
5547.  5.628735E-14     5.628735E-15    0
5548.  5.661941E-14     5.661941E-15    0
5549.  5.631989E-14     5.631989E-15    0
5550.  5.661742E-14     5.661742E-15    0
5551.  5.625723E-14     5.625723E-15    0
5552.  5.653145E-14     5.653145E-15    0
5553.  5.697495E-14     5.697495E-15    0
5554.  5.685783E-14     5.685783E-15    0
5555.  5.719480E-14     5.719480E-15    0
5556.  5.601030E-14     5.601030E-15    0
5557.  5.685820E-14     5.685820E-15    0
5558.  5.658357E-14     5.658357E-15    0
5559.  5.556882E-14     5.556882E-15    0
5560.  5.672048E-14     5.672048E-15    0
5561.  5.761995E-14     5.761995E-15    0
5562.  5.631776E-14     5.631776E-15    0
5563.  5.539459E-14     5.539459E-15    0
5564.  5.471778E-14     5.471778E-15    0
5565.  5.489876E-14     5.489876E-15    0
5566.  5.683216E-14     5.683216E-15    0
5567.  5.492378E-14     5.492378E-15    0
5568.  5.655923E-14     5.655923E-15    0
5569.  5.569916E-14     5.569916E-15    0
5570.  5.755364E-14     5.755364E-15    0
5571.  5.606807E-14     5.606807E-15    0
5572.  5.446318E-14     5.446318E-15    0
5573.  5.481185E-14     5.481185E-15    0
5574.  5.636590E-14     5.636590E-15    0
5575.  5.593383E-14     5.593383E-15    0
5576.  5.526966E-14     5.526966E-15    0
5577.  5.444535E-14     5.444535E-15    0
5578.  5.559782E-14     5.559782E-15    0
5579.  5.550689E-14     5.550689E-15    0
5580.  5.436399E-14     5.436399E-15    0
5581.  5.507497E-14     5.507497E-15    0
5582.  5.421607E-14     5.421607E-15    0
5583.  5.489512E-14     5.489512E-15    0
5584.  5.577693E-14     5.577693E-15    0
5585.  5.553326E-14     5.553326E-15    0
5586.  5.336706E-14     5.336706E-15    0
5587.  5.363441E-14     5.363441E-15    0
5588.  5.515144E-14     5.515144E-15    0
5589.  5.450518E-14     5.450518E-15    0
5590.  5.460471E-14     5.460471E-15    0
5591.  5.384404E-14     5.384404E-15    0
5592.  5.231715E-14     5.231715E-15    0
5593.  5.417556E-14     5.417556E-15    0
5594.  5.538366E-14     5.538366E-15    0
5595.  5.453908E-14     5.453908E-15    0
5596.  5.501227E-14     5.501227E-15    0
5597.  5.456485E-14     5.456485E-15    0
5598.  5.433153E-14     5.433153E-15    0
5599.  5.481816E-14     5.481816E-15    0
5600.  5.447701E-14     5.447701E-15    0
5601.  5.421722E-14     5.421722E-15    0
5602.  5.550992E-14     5.550992E-15    0
5603.  5.449431E-14     5.449431E-15    0
5604.  5.359219E-14     5.359219E-15    0
5605.  5.450699E-14     5.450699E-15    0
5606.  5.427664E-14     5.427664E-15    0
5607.  5.386544E-14     5.386544E-15    0
5608.  5.515666E-14     5.515666E-15    0
5609.  5.448074E-14     5.448074E-15    0
5610.  5.388504E-14     5.388504E-15    0
5611.  5.455895E-14     5.455895E-15    0
5612.  5.580189E-14     5.580189E-15    0
5613.  5.552508E-14     5.552508E-15    0
5614.  5.726343E-14     5.726343E-15    0
5615.  5.575789E-14     5.575789E-15    0
5616.  5.415838E-14     5.415838E-15    0
5617.  5.514530E-14     5.514530E-15    0
5618.  5.433046E-14     5.433046E-15    0
5619.  5.249393E-14     5.249393E-15    0
5620.  5.239794E-14     5.239794E-15    0
5621.  5.170795E-14     5.170795E-15    0
5622.  5.402649E-14     5.402649E-15    0
5623.  5.569843E-14     5.569843E-15    0
5624.  5.498430E-14     5.498430E-15    0
5625.  5.391661E-14     5.391661E-15    0
5626.  5.582909E-14     5.582909E-15    0
5627.  5.403693E-14     5.403693E-15    0
5628.  5.434136E-14     5.434136E-15    0
5629.  5.386059E-14     5.386059E-15    0
5630.  5.549784E-14     5.549784E-15    0
5631.  5.542778E-14     5.542778E-15    0
5632.  5.322159E-14     5.322159E-15    0
5633.  5.426310E-14     5.426310E-15    0
5634.  5.534759E-14     5.534759E-15    0
5635.  5.514263E-14     5.514263E-15    0
5636.  5.549834E-14     5.549834E-15    0
5637.  5.625270E-14     5.625270E-15    0
5638.  5.444354E-14     5.444354E-15    0
5639.  5.573073E-14     5.573073E-15    0
5640.  5.416451E-14     5.416451E-15    0
5641.  5.402398E-14     5.402398E-15    0
5642.  5.287323E-14     5.287323E-15    0
5643.  5.581709E-14     5.581709E-15    0
5644.  5.408044E-14     5.408044E-15    0
5645.  5.459962E-14     5.459962E-15    0
5646.  5.518765E-14     5.518765E-15    0
5647.  5.535477E-14     5.535477E-15    0
5648.  5.620682E-14     5.620682E-15    0
5649.  5.411287E-14     5.411287E-15    0
5650.  5.379908E-14     5.379908E-15    0
5651.  5.462286E-14     5.462286E-15    0
5652.  5.574006E-14     5.574006E-15    0
5653.  5.603644E-14     5.603644E-15    0
5654.  5.443867E-14     5.443867E-15    0
5655.  5.635356E-14     5.635356E-15    0
5656.  5.499365E-14     5.499365E-15    0
5657.  5.450740E-14     5.450740E-15    0
5658.  5.264187E-14     5.264187E-15    0
5659.  5.079707E-14     5.079707E-15    0
5660.  5.254021E-14     5.254021E-15    0
5661.  5.341819E-14     5.341819E-15    0
5662.  5.234690E-14     5.234690E-15    0
5663.  5.168984E-14     5.168984E-15    0
5664.  5.422084E-14     5.422084E-15    0
5665.  5.536438E-14     5.536438E-15    0
5666.  5.650255E-14     5.650255E-15    0
5667.  5.362994E-14     5.362994E-15    0
5668.  5.317875E-14     5.317875E-15    0
5669.  5.524722E-14     5.524722E-15    0
5670.  5.377802E-14     5.377802E-15    0
5671.  5.269180E-14     5.269180E-15    0
5672.  5.406407E-14     5.406407E-15    0
5673.  5.285438E-14     5.285438E-15    0
5674.  5.411656E-14     5.411656E-15    0
5675.  5.349889E-14     5.349889E-15    0
5676.  5.418955E-14     5.418955E-15    0
5677.  5.441072E-14     5.441072E-15    0
5678.  5.285888E-14     5.285888E-15    0
5679.  5.369445E-14     5.369445E-15    0
5680.  5.423916E-14     5.423916E-15    0
5681.  5.532418E-14     5.532418E-15    0
5682.  5.404894E-14     5.404894E-15    0
5683.  5.276656E-14     5.276656E-15    0
5684.  5.245571E-14     5.245571E-15    0
5685.  5.420444E-14     5.420444E-15    0
5686.  5.402111E-14     5.402111E-15    0
5687.  5.449070E-14     5.449070E-15    0
5688.  5.379331E-14     5.379331E-15    0
5689.  5.443890E-14     5.443890E-15    0
5690.  5.470178E-14     5.470178E-15    0
5691.  5.390089E-14     5.390089E-15    0
5692.  5.434895E-14     5.434895E-15    0
5693.  5.445450E-14     5.445450E-15    0
5694.  5.484504E-14     5.484504E-15    0
5695.  5.398463E-14     5.398463E-15    0
5696.  5.466115E-14     5.466115E-15    0
5697.  5.324054E-14     5.324054E-15    0
5698.  5.585100E-14     5.585100E-15    0
5699.  5.638310E-14     5.638310E-15    0
5700.  5.408696E-14     5.408696E-15    0
5701.  5.493026E-14     5.493026E-15    0
5702.  5.539712E-14     5.539712E-15    0
5703.  5.384493E-14     5.384493E-15    0
5704.  5.562757E-14     5.562757E-15    0
5705.  5.499957E-14     5.499957E-15    0
5706.  5.410342E-14     5.410342E-15    0
5707.  5.486496E-14     5.486496E-15    0
5708.  5.517222E-14     5.517222E-15    0
5709.  5.513485E-14     5.513485E-15    0
5710.  5.565462E-14     5.565462E-15    0
5711.  5.413533E-14     5.413533E-15    0
5712.  5.278743E-14     5.278743E-15    0
5713.  5.337213E-14     5.337213E-15    0
5714.  5.343385E-14     5.343385E-15    0
5715.  5.311754E-14     5.311754E-15    0
5716.  5.624034E-14     5.624034E-15    0
5717.  5.376821E-14     5.376821E-15    0
5718.  5.574580E-14     5.574580E-15    0
5719.  5.411405E-14     5.411405E-15    0
5720.  5.209899E-14     5.209899E-15    0
5721.  5.359752E-14     5.359752E-15    0
5722.  5.589351E-14     5.589351E-15    0
5723.  5.471459E-14     5.471459E-15    0
5724.  5.687231E-14     5.687231E-15    0
5725.  5.701441E-14     5.701441E-15    0
5726.  5.558917E-14     5.558917E-15    0
5727.  5.429218E-14     5.429218E-15    0
5728.  5.254432E-14     5.254432E-15    0
5729.  5.545597E-14     5.545597E-15    0
5730.  5.518534E-14     5.518534E-15    0
5731.  5.634798E-14     5.634798E-15    0
5732.  5.579936E-14     5.579936E-15    0
5733.  5.501479E-14     5.501479E-15    0
5734.  5.206191E-14     5.206191E-15    0
5735.  5.290006E-14     5.290006E-15    0
5736.  5.296978E-14     5.296978E-15    0
5737.  5.300461E-14     5.300461E-15    0
5738.  5.321601E-14     5.321601E-15    0
5739.  5.637436E-14     5.637436E-15    0
5740.  5.696212E-14     5.696212E-15    0
5741.  5.582312E-14     5.582312E-15    0
5742.  5.665548E-14     5.665548E-15    0
5743.  5.719805E-14     5.719805E-15    0
5744.  5.376475E-14     5.376475E-15    0
5745.  5.584478E-14     5.584478E-15    0
5746.  5.505510E-14     5.505510E-15    0
5747.  5.193555E-14     5.193555E-15    0
5748.  5.530394E-14     5.530394E-15    0
5749.  5.561811E-14     5.561811E-15    0
5750.  5.615417E-14     5.615417E-15    0
5751.  5.482921E-14     5.482921E-15    0
5752.  5.562094E-14     5.562094E-15    0
5753.  5.736465E-14     5.736465E-15    0
5754.  5.380989E-14     5.380989E-15    0
5755.  5.358698E-14     5.358698E-15    0
5756.  5.610869E-14     5.610869E-15    0
5757.  5.469441E-14     5.469441E-15    0
5758.  5.523296E-14     5.523296E-15    0
5759.  5.357160E-14     5.357160E-15    0
5760.  5.490384E-14     5.490384E-15    0
5761.  5.536153E-14     5.536153E-15    0
5762.  5.519608E-14     5.519608E-15    0
5763.  5.501875E-14     5.501875E-15    0
5764.  5.441598E-14     5.441598E-15    0
5765.  5.482856E-14     5.482856E-15    0
5766.  5.654968E-14     5.654968E-15    0
5767.  5.462385E-14     5.462385E-15    0
5768.  5.432308E-14     5.432308E-15    0
5769.  5.447075E-14     5.447075E-15    0
5770.  5.418497E-14     5.418497E-15    0
5771.  5.524253E-14     5.524253E-15    0
5772.  5.363940E-14     5.363940E-15    0
5773.  5.380530E-14     5.380530E-15    0
5774.  5.415656E-14     5.415656E-15    0
5775.  5.529885E-14     5.529885E-15    0
5776.  5.559642E-14     5.559642E-15    0
5777.  5.417466E-14     5.417466E-15    0
5778.  5.307803E-14     5.307803E-15    0
5779.  5.478317E-14     5.478317E-15    0
5780.  5.666943E-14     5.666943E-15    0
5781.  5.685867E-14     5.685867E-15    0
5782.  5.495543E-14     5.495543E-15    0
5783.  5.464140E-14     5.464140E-15    0
5784.  5.250278E-14     5.250278E-15    0
5785.  5.515184E-14     5.515184E-15    0
5786.  5.248417E-14     5.248417E-15    0
5787.  5.340125E-14     5.340125E-15    0
5788.  5.641548E-14     5.641548E-15    0
5789.  5.467676E-14     5.467676E-15    0
5790.  5.598847E-14     5.598847E-15    0
5791.  5.434235E-14     5.434235E-15    0
5792.  5.236749E-14     5.236749E-15    0
5793.  5.320262E-14     5.320262E-15    0
5794.  5.203436E-14     5.203436E-15    0
5795.  5.583994E-14     5.583994E-15    0
5796.  5.482103E-14     5.482103E-15    0
5797.  5.375374E-14     5.375374E-15    0
5798.  5.608747E-14     5.608747E-15    0
5799.  5.655760E-14     5.655760E-15    0
5800.  5.745956E-14     5.745956E-15    0
5801.  5.214135E-14     5.214135E-15    0
5802.  4.978907E-14     4.978907E-15    0
5803.  5.292423E-14     5.292423E-15    0
5804.  5.505465E-14     5.505465E-15    0
5805.  5.570350E-14     5.570350E-15    0
5806.  5.629396E-14     5.629396E-15    0
5807.  5.804772E-14     5.804772E-15    0
5808.  5.449947E-14     5.449947E-15    0
5809.  5.242841E-14     5.242841E-15    0
5810.  5.171472E-14     5.171472E-15    0
5811.  5.400478E-14     5.400478E-15    0
5812.  5.383614E-14     5.383614E-15    0
5813.  5.558945E-14     5.558945E-15    0
5814.  5.629338E-14     5.629338E-15    0
5815.  5.477265E-14     5.477265E-15    0
5816.  5.593220E-14     5.593220E-15    0
5817.  5.631343E-14     5.631343E-15    0
5818.  5.485445E-14     5.485445E-15    0
5819.  5.638317E-14     5.638317E-15    0
5820.  5.491930E-14     5.491930E-15    0
5821.  5.658754E-14     5.658754E-15    0
5822.  5.612120E-14     5.612120E-15    0
5823.  5.731327E-14     5.731327E-15    0
5824.  5.634122E-14     5.634122E-15    0
5825.  5.619044E-14     5.619044E-15    0
5826.  5.614110E-14     5.614110E-15    0
5827.  5.557343E-14     5.557343E-15    0
5828.  5.664061E-14     5.664061E-15    0
5829.  5.673504E-14     5.673504E-15    0
5830.  5.548266E-14     5.548266E-15    0
5831.  5.597203E-14     5.597203E-15    0
5832.  5.640810E-14     5.640810E-15    0
5833.  5.684618E-14     5.684618E-15    0
5834.  5.298721E-14     5.298721E-15    0
5835.  5.305766E-14     5.305766E-15    0
5836.  5.662876E-14     5.662876E-15    0
5837.  5.630031E-14     5.630031E-15    0
5838.  5.607951E-14     5.607951E-15    0
5839.  5.589828E-14     5.589828E-15    0
5840.  5.612520E-14     5.612520E-15    0
5841.  5.582186E-14     5.582186E-15    0
5842.  5.580366E-14     5.580366E-15    0
5843.  5.276978E-14     5.276978E-15    0
5844.  5.238232E-14     5.238232E-15    0
5845.  5.450095E-14     5.450095E-15    0
5846.  5.420708E-14     5.420708E-15    0
5847.  5.341498E-14     5.341498E-15    0
5848.  5.536384E-14     5.536384E-15    0
5849.  5.504106E-14     5.504106E-15    0
5850.  5.470160E-14     5.470160E-15    0
5851.  5.318760E-14     5.318760E-15    0
5852.  5.141715E-14     5.141715E-15    0
5853.  5.224308E-14     5.224308E-15    0
5854.  5.363004E-14     5.363004E-15    0
5855.  5.235246E-14     5.235246E-15    0
5856.  5.030064E-14     5.030064E-15    0
5857.  5.090195E-14     5.090195E-15    0
5858.  5.228525E-14     5.228525E-15    0
5859.  5.385051E-14     5.385051E-15    0
5860.  5.283923E-14     5.283923E-15    0
5861.  5.360309E-14     5.360309E-15    0
5862.  5.309728E-14     5.309728E-15    0
5863.  5.390787E-14     5.390787E-15    0
5864.  5.563350E-14     5.563350E-15    0
5865.  5.334305E-14     5.334305E-15    0
5866.  5.354575E-14     5.354575E-15    0
5867.  5.437322E-14     5.437322E-15    0
5868.  5.305991E-14     5.305991E-15    0
5869.  5.324296E-14     5.324296E-15    0
5870.  5.421319E-14     5.421319E-15    0
5871.  5.502995E-14     5.502995E-15    0
5872.  5.490400E-14     5.490400E-15    0
5873.  5.295660E-14     5.295660E-15    0
5874.  5.054425E-14     5.054425E-15    0
5875.  5.145065E-14     5.145065E-15    0
5876.  5.462368E-14     5.462368E-15    0
5877.  5.286084E-14     5.286084E-15    0
5878.  5.479006E-14     5.479006E-15    0
5879.  5.393676E-14     5.393676E-15    0
5880.  5.440135E-14     5.440135E-15    0
5881.  5.393012E-14     5.393012E-15    0
5882.  5.055212E-14     5.055212E-15    0
5883.  5.059471E-14     5.059471E-15    0
5884.  5.139724E-14     5.139724E-15    0
5885.  5.119390E-14     5.119390E-15    0
5886.  5.191895E-14     5.191895E-15    0
5887.  4.834746E-14     4.834746E-15    0
5888.  4.853030E-14     4.853030E-15    0
5889.  4.786418E-14     4.786418E-15    0
5890.  4.623469E-14     4.623469E-15    0
5891.  4.512333E-14     4.512333E-15    0
5892.  4.711788E-14     4.711788E-15    0
5893.  4.791965E-14     4.791965E-15    0
5894.  4.567757E-14     4.567757E-15    0
5895.  4.476760E-14     4.476760E-15    0
5896.  4.266079E-14     4.266079E-15    0
5897.  4.329907E-14     4.329907E-15    0
5898.  4.708985E-14     4.708985E-15    0
5899.  4.863413E-14     4.863413E-15    0
5900.  4.822902E-14     4.822902E-15    0
5901.  4.856780E-14     4.856780E-15    0
5902.  4.927913E-14     4.927913E-15    0
5903.  5.019341E-14     5.019341E-15    0
5904.  5.290462E-14     5.290462E-15    0
5905.  5.376684E-14     5.376684E-15    0
5906.  5.233217E-14     5.233217E-15    0
5907.  5.319601E-14     5.319601E-15    0
5908.  5.430523E-14     5.430523E-15    0
5909.  5.240945E-14     5.240945E-15    0
5910.  5.294265E-14     5.294265E-15    0
5911.  5.370841E-14     5.370841E-15    0
5912.  5.448277E-14     5.448277E-15    0
5913.  5.561271E-14     5.561271E-15    0
5914.  5.427936E-14     5.427936E-15    0
5915.  5.298466E-14     5.298466E-15    0
5916.  5.186323E-14     5.186323E-15    0
5917.  5.216115E-14     5.216115E-15    0
5918.  5.320296E-14     5.320296E-15    0
5919.  5.301037E-14     5.301037E-15    0
5920.  5.334772E-14     5.334772E-15    0
5921.  5.300059E-14     5.300059E-15    0
5922.  5.375170E-14     5.375170E-15    0
5923.  5.357548E-14     5.357548E-15    0
5924.  5.449667E-14     5.449667E-15    0
5925.  5.427248E-14     5.427248E-15    0
5926.  5.297430E-14     5.297430E-15    0
5927.  5.306471E-14     5.306471E-15    0
5928.  5.318616E-14     5.318616E-15    0
5929.  5.237612E-14     5.237612E-15    0
5930.  5.323771E-14     5.323771E-15    0
5931.  5.326665E-14     5.326665E-15    0
5932.  5.489137E-14     5.489137E-15    0
5933.  5.397581E-14     5.397581E-15    0
5934.  5.407184E-14     5.407184E-15    0
5935.  5.351619E-14     5.351619E-15    0
5936.  5.257749E-14     5.257749E-15    0
5937.  5.349661E-14     5.349661E-15    0
5938.  5.522442E-14     5.522442E-15    0
5939.  5.285546E-14     5.285546E-15    0
5940.  5.304640E-14     5.304640E-15    0
5941.  5.446535E-14     5.446535E-15    0
5942.  5.026440E-14     5.026440E-15    0
5943.  5.070787E-14     5.070787E-15    0
5944.  5.089477E-14     5.089477E-15    0
5945.  5.372641E-14     5.372641E-15    0
5946.  5.212140E-14     5.212140E-15    0
5947.  5.187700E-14     5.187700E-15    0
5948.  5.288953E-14     5.288953E-15    0
5949.  5.314328E-14     5.314328E-15    0
5950.  5.250203E-14     5.250203E-15    0
5951.  5.272742E-14     5.272742E-15    0
5952.  5.245055E-14     5.245055E-15    0
5953.  5.226671E-14     5.226671E-15    0
5954.  5.220269E-14     5.220269E-15    0
5955.  5.179899E-14     5.179899E-15    0
5956.  5.280591E-14     5.280591E-15    0
5957.  5.378539E-14     5.378539E-15    0
5958.  5.151687E-14     5.151687E-15    0
5959.  5.090255E-14     5.090255E-15    0
5960.  5.273105E-14     5.273105E-15    0
5961.  5.271275E-14     5.271275E-15    0
5962.  5.413336E-14     5.413336E-15    0
5963.  5.534552E-14     5.534552E-15    0
5964.  5.450827E-14     5.450827E-15    0
5965.  5.341707E-14     5.341707E-15    0
5966.  5.586344E-14     5.586344E-15    0
5967.  5.380066E-14     5.380066E-15    0
5968.  5.202775E-14     5.202775E-15    0
5969.  5.208929E-14     5.208929E-15    0
5970.  5.217426E-14     5.217426E-15    0
5971.  5.220703E-14     5.220703E-15    0
5972.  5.374752E-14     5.374752E-15    0
5973.  5.372590E-14     5.372590E-15    0
5974.  5.230969E-14     5.230969E-15    0
5975.  5.304017E-14     5.304017E-15    0
5976.  5.276953E-14     5.276953E-15    0
5977.  5.301480E-14     5.301480E-15    0
5978.  5.408746E-14     5.408746E-15    0
5979.  5.381774E-14     5.381774E-15    0
5980.  5.339114E-14     5.339114E-15    0
5981.  5.468238E-14     5.468238E-15    0
5982.  5.269947E-14     5.269947E-15    0
5983.  5.325515E-14     5.325515E-15    0
5984.  5.419173E-14     5.419173E-15    0
5985.  5.449232E-14     5.449232E-15    0
5986.  5.314957E-14     5.314957E-15    0
5987.  5.446772E-14     5.446772E-15    0
5988.  5.422472E-14     5.422472E-15    0
5989.  5.195214E-14     5.195214E-15    0
5990.  5.236389E-14     5.236389E-15    0
5991.  5.218287E-14     5.218287E-15    0
5992.  5.272088E-14     5.272088E-15    0
5993.  5.268013E-14     5.268013E-15    0
5994.  5.258171E-14     5.258171E-15    0
5995.  5.338088E-14     5.338088E-15    0
5996.  5.190172E-14     5.190172E-15    0
5997.  5.241475E-14     5.241475E-15    0
5998.  5.358112E-14     5.358112E-15    0
5999.  5.285554E-14     5.285554E-15    0
6000.  5.431386E-14     5.431386E-15    0
6001.  5.258956E-14     5.258956E-15    0
6002.  5.382986E-14     5.382986E-15    0
6003.  5.400295E-14     5.400295E-15    0
6004.  5.411747E-14     5.411747E-15    0
6005.  5.378121E-14     5.378121E-15    0
6006.  5.293928E-14     5.293928E-15    0
6007.  5.259309E-14     5.259309E-15    0
6008.  5.222613E-14     5.222613E-15    0
6009.  5.251310E-14     5.251310E-15    0
6010.  5.277814E-14     5.277814E-15    0
6011.  5.180384E-14     5.180384E-15    0
6012.  5.234382E-14     5.234382E-15    0
6013.  5.168434E-14     5.168434E-15    0
6014.  5.143586E-14     5.143586E-15    0
6015.  5.112908E-14     5.112908E-15    0
6016.  5.183183E-14     5.183183E-15    0
6017.  5.204961E-14     5.204961E-15    0
6018.  5.294921E-14     5.294921E-15    0
6019.  5.177956E-14     5.177956E-15    0
6020.  5.152286E-14     5.152286E-15    0
6021.  5.165119E-14     5.165119E-15    0
6022.  5.120136E-14     5.120136E-15    0
6023.  5.148303E-14     5.148303E-15    0
6024.  5.094285E-14     5.094285E-15    0
6025.  5.070697E-14     5.070697E-15    0
6026.  5.241161E-14     5.241161E-15    0
6027.  5.133188E-14     5.133188E-15    0
6028.  5.233014E-14     5.233014E-15    0
6029.  5.268506E-14     5.268506E-15    0
6030.  5.204052E-14     5.204052E-15    0
6031.  5.092254E-14     5.092254E-15    0
6032.  5.176843E-14     5.176843E-15    0
6033.  5.322545E-14     5.322545E-15    0
6034.  5.244432E-14     5.244432E-15    0
6035.  5.079197E-14     5.079197E-15    0
6036.  5.095129E-14     5.095129E-15    0
6037.  5.170723E-14     5.170723E-15    0
6038.  5.097775E-14     5.097775E-15    0
6039.  5.384186E-14     5.384186E-15    0
6040.  5.207937E-14     5.207937E-15    0
6041.  5.244489E-14     5.244489E-15    0
6042.  5.080485E-14     5.080485E-15    0
6043.  5.166492E-14     5.166492E-15    0
6044.  5.048300E-14     5.048300E-15    0
6045.  5.068389E-14     5.068389E-15    0
6046.  5.249122E-14     5.249122E-15    0
6047.  5.332616E-14     5.332616E-15    0
6048.  5.286496E-14     5.286496E-15    0
6049.  5.081858E-14     5.081858E-15    0
6050.  5.052428E-14     5.052428E-15    0
6051.  5.094144E-14     5.094144E-15    0
6052.  5.137132E-14     5.137132E-15    0
6053.  5.254024E-14     5.254024E-15    0
6054.  5.334312E-14     5.334312E-15    0
6055.  5.309954E-14     5.309954E-15    0
6056.  5.191361E-14     5.191361E-15    0
6057.  5.237175E-14     5.237175E-15    0
6058.  5.265404E-14     5.265404E-15    0
6059.  5.218261E-14     5.218261E-15    0
6060.  5.190285E-14     5.190285E-15    0
6061.  5.148463E-14     5.148463E-15    0
6062.  5.146524E-14     5.146524E-15    0
6063.  5.022255E-14     5.022255E-15    0
6064.  5.009460E-14     5.009460E-15    0
6065.  5.047301E-14     5.047301E-15    0
6066.  5.151559E-14     5.151559E-15    0
6067.  5.159809E-14     5.159809E-15    0
6068.  5.167571E-14     5.167571E-15    0
6069.  5.302937E-14     5.302937E-15    0
6070.  5.186470E-14     5.186470E-15    0
6071.  5.154279E-14     5.154279E-15    0
6072.  5.120767E-14     5.120767E-15    0
6073.  5.084454E-14     5.084454E-15    0
6074.  4.990594E-14     4.990594E-15    0
6075.  5.274716E-14     5.274716E-15    0
6076.  5.111416E-14     5.111416E-15    0
6077.  5.146092E-14     5.146092E-15    0
6078.  5.208424E-14     5.208424E-15    0
6079.  5.141130E-14     5.141130E-15    0
6080.  5.067820E-14     5.067820E-15    0
6081.  5.231545E-14     5.231545E-15    0
6082.  5.282646E-14     5.282646E-15    0
6083.  5.281452E-14     5.281452E-15    0
6084.  5.117675E-14     5.117675E-15    0
6085.  5.129851E-14     5.129851E-15    0
6086.  5.267153E-14     5.267153E-15    0
6087.  5.266036E-14     5.266036E-15    0
6088.  5.213794E-14     5.213794E-15    0
6089.  5.186498E-14     5.186498E-15    0
6090.  5.149654E-14     5.149654E-15    0
6091.  5.117650E-14     5.117650E-15    0
6092.  5.094866E-14     5.094866E-15    0
6093.  5.178400E-14     5.178400E-15    0
6094.  5.066923E-14     5.066923E-15    0
6095.  5.212310E-14     5.212310E-15    0
6096.  5.169437E-14     5.169437E-15    0
6097.  5.121955E-14     5.121955E-15    0
6098.  5.095408E-14     5.095408E-15    0
6099.  5.042658E-14     5.042658E-15    0
6100.  5.167317E-14     5.167317E-15    0
