1008.76  1.5e17 
979.15   1.5e17 
987.10   1.5e17 
994.18   1.5e17 
986.89   1.5e17
954.73   1.5e17
919.49   1.5e17
973.86   1.5e17
969.55   1.5e17
855.38   1.5e17
897.86   1.5e17
898.78   1.5e17
891.98   1.5e17
950.51   1.5e17
957.69   1.5e17
886.42   1.5e17
881.22   1.5e17
893.53   1.5e17
927.32   1.5e17
850.27   1.5e17
919.44   1.5e17
944.81   1.5e17
917.68   1.5e17
939.86   1.5e17
1000.28  1.5e17
939.13   1.5e17
848.46   1.5e17
888.25   1.5e17
883.84   1.5e17
900.50   1.5e17
954.75   1.5e17
913.58   1.5e17
1003.72  1.5e17
875.11   1.5e17
863.14   1.5e17
983.17   1.5e17
953.43   1.5e17
983.97   1.5e17
891.54   1.5e17
865.94   1.5e17
872.56   1.5e17
868.79   1.5e17
873.80   1.5e17
873.44   1.5e17
871.82   1.5e17
871.65   1.5e17
869.90   1.5e17
869.75   1.5e17
828.66   1.5e17
809.07   1.5e17
852.44   1.5e17
924.35   1.5e17
922.75   1.5e17
872.05   1.5e17
952.33   1.5e17
892.77   1.5e17
960.52   1.5e17
967.55   1.5e17
944.15   1.5e17
918.89   1.5e17
823.23   1.5e17
841.19   1.5e17
921.29   1.5e17







