































































































































































































































































































































































































































































































  7.14948247e-01	   1.42844400e+01
  1.42989649e+00	   1.39472553e+01
  2.14484474e+00	   1.34615009e+01
  2.85979299e+00	   1.29692284e+01
  3.57474123e+00	   1.25018810e+01
  4.28968948e+00	   1.20668745e+01
  5.00463773e+00	   1.16644993e+01
  5.71958597e+00	   1.12927363e+01
  6.43453422e+00	   1.09489006e+01
  7.14948247e+00	   1.06302510e+01
  7.86443071e+00	   1.03342165e+01
  8.57937896e+00	   1.00584704e+01
  9.29432721e+00	   9.80094055e+00
  1.00092755e+01	   9.55979536e+00
  1.07242237e+01	   9.33342000e+00
  1.14391719e+01	   9.12039105e+00
  1.21541202e+01	   8.91945224e+00
  1.28690684e+01	   8.72949252e+00
  1.35840167e+01	   8.54952681e+00
  1.42989649e+01	   8.37867925e+00
  1.50139132e+01	   8.21616889e+00
  1.57288614e+01	   8.06129731e+00
  1.64438097e+01	   7.91343807e+00
  1.71587579e+01	   7.77202768e+00
  1.78737062e+01	   7.63655781e+00
  1.85886544e+01	   7.50656863e+00
  1.93036027e+01	   7.38164305e+00
  2.00185509e+01	   7.26140171e+00
  2.07334992e+01	   7.14549874e+00
  2.14484474e+01	   7.03361795e+00
  2.21633956e+01	   6.92546961e+00
  2.28783439e+01	   6.82078757e+00
  2.35932921e+01	   6.71932678e+00
  2.43082404e+01	   6.62086108e+00
  2.50231886e+01	   6.52518127e+00
  2.57381369e+01	   6.43209340e+00
  2.64530851e+01	   6.34141726e+00
  2.71680334e+01	   6.25298503e+00
  2.78829816e+01	   6.16664008e+00
  2.85979299e+01	   6.08223589e+00
  2.93128781e+01	   5.99963509e+00
  3.00278264e+01	   5.91870862e+00
  3.07427746e+01	   5.83933492e+00
  3.14577229e+01	   5.76139926e+00
  3.21726711e+01	   5.68479308e+00
  3.28876193e+01	   5.60941341e+00
  3.36025676e+01	   5.53516236e+00
  3.43175158e+01	   5.46194660e+00
  3.50324641e+01	   5.38967697e+00
  3.57474123e+01	   5.31826801e+00
  3.64623606e+01	   5.24763761e+00
  3.71773088e+01	   5.17770664e+00
  3.78922571e+01	   5.10839865e+00
  3.86072053e+01	   5.03963948e+00
  3.93221536e+01	             -nan
  4.00371018e+01	   4.90348095e+00
  4.07520501e+01	   4.83594233e+00
  4.14669983e+01	   4.76867349e+00
  4.21819466e+01	   4.70160765e+00
  4.28968948e+01	   4.63467869e+00
  4.36118430e+01	   4.56782092e+00
  4.43267913e+01	   4.50096875e+00
  4.50417395e+01	   4.43405643e+00
  4.57566878e+01	   4.36701779e+00
  4.64716360e+01	   4.29978591e+00
  4.71865843e+01	   4.23229281e+00
  4.79015325e+01	   4.16446911e+00
  4.86164808e+01	   4.09624363e+00
  4.93314290e+01	   4.02754303e+00
  5.00463773e+01	   3.95829131e+00
  5.07613255e+01	   3.88840933e+00
  5.14762738e+01	   3.81781424e+00
  5.21912220e+01	   3.74641883e+00
  5.29061703e+01	   3.67413079e+00
  5.36211185e+01	   3.60085184e+00
  5.43360667e+01	   3.52647674e+00
  5.50510150e+01	   3.45089211e+00
  5.57659632e+01	   3.37397502e+00
  5.64809115e+01	   3.29559131e+00
  5.71958597e+01	   3.21559355e+00
  5.79108080e+01	   3.13381860e+00
  5.86257562e+01	   3.05008444e+00
  5.93407045e+01	   2.96418643e+00
  6.00556527e+01	   2.87589240e+00
  6.07706010e+01	   2.78493639e+00
  6.14855492e+01	   2.69101055e+00
  6.22004975e+01	   2.59375431e+00
  6.29154457e+01	   2.49273982e+00
  6.36303940e+01	   2.38745169e+00
