7763.8930646711  3.807312E-17
7764.43806175248  3.725814E-17
7764.98305883386  3.649895E-17
7765.52805591525  3.478836E-17
7766.07305299663  3.710004E-17
7766.61805007801  3.976415E-17
7767.16304715939  4.095920E-17
7767.70804424077  3.713011E-17
7768.25304132215  3.775964E-17
7768.79803840353  3.748529E-17
7769.34303548492  3.731193E-17
7769.8880325663  3.805933E-17
7770.43302964768  3.935023E-17
7770.97802672906  4.270362E-17
7771.52302381044  3.767953E-17
7772.06802089183  3.899802E-17
7772.61301797321  3.673136E-17
7773.15801505459  3.349370E-17
7773.70301213597  3.172527E-17
7774.24800921735  3.715172E-17
7774.79300629873  3.810808E-17
7775.33800338011  3.697386E-17
7775.8830004615  3.499215E-17
7776.42799754288  3.418365E-17
7776.97299462426  3.551547E-17
7777.51799170564  3.479388E-17
7778.06298878702  3.536832E-17
7778.6079858684  3.307644E-17
7779.15298294978  3.251096E-17
7779.69798003117  3.213111E-17
7780.24297711255  2.955057E-17
7780.78797419393  3.236885E-17
7781.33297127531  3.606404E-17
7781.87796835669  3.520194E-17
7782.42296543808  3.452821E-17
7782.96796251946  3.376263E-17
7783.51295960084  3.268012E-17
7784.05795668222  3.357942E-17
7784.6029537636  3.302070E-17
7785.14795084498  3.248184E-17
7785.69294792636  3.389250E-17
7786.23794500774  3.305569E-17
7786.78294208913  2.948054E-17
7787.32793917051  3.204110E-17
7787.87293625189  3.019111E-17
7788.41793333327  2.933145E-17
7788.96293041465  3.049902E-17
7789.50792749604  3.295120E-17
7790.05292457742  3.401285E-17
7790.5979216588  3.145732E-17
7791.14291874018  3.034028E-17
7791.68791582156  2.955618E-17
7792.23291290294  2.820529E-17
7792.77790998433  3.190874E-17
7793.32290706571  2.851948E-17
7793.86790414709  2.932276E-17
7794.41290122847  2.994305E-17
7794.95789830985  3.157933E-17
7795.50289539123  2.882568E-17
7796.04789247261  2.844804E-17
7796.592889554  2.928421E-17
7797.13788663538  2.913518E-17
7797.68288371676  3.043958E-17
7798.22788079814  2.918803E-17
7798.77287787952  2.856153E-17
7799.3178749609  3.005749E-17
7799.86287204229  2.852548E-17
7800.40786912367  3.065276E-17
7800.95286620505  3.244008E-17
7801.49786328643  2.804642E-17
7802.04286036781  2.494650E-17
7802.58785744919  2.730066E-17
7803.13285453058  3.013280E-17
7803.67785161196  2.777619E-17
7804.22284869334  2.546858E-17
7804.76784577472  2.818106E-17
7805.3128428561  2.846082E-17
7805.85783993748  2.551196E-17
7806.40283701886  2.791653E-17
7806.94783410025  2.954479E-17
7807.49283118163  2.813051E-17
7808.03782826301  2.853473E-17
7808.58282534439  2.923566E-17
7809.12782242577  3.127983E-17
7809.67281950715  3.130417E-17
7810.21781658854  2.668788E-17
7810.76281366992  2.641517E-17
7811.3078107513  2.772654E-17
7811.85280783268  2.826663E-17
7812.39780491406  2.986856E-17
7812.94280199544  2.644191E-17
7813.48779907682  2.822231E-17
7814.03279615821  3.011920E-17
7814.57779323959  3.275527E-17
7815.12279032097  3.063504E-17
7815.66778740235  2.740819E-17
7816.21278448373  2.958445E-17
7816.75778156511  2.914392E-17
7817.3027786465  2.787594E-17
7817.84777572788  2.811177E-17
7818.39277280926  2.849535E-17
7818.93776989064  2.951185E-17
7819.48276697202  2.975160E-17
7820.02776405341  2.963921E-17
7820.57276113478  3.047293E-17
7821.11775821617  2.807753E-17
7821.66275529755  2.550592E-17
7822.20775237893  2.768040E-17
7822.75274946031  2.960016E-17
7823.29774654169  2.601932E-17
7823.84274362308  2.953485E-17
7824.38774070446  2.876288E-17
7824.93273778584  2.528469E-17
7825.47773486722  2.635933E-17
7826.0227319486  2.835032E-17
7826.56772902998  2.815967E-17
7827.11272611137  2.824666E-17
7827.65772319275  3.005573E-17
7828.20272027413  2.708474E-17
7828.74771735551  2.744230E-17
7829.29271443689  2.613095E-17
7829.83771151827  2.569950E-17
7830.38270859965  2.695726E-17
7830.92770568104  2.942515E-17
7831.47270276242  2.859909E-17
7832.0176998438  2.594008E-17
7832.56269692518  2.672521E-17
7833.10769400656  2.627936E-17
7833.65269108794  2.614170E-17
7834.19768816933  2.761147E-17
7834.74268525071  2.483164E-17
7835.28768233209  2.450832E-17
7835.83267941347  2.415112E-17
7836.37767649485  2.748525E-17
7836.92267357623  2.763890E-17
7837.46767065761  2.903385E-17
7838.012667739  2.616496E-17
7838.55766482038  2.946445E-17
7839.10266190176  2.927753E-17
7839.64765898314  2.546474E-17
7840.19265606452  2.639009E-17
7840.7376531459  2.655353E-17
7841.28265022729  2.644283E-17
7841.82764730867  2.955297E-17
7842.37264439005  2.921715E-17
7842.91764147143  2.793629E-17
7843.46263855281  2.674246E-17
7844.00763563419  2.819616E-17
7844.55263271557  2.986338E-17
7845.09762979696  2.986734E-17
7845.64262687834  2.893061E-17
7846.18762395972  3.038778E-17
7846.7326210411  2.905986E-17
7847.27761812248  2.645817E-17
7847.82261520386  2.643842E-17
7848.36761228525  2.627292E-17
7848.91260936663  2.635964E-17
7849.45760644801  2.845885E-17
7850.00260352939  2.781547E-17
7850.54760061077  2.634800E-17
7851.09259769215  2.974577E-17
7851.63759477354  2.927962E-17
7852.18259185492  2.875457E-17
7852.7275889363  2.950988E-17
7853.27258601768  2.988672E-17
7853.81758309906  2.481057E-17
7854.36258018044  2.567099E-17
7854.90757726182  3.065191E-17
7855.45257434321  2.970977E-17
7855.99757142459  2.735726E-17
7856.54256850597  2.583030E-17
7857.08756558735  2.500469E-17
7857.63256266873  2.873868E-17
7858.17755975011  2.989492E-17
7858.7225568315  2.818438E-17
7859.26755391288  2.806660E-17
7859.81255099426  2.931060E-17
7860.35754807564  2.519023E-17
7860.90254515702  2.531772E-17
7861.4475422384  2.814738E-17
7861.99253931979  2.474284E-17
7862.53753640117  2.571160E-17
7863.08253348255  2.883842E-17
7863.62753056393  2.729250E-17
7864.17252764531  2.922599E-17
7864.71752472669  3.100113E-17
7865.26252180807  2.778315E-17
7865.80751888946  2.801677E-17
7866.35251597084  2.573193E-17
7866.89751305222  2.603346E-17
7867.4425101336  2.574809E-17
7867.98750721498  2.808922E-17
7868.53250429636  2.760942E-17
7869.07750137775  2.812266E-17
7869.62249845913  2.587186E-17
7870.16749554051  2.568479E-17
7870.71249262189  2.931374E-17
7871.25748970327  2.979024E-17
7871.80248678465  2.937588E-17
7872.34748386604  2.894915E-17
7872.89248094742  2.736702E-17
7873.4374780288  2.866743E-17
7873.98247511018  2.807984E-17
7874.52747219156  2.605349E-17
7875.07246927294  2.718266E-17
7875.61746635433  2.867201E-17
7876.16246343571  2.761736E-17
7876.70746051709  2.753207E-17
7877.25245759847  2.628310E-17
7877.79745467985  2.885350E-17
7878.34245176123  2.950866E-17
7878.88744884261  2.907913E-17
7879.432445924  2.747391E-17
7879.97744300538  2.756714E-17
7880.52244008676  2.852858E-17
7881.06743716814  2.704879E-17
7881.61243424952  2.847638E-17
7882.15743133091  2.965500E-17
7882.70242841229  2.929783E-17
7883.24742549367  2.791763E-17
7883.79242257505  2.712705E-17
7884.33741965643  2.588373E-17
7884.88241673781  2.555204E-17
7885.42741381919  2.727808E-17
7885.97241090057  2.898387E-17
7886.51740798196  2.755034E-17
7887.06240506334  2.529528E-17
7887.60740214472  2.449779E-17
7888.1523992261  2.809255E-17
7888.69739630748  2.860295E-17
7889.24239338887  2.498263E-17
7889.78739047025  2.642206E-17
7890.33238755163  2.676824E-17
7890.87738463301  2.792671E-17
7891.42238171439  2.743378E-17
7891.96737879577  2.769323E-17
7892.51237587715  2.694882E-17
7893.05737295854  2.730699E-17
7893.60237003992  2.509401E-17
7894.1473671213  2.499016E-17
7894.69236420268  2.655996E-17
7895.23736128406  2.659188E-17
7895.78235836544  2.588527E-17
7896.32735544683  2.522949E-17
7896.87235252821  2.822114E-17
7897.41734960959  2.938217E-17
7897.96234669097  2.629957E-17
7898.50734377235  2.995497E-17
7899.05234085373  3.161643E-17
7899.59733793511  2.846042E-17
7900.1423350165  2.657742E-17
7900.68733209788  2.545254E-17
7901.23232917926  2.669523E-17
7901.77732626064  2.748201E-17
7902.32232334202  2.810643E-17
7902.8673204234  2.892830E-17
7903.41231750479  2.814269E-17
7903.95731458617  2.609890E-17
7904.50231166755  2.703632E-17
7905.04730874893  2.850708E-17
7905.59230583031  2.741250E-17
7906.13730291169  2.712810E-17
7906.68229999307  2.679359E-17
7907.22729707446  2.446911E-17
7907.77229415584  2.422425E-17
7908.31729123722  2.627058E-17
7908.8622883186  2.845946E-17
7909.40728539998  2.867144E-17
7909.95228248137  2.906316E-17
7910.49727956275  2.850993E-17
7911.04227664413  2.691206E-17
7911.58727372551  2.434254E-17
7912.13227080689  2.688204E-17
7912.67726788827  2.878975E-17
7913.22226496966  2.730596E-17
7913.76726205104  2.810418E-17
7914.31225913242  2.891210E-17
7914.8572562138  2.700615E-17
7915.40225329518  2.658485E-17
7915.94725037656  2.694161E-17
7916.49224745794  2.654266E-17
7917.03724453933  2.679932E-17
7917.58224162071  2.375119E-17
7918.12723870209  2.616598E-17
7918.67223578347  2.521867E-17
7919.21723286485  2.695733E-17
7919.76222994623  2.678223E-17
7920.30722702762  2.657396E-17
7920.852224109  2.740945E-17
7921.39722119038  2.511738E-17
7921.94221827176  2.495023E-17
7922.48721535314  2.766543E-17
7923.03221243452  2.638387E-17
7923.5772095159  2.553171E-17
7924.12220659729  2.685470E-17
7924.66720367867  2.565309E-17
7925.21220076005  2.745063E-17
7925.75719784143  2.646926E-17
7926.30219492281  2.628867E-17
7926.84719200419  2.784681E-17
7927.39218908558  2.816723E-17
7927.93718616696  2.723240E-17
7928.48218324834  2.693739E-17
7929.02718032972  2.547932E-17
7929.5721774111  2.816376E-17
7930.11717449248  2.741890E-17
7930.66217157387  2.555496E-17
7931.20716865525  2.688861E-17
7931.75216573663  2.798945E-17
7932.29716281801  2.844754E-17
7932.84215989939  2.919309E-17
7933.38715698077  2.923437E-17
7933.93215406215  2.870239E-17
7934.47715114354  2.882103E-17
7935.02214822492  2.705954E-17
7935.5671453063  2.629122E-17
7936.11214238768  2.614146E-17
7936.65713946906  2.702383E-17
7937.20213655044  2.706610E-17
7937.74713363183  2.587970E-17
7938.29213071321  2.660109E-17
7938.83712779459  2.562547E-17
7939.38212487597  2.366491E-17
7939.92712195735  2.423747E-17
7940.47211903873  2.545009E-17
7941.01711612011  2.686072E-17
7941.5621132015  2.817695E-17
7942.10711028288  2.772453E-17
7942.65210736426  2.711735E-17
7943.19710444564  2.609860E-17
7943.74210152702  2.537863E-17
7944.28709860841  2.659326E-17
7944.83209568979  2.690222E-17
7945.37709277117  2.782633E-17
7945.92208985255  2.378356E-17
7946.46708693393  2.634483E-17
7947.01208401531  2.617612E-17
7947.55708109669  2.626751E-17
7948.10207817808  3.020969E-17
7948.64707525946  2.799161E-17
7949.19207234084  2.367779E-17
7949.73706942222  2.565741E-17
7950.2820665036  2.583671E-17
7950.82706358498  2.485020E-17
7951.37206066637  2.999212E-17
7951.91705774775  3.052467E-17
7952.46205482913  2.619438E-17
7953.00705191051  2.773062E-17
7953.55204899189  2.574406E-17
7954.09704607327  2.457764E-17
7954.64204315465  2.391058E-17
7955.18704023604  2.688354E-17
7955.73203731742  2.926170E-17
7956.2770343988  2.670540E-17
7956.82203148018  2.649120E-17
7957.36702856156  2.147858E-17
7957.91202564294  2.175268E-17
7958.45702272433  2.476877E-17
7959.00201980571  2.558652E-17
7959.54701688709  2.572399E-17
7960.09201396847  2.603402E-17
7960.63701104985  2.669898E-17
7961.18200813123  2.718303E-17
7961.72700521261  2.668476E-17
7962.272002294  2.331457E-17
7962.81699937538  2.176516E-17
7963.36199645676  2.597806E-17
7963.90699353814  2.764646E-17
7964.45199061952  2.479420E-17
7964.9969877009  2.405744E-17
7965.54198478229  2.503840E-17
7966.08698186367  2.334982E-17
7966.63197894505  2.152989E-17
7967.17697602643  2.231408E-17
7967.72197310781  2.280297E-17
7968.26697018919  2.489062E-17
7968.81196727058  2.679149E-17
7969.35696435196  2.537530E-17
7969.90196143334  2.424963E-17
7970.44695851472  2.582709E-17
7970.9919555961  2.713584E-17
7971.53695267748  2.596406E-17
7972.08194975886  2.492450E-17
7972.62694684025  2.539489E-17
7973.17194392163  2.433795E-17
7973.71694100301  2.595714E-17
7974.26193808439  2.522735E-17
7974.80693516577  2.448150E-17
7975.35193224715  2.596302E-17
7975.89692932853  2.496312E-17
7976.44192640992  2.420621E-17
7976.9869234913  2.753942E-17
7977.53192057268  2.755996E-17
7978.07691765406  2.670939E-17
7978.62191473544  2.575871E-17
7979.16691181682  2.541777E-17
7979.71190889821  2.648659E-17
7980.25690597959  2.717928E-17
7980.80190306097  2.819012E-17
7981.34690014235  2.697445E-17
7981.89189722373  2.427632E-17
7982.43689430511  2.717283E-17
7982.9818913865  2.955778E-17
7983.52688846788  2.720427E-17
7984.07188554926  2.462076E-17
7984.61688263064  2.379113E-17
7985.16187971202  2.633460E-17
7985.7068767934  2.529949E-17
7986.25187387479  2.772323E-17
7986.79687095617  2.854837E-17
7987.34186803755  2.646368E-17
7987.88686511893  2.337839E-17
7988.43186220031  2.603403E-17
7988.97685928169  2.644313E-17
7989.52185636307  2.499679E-17
7990.06685344446  2.435633E-17
7990.61185052584  2.492461E-17
7991.15684760722  2.747516E-17
7991.7018446886  2.675521E-17
7992.24684176998  2.504610E-17
7992.79183885137  2.655361E-17
7993.33683593275  2.797644E-17
7993.88183301413  2.761396E-17
7994.42683009551  2.470038E-17
7994.97182717689  2.440368E-17
7995.51682425827  2.620245E-17
7996.06182133965  2.635709E-17
7996.60681842103  2.293481E-17
7997.15181550242  2.391703E-17
7997.6968125838  2.508589E-17
7998.24180966518  2.265313E-17
7998.78680674656  2.409578E-17
7999.33180382794  2.487972E-17
7999.87680090933  2.325834E-17
8000.42179799071  2.348746E-17
8000.96679507209  2.686611E-17
8001.51179215347  2.723318E-17
8002.05678923485  2.367557E-17
8002.60178631623  2.346924E-17
8003.14678339761  2.664274E-17
8003.691780479  2.716751E-17
8004.23677756038  2.256457E-17
8004.78177464176  2.370259E-17
8005.32677172314  2.460027E-17
8005.87176880452  2.586061E-17
8006.4167658859  2.242921E-17
8006.96176296729  2.234884E-17
8007.50676004867  2.178493E-17
8008.05175713005  2.493182E-17
8008.59675421143  2.784057E-17
8009.14175129281  2.714394E-17
8009.68674837419  2.520043E-17
8010.23174545557  2.549613E-17
8010.77674253696  2.362737E-17
8011.32173961834  2.501063E-17
8011.86673669972  2.598189E-17
8012.4117337811  2.451135E-17
8012.95673086248  2.467295E-17
8013.50172794387  2.552358E-17
8014.04672502525  2.718754E-17
8014.59172210663  2.468622E-17
8015.13671918801  2.486475E-17
8015.68171626939  2.794837E-17
8016.22671335077  2.526852E-17
8016.77171043215  2.380053E-17
8017.31670751354  2.542020E-17
8017.86170459492  2.515251E-17
8018.4067016763  2.548729E-17
8018.95169875768  2.250952E-17
8019.49669583906  2.093384E-17
8020.04169292044  2.319238E-17
8020.58669000183  2.542828E-17
8021.13168708321  2.639087E-17
8021.67668416459  2.309589E-17
8022.22168124597  2.229119E-17
8022.76667832735  2.692169E-17
8023.31167540873  2.616683E-17
8023.85667249012  2.536053E-17
8024.4016695715  2.667482E-17
8024.94666665288  2.475014E-17
8025.49166373426  2.635935E-17
8026.03666081564  2.560986E-17
8026.58165789702  2.394476E-17
8027.1266549784  2.632020E-17
8027.67165205979  2.501305E-17
8028.21664914117  2.468136E-17
8028.76164622255  2.472036E-17
8029.30664330393  2.589549E-17
8029.85164038531  2.776490E-17
8030.39663746669  2.678992E-17
8030.94163454808  2.556260E-17
8031.48663162946  2.514512E-17
8032.03162871084  2.446064E-17
8032.57662579222  2.301655E-17
8033.1216228736  2.486312E-17
8033.66661995498  2.711803E-17
8034.21161703637  2.483841E-17
8034.75661411775  2.254405E-17
8035.30161119913  2.444963E-17
8035.84660828051  2.653239E-17
8036.39160536189  2.659497E-17
8036.93660244327  2.710411E-17
8037.48159952466  2.532208E-17
8038.02659660604  2.278290E-17
8038.57159368742  2.521917E-17
8039.1165907688  2.520406E-17
8039.66158785018  2.571024E-17
8040.20658493156  2.408945E-17
8040.75158201294  2.379311E-17
8041.29657909433  2.841710E-17
8041.84157617571  2.427465E-17
8042.38657325709  2.366861E-17
8042.93157033847  2.713593E-17
8043.47656741985  2.668499E-17
8044.02156450123  2.477674E-17
8044.56656158262  2.423202E-17
8045.111558664  2.444749E-17
8045.65655574538  2.791935E-17
8046.20155282676  2.592005E-17
8046.74654990814  2.516092E-17
8047.29154698952  2.738264E-17
8047.8365440709  2.830883E-17
8048.38154115229  2.983065E-17
8048.92653823367  2.803751E-17
8049.47153531505  2.659678E-17
8050.01653239643  2.664574E-17
8050.56152947781  2.313311E-17
8051.10652655919  2.426761E-17
8051.65152364058  2.722036E-17
8052.19652072196  2.470327E-17
8052.74151780334  2.427610E-17
8053.28651488472  2.387064E-17
8053.8315119661  2.487022E-17
8054.37650904748  2.608315E-17
8054.92150612887  2.404653E-17
8055.46650321025  2.251102E-17
8056.01150029163  2.377302E-17
8056.55649737301  2.750768E-17
8057.10149445439  2.477633E-17
8057.64649153577  2.340250E-17
8058.19148861715  2.473005E-17
8058.73648569854  2.632543E-17
8059.28148277992  2.582429E-17
8059.8264798613  2.571375E-17
8060.37147694268  2.615763E-17
8060.91647402406  2.485736E-17
8061.46147110544  2.381080E-17
8062.00646818683  2.372973E-17
8062.55146526821  2.456867E-17
8063.09646234959  2.485322E-17
8063.64145943097  2.489614E-17
8064.18645651235  2.602936E-17
8064.73145359373  2.559968E-17
8065.27645067511  2.697528E-17
8065.8214477565  2.638935E-17
8066.36644483788  2.614204E-17
8066.91144191926  2.437958E-17
8067.45643900064  2.435818E-17
8068.00143608202  2.717412E-17
8068.5464331634  2.514367E-17
8069.09143024479  2.289473E-17
8069.63642732617  2.548185E-17
8070.18142440755  2.894486E-17
8070.72642148893  2.787142E-17
8071.27141857031  2.604490E-17
8071.81641565169  2.498710E-17
8072.36141273308  2.611458E-17
8072.90640981446  2.665232E-17
8073.45140689584  2.559588E-17
8073.99640397722  2.604243E-17
8074.5414010586  2.414146E-17
8075.08639813998  2.224974E-17
8075.63139522136  2.337786E-17
8076.17639230275  2.485345E-17
8076.72138938413  2.697010E-17
8077.26638646551  2.528320E-17
8077.81138354689  2.653878E-17
8078.35638062827  2.673946E-17
8078.90137770965  2.737248E-17
8079.44637479104  2.435451E-17
8079.99137187242  2.589349E-17
8080.5363689538  2.608533E-17
8081.08136603518  2.636842E-17
8081.62636311656  2.582934E-17
8082.17136019794  2.465636E-17
8082.71635727933  2.859016E-17
8083.26135436071  2.775526E-17
8083.80635144209  2.685192E-17
8084.35134852347  3.000933E-17
8084.89634560485  2.689363E-17
8085.44134268623  2.464692E-17
8085.98633976762  2.815697E-17
8086.531336849  2.693309E-17
8087.07633393038  2.539362E-17
8087.62133101176  2.839544E-17
8088.16632809314  2.906827E-17
8088.71132517452  2.727327E-17
8089.2563222559  2.704618E-17
8089.80131933729  2.584363E-17
8090.34631641867  2.486820E-17
8090.89131350005  2.611904E-17
8091.43631058143  2.423530E-17
8091.98130766281  2.501140E-17
8092.52630474419  2.728261E-17
8093.07130182558  2.677006E-17
8093.61629890696  2.696147E-17
8094.16129598834  2.841347E-17
8094.70629306972  2.907754E-17
8095.2512901511  2.758814E-17
8095.79628723248  2.861759E-17
8096.34128431386  2.734240E-17
8096.88628139525  2.731583E-17
8097.43127847663  2.620215E-17
8097.97627555801  2.689940E-17
8098.52127263939  2.672365E-17
8099.06626972077  2.556007E-17
8099.61126680215  2.454461E-17
8100.15626388354  2.581951E-17
8100.70126096492  2.441284E-17
8101.2462580463  2.573020E-17
8101.79125512768  2.647978E-17
8102.33625220906  2.379461E-17
8102.88124929044  2.351967E-17
8103.42624637183  2.548018E-17
8103.97124345321  2.566103E-17
8104.51624053459  2.594986E-17
8105.06123761597  2.774567E-17
8105.60623469735  2.574410E-17
8106.15123177873  2.407896E-17
8106.69622886012  2.574379E-17
8107.2412259415  2.673389E-17
8107.78622302288  2.660850E-17
8108.33122010426  2.627734E-17
8108.87621718564  2.676130E-17
8109.42121426702  2.673376E-17
8109.9662113484  2.614954E-17
8110.51120842979  2.261067E-17
8111.05620551117  2.319784E-17
8111.60120259255  2.167109E-17
8112.14619967393  2.357630E-17
8112.69119675531  2.729683E-17
8113.2361938367  2.444929E-17
8113.78119091808  2.369471E-17
8114.32618799946  2.655706E-17
8114.87118508084  2.657444E-17
8115.41618216222  2.748746E-17
8115.9611792436  3.023640E-17
8116.50617632498  2.836260E-17
8117.05117340636  2.517161E-17
8117.59617048775  2.654004E-17
8118.14116756913  3.006266E-17
8118.68616465051  2.776696E-17
8119.23116173189  2.464047E-17
8119.77615881327  2.345533E-17
8120.32115589465  2.471409E-17
8120.86615297604  2.641709E-17
8121.41115005742  2.234622E-17
8121.9561471388  2.211477E-17
8122.50114422018  2.460740E-17
8123.04614130156  2.827553E-17
8123.59113838295  2.711323E-17
8124.13613546433  2.576557E-17
8124.68113254571  2.373326E-17
8125.22612962709  2.450570E-17
8125.77112670847  2.514885E-17
8126.31612378985  2.712146E-17
8126.86112087123  2.455233E-17
8127.40611795262  2.420127E-17
8127.951115034  2.438444E-17
8128.49611211538  2.474008E-17
8129.04110919676  2.382774E-17
8129.58610627814  2.641187E-17
8130.13110335952  2.485694E-17
8130.67610044091  2.340815E-17
8131.22109752229  2.274500E-17
8131.76609460367  2.244809E-17
8132.31109168505  2.342471E-17
8132.85608876643  2.480562E-17
8133.40108584781  2.381797E-17
8133.94608292919  2.253210E-17
8134.49108001058  2.374147E-17
8135.03607709196  2.454303E-17
8135.58107417334  2.257917E-17
8136.12607125472  2.266972E-17
8136.6710683361  2.604042E-17
8137.21606541748  2.707565E-17
8137.76106249886  2.597605E-17
8138.30605958025  2.596474E-17
8138.85105666163  2.617909E-17
8139.39605374301  2.572068E-17
8139.94105082439  2.387934E-17
8140.48604790577  2.257121E-17
8141.03104498716  2.338033E-17
8141.57604206854  2.406506E-17
8142.12103914992  2.671088E-17
8142.6660362313  2.089764E-17
8143.21103331268  2.327967E-17
8143.75603039406  2.238011E-17
8144.30102747544  2.218823E-17
8144.84602455683  2.241104E-17
8145.39102163821  2.299205E-17
8145.93601871959  2.357433E-17
8146.48101580097  2.107613E-17
8147.02601288235  2.225685E-17
8147.57100996373  2.437521E-17
8148.11600704511  2.621563E-17
8148.6610041265  2.245045E-17
8149.20600120788  2.223904E-17
8149.75099828926  2.245296E-17
8150.29599537064  2.096585E-17
8150.84099245202  2.084883E-17
8151.3859895334  2.414002E-17
8151.93098661479  2.611078E-17
8152.47598369617  2.461650E-17
8153.02098077755  2.429694E-17
8153.56597785893  2.388621E-17
8154.11097494031  2.267064E-17
8154.6559720217  2.366005E-17
8155.20096910307  2.291942E-17
8155.74596618446  2.381402E-17
8156.29096326584  2.564030E-17
8156.83596034722  2.504243E-17
8157.3809574286  2.615352E-17
8157.92595450998  2.528843E-17
8158.47095159137  2.593395E-17
8159.01594867275  2.503331E-17
8159.56094575413  2.224917E-17
8160.10594283551  2.245972E-17
8160.65093991689  2.258474E-17
8161.19593699827  2.223099E-17
8161.74093407966  2.301282E-17
8162.28593116104  2.255383E-17
8162.83092824242  1.842231E-17
8163.3759253238  2.140894E-17
8163.92092240518  2.292435E-17
8164.46591948656  2.409590E-17
8165.01091656794  2.412697E-17
8165.55591364932  2.859551E-17
8166.10091073071  2.720336E-17
8166.64590781209  2.299004E-17
8167.19090489347  2.200576E-17
8167.73590197485  2.307999E-17
8168.28089905623  2.288446E-17
8168.82589613762  2.321719E-17
8169.370893219  2.408569E-17
8169.91589030038  2.412110E-17
8170.46088738176  2.259742E-17
8171.00588446314  2.536745E-17
8171.55088154452  2.639587E-17
8172.09587862591  2.436412E-17
8172.64087570729  2.743309E-17
8173.18587278867  2.760780E-17
8173.73086987005  2.375540E-17
8174.27586695143  2.346731E-17
8174.82086403281  2.156307E-17
8175.36586111419  2.087378E-17
8175.91085819558  2.154221E-17
8176.45585527696  2.057566E-17
8177.00085235834  2.022294E-17
8177.54584943972  1.893030E-17
8178.0908465211  2.069463E-17
8178.63584360248  2.364450E-17
8179.18084068387  2.117573E-17
8179.72583776525  2.189432E-17
8180.27083484663  2.708261E-17
8180.81583192801  2.567429E-17
8181.36082900939  2.683388E-17
8181.90582609077  2.572475E-17
8182.45082317216  2.266374E-17
8182.99582025354  2.806684E-17
8183.54081733492  2.748413E-17
8184.0858144163  2.387397E-17
8184.63081149768  2.608950E-17
8185.17580857906  2.817406E-17
8185.72080566044  2.518341E-17
8186.26580274183  2.241229E-17
8186.81079982321  2.230869E-17
8187.35579690459  1.943700E-17
8187.90079398597  2.208937E-17
8188.44579106735  2.365424E-17
8188.99078814873  2.434943E-17
8189.53578523012  2.235106E-17
8190.0807823115  2.109367E-17
8190.62577939288  2.222980E-17
8191.17077647426  2.151490E-17
8191.71577355564  2.003812E-17
8192.26077063702  2.255673E-17
8192.8057677184  2.465050E-17
8193.35076479979  2.391512E-17
8193.89576188117  2.390846E-17
8194.44075896255  2.249382E-17
8194.98575604393  2.109599E-17
8195.53075312531  2.340559E-17
8196.07575020669  2.566697E-17
8196.62074728808  2.623166E-17
8197.16574436946  2.265275E-17
8197.71074145084  2.343186E-17
8198.25573853222  2.193529E-17
8198.8007356136  2.191162E-17
8199.34573269498  2.185610E-17
8199.89072977637  2.186899E-17
8200.43572685775  2.486144E-17
8200.98072393913  2.562716E-17
8201.52572102051  2.594515E-17
8202.07071810189  2.470451E-17
8202.61571518327  2.380117E-17
8203.16071226466  2.581483E-17
8203.70570934604  2.719524E-17
8204.25070642742  2.520814E-17
8204.7957035088  2.768130E-17
8205.34070059018  2.947109E-17
8205.88569767156  3.134473E-17
8206.43069475294  2.875548E-17
8206.97569183433  2.643574E-17
8207.52068891571  2.485483E-17
8208.06568599709  2.743205E-17
8208.61068307847  2.803255E-17
8209.15568015985  2.346997E-17
8209.70067724123  2.518115E-17
8210.24567432262  2.348961E-17
8210.790671404  2.332392E-17
8211.33566848538  2.407453E-17
8211.88066556676  2.438674E-17
8212.42566264814  2.351888E-17
8212.97065972952  2.619727E-17
8213.51565681091  2.632051E-17
8214.06065389229  2.453465E-17
8214.60565097367  2.261866E-17
8215.15064805505  2.609446E-17
8215.69564513643  2.530050E-17
8216.24064221781  2.577047E-17
8216.78563929919  2.288009E-17
8217.33063638058  2.338604E-17
8217.87563346196  2.068354E-17
8218.42063054334  2.111460E-17
8218.96562762472  2.610446E-17
8219.5106247061  2.392171E-17
8220.05562178748  2.368849E-17
8220.60061886887  2.432316E-17
8221.14561595025  2.378733E-17
8221.69061303163  2.633623E-17
8222.23561011301  2.321284E-17
8222.78060719439  2.604235E-17
8223.32560427577  2.482296E-17
8223.87060135715  2.310525E-17
8224.41559843854  2.111447E-17
8224.96059551992  2.028363E-17
8225.5055926013  1.938045E-17
8226.05058968268  1.688962E-17
8226.59558676406  1.627776E-17
8227.14058384545  1.617440E-17
8227.68558092683  1.645300E-17
8228.23057800821  1.933566E-17
8228.77557508959  1.997614E-17
8229.32057217097  1.747613E-17
8229.86556925235  1.837544E-17
8230.41056633373  2.115777E-17
8230.95556341512  2.227000E-17
8231.5005604965  2.107188E-17
8232.04555757788  2.279064E-17
8232.59055465926  2.473885E-17
8233.13555174064  2.403140E-17
8233.68054882202  2.571445E-17
8234.2255459034  2.415514E-17
8234.77054298479  2.606146E-17
8235.31554006617  2.751629E-17
8235.86053714755  2.478727E-17
8236.40553422893  2.579110E-17
8236.95053131031  2.658922E-17
8237.49552839169  2.723256E-17
8238.04052547308  2.906725E-17
8238.58552255446  3.078099E-17
8239.13051963584  2.513885E-17
8239.67551671722  2.248390E-17
8240.2205137986  2.379289E-17
8240.76551087999  2.291436E-17
8241.31050796136  2.298458E-17
8241.85550504275  2.432522E-17
8242.40050212413  2.736307E-17
8242.94549920551  2.941166E-17
8243.49049628689  2.584424E-17
8244.03549336827  2.869079E-17
8244.58049044966  2.969262E-17
8245.12548753104  2.641341E-17
8245.67048461242  2.619367E-17
8246.2154816938  2.534910E-17
8246.76047877518  2.454206E-17
8247.30547585656  2.522740E-17
8247.85047293794  2.533604E-17
8248.39547001933  2.936930E-17
8248.94046710071  2.546347E-17
8249.48546418209  2.423576E-17
8250.03046126347  2.372334E-17
8250.57545834485  2.392704E-17
8251.12045542623  2.682539E-17
8251.66545250762  2.421791E-17
8252.210449589  2.262113E-17
8252.75544667038  2.313216E-17
8253.30044375176  2.048367E-17
8253.84544083314  2.319462E-17
8254.39043791452  2.359531E-17
8254.9354349959  2.350578E-17
8255.48043207729  2.363660E-17
8256.02542915867  2.306777E-17
8256.57042624005  1.991765E-17
8257.11542332143  2.567752E-17
8257.66042040281  2.358871E-17
8258.2054174842  2.595567E-17
8258.75041456558  2.646825E-17
8259.29541164696  2.797076E-17
8259.84040872834  3.012640E-17
8260.38540580972  2.658393E-17
8260.9304028911  2.436098E-17
8261.47539997248  2.564458E-17
8262.02039705387  2.679175E-17
8262.56539413525  2.249742E-17
8263.11039121663  2.389937E-17
8263.65538829801  2.342640E-17
8264.20038537939  2.115979E-17
8264.74538246077  2.533565E-17
8265.29037954215  2.576014E-17
8265.83537662354  2.784285E-17
8266.38037370492  2.433012E-17
8266.9253707863  2.502978E-17
8267.47036786768  2.611725E-17
8268.01536494906  2.434940E-17
8268.56036203045  2.637567E-17
8269.10535911182  2.566821E-17
8269.65035619321  2.386622E-17
8270.19535327459  2.406077E-17
8270.74035035597  2.375004E-17
8271.28534743735  2.088377E-17
8271.83034451873  2.077286E-17
8272.37534160011  2.194619E-17
8272.9203386815  2.225349E-17
8273.46533576288  2.478812E-17
8274.01033284426  2.257886E-17
8274.55532992564  2.046788E-17
8275.10032700702  2.477648E-17
8275.64532408841  2.725948E-17
8276.19032116979  2.461161E-17
8276.73531825117  2.364476E-17
8277.28031533255  2.501703E-17
8277.82531241393  2.548778E-17
8278.37030949531  2.387015E-17
8278.9153065767  2.252323E-17
8279.46030365808  2.487598E-17
8280.00530073946  2.275904E-17
8280.55029782084  2.146597E-17
8281.09529490222  2.138495E-17
8281.6402919836  2.033208E-17
8282.18528906499  2.126998E-17
8282.73028614636  2.560098E-17
8283.27528322775  2.377748E-17
8283.82028030913  2.413277E-17
8284.36527739051  2.400968E-17
8284.91027447189  2.239252E-17
8285.45527155327  2.189732E-17
8286.00026863466  2.289596E-17
8286.54526571604  2.486829E-17
8287.09026279742  2.462623E-17
8287.6352598788  2.227151E-17
8288.18025696018  2.390172E-17
8288.72525404156  2.557508E-17
8289.27025112294  2.348419E-17
8289.81524820433  2.070127E-17
8290.36024528571  2.282556E-17
8290.90524236709  2.554579E-17
8291.45023944847  2.512424E-17
8291.99523652985  2.353770E-17
8292.54023361123  2.347971E-17
8293.08523069262  2.414108E-17
8293.630227774  2.118780E-17
8294.17522485538  2.277463E-17
8294.72022193676  2.202533E-17
8295.26521901814  1.979132E-17
8295.81021609952  2.518944E-17
8296.35521318091  2.548149E-17
8296.90021026229  2.626745E-17
8297.44520734367  2.383999E-17
8297.99020442505  2.620178E-17
8298.53520150643  2.561225E-17
8299.08019858781  2.294293E-17
8299.62519566919  2.217647E-17
8300.17019275058  2.291411E-17
8300.71518983196  2.488328E-17
8301.26018691334  2.299272E-17
8301.80518399472  2.324957E-17
8302.3501810761  2.538913E-17
8302.89517815748  2.456102E-17
8303.44017523887  2.448495E-17
8303.98517232025  2.339627E-17
8304.53016940163  2.245134E-17
8305.07516648301  2.237925E-17
8305.62016356439  2.307492E-17
8306.16516064577  2.361422E-17
8306.71015772716  2.361044E-17
8307.25515480854  2.227275E-17
8307.80015188992  2.161451E-17
8308.3451489713  2.107088E-17
8308.89014605268  2.264240E-17
8309.43514313406  2.331339E-17
8309.98014021544  2.383469E-17
8310.52513729683  2.116274E-17
8311.07013437821  2.263738E-17
8311.61513145959  2.382715E-17
8312.16012854097  2.116110E-17
8312.70512562235  2.189271E-17
8313.25012270373  2.562930E-17
8313.79511978512  2.331621E-17
8314.3401168665  2.199398E-17
8314.88511394788  2.371233E-17
8315.43011102926  2.571731E-17
8315.97510811064  2.271042E-17
8316.52010519202  2.260722E-17
8317.06510227341  2.047496E-17
8317.61009935479  2.257531E-17
8318.15509643617  2.171568E-17
8318.70009351755  2.187710E-17
8319.24509059893  2.243881E-17
8319.79008768031  2.363309E-17
8320.33508476169  2.580783E-17
8320.88008184308  2.216661E-17
8321.42507892446  2.415223E-17
8321.97007600584  2.492261E-17
8322.51507308722  2.489598E-17
8323.0600701686  2.378808E-17
8323.60506724998  2.616616E-17
8324.15006433136  2.468327E-17
8324.69506141275  2.159712E-17
8325.24005849413  1.870491E-17
8325.78505557551  2.177600E-17
8326.33005265689  2.009019E-17
8326.87504973827  2.332954E-17
8327.42004681966  2.493443E-17
8327.96504390104  2.384095E-17
8328.51004098242  2.350996E-17
8329.0550380638  2.273245E-17
8329.60003514518  1.914290E-17
8330.14503222656  2.126644E-17
8330.69002930795  2.522966E-17
8331.23502638933  1.931840E-17
8331.78002347071  1.984535E-17
8332.32502055209  2.449136E-17
8332.87001763347  2.434056E-17
8333.41501471485  1.842500E-17
8333.96001179623  2.065884E-17
8334.50500887762  2.262279E-17
8335.050005959  2.506708E-17
8335.59500304038  2.291261E-17
8336.14000012176  2.390457E-17
8336.68499720314  2.145350E-17
8337.22999428452  2.354061E-17
8337.7749913659  2.224839E-17
8338.31998844729  2.421356E-17
8338.86498552867  1.830859E-17
8339.40998261005  2.193377E-17
8339.95497969143  2.390521E-17
8340.49997677281  2.526138E-17
8341.04497385419  2.436364E-17
8341.58997093558  2.527524E-17
8342.13496801696  2.655063E-17
8342.67996509834  2.273917E-17
8343.22496217972  2.460230E-17
8343.7699592611  2.568697E-17
8344.31495634248  2.327206E-17
8344.85995342387  2.732007E-17
8345.40495050525  2.317075E-17
8345.94994758663  2.372169E-17
8346.49494466801  2.515217E-17
8347.03994174939  2.200880E-17
8347.58493883077  2.085484E-17
8348.12993591216  2.539364E-17
8348.67493299354  2.230214E-17
8349.21993007492  2.515476E-17
8349.7649271563  2.609160E-17
8350.30992423768  2.232557E-17
8350.85492131906  2.447611E-17
8351.39991840044  2.587172E-17
8351.94491548183  2.313008E-17
8352.48991256321  2.126512E-17
8353.03490964459  1.973131E-17
8353.57990672597  2.459121E-17
8354.12490380735  2.564071E-17
8354.66990088873  2.393658E-17
8355.21489797012  2.263360E-17
8355.7598950515  2.196585E-17
8356.30489213288  2.217592E-17
8356.84988921426  2.303217E-17
8357.39488629564  2.465344E-17
8357.93988337702  2.416090E-17
8358.48488045841  2.271830E-17
8359.02987753979  2.266455E-17
8359.57487462117  2.680306E-17
8360.11987170255  2.095803E-17
8360.66486878393  2.259554E-17
8361.20986586531  2.446711E-17
8361.75486294669  2.455602E-17
8362.29986002808  2.349835E-17
8362.84485710946  2.720957E-17
8363.38985419084  2.402340E-17
8363.93485127222  2.089653E-17
8364.4798483536  2.094738E-17
8365.02484543498  2.330818E-17
8365.56984251637  2.258327E-17
8366.11483959775  2.267237E-17
8366.65983667913  2.150448E-17
8367.20483376051  2.489061E-17
8367.74983084189  2.456968E-17
8368.29482792327  2.168650E-17
8368.83982500466  2.151085E-17
8369.38482208604  2.298001E-17
8369.92981916742  2.162785E-17
8370.4748162488  2.286054E-17
8371.01981333018  2.280334E-17
8371.56481041156  2.284291E-17
8372.10980749295  2.206409E-17
8372.65480457433  2.148947E-17
8373.19980165571  2.272057E-17
8373.74479873709  1.984668E-17
8374.28979581847  1.668314E-17
8374.83479289985  1.910285E-17
8375.37978998124  1.926912E-17
8375.92478706262  2.288448E-17
8376.469784144  2.417537E-17
8377.01478122538  2.291244E-17
8377.55977830676  2.382552E-17
8378.10477538814  2.586853E-17
8378.64977246952  2.244829E-17
8379.1947695509  2.205313E-17
8379.73976663229  2.493234E-17
8380.28476371367  2.574892E-17
8380.82976079505  2.326528E-17
8381.37475787643  2.006131E-17
8381.91975495781  2.070626E-17
8382.46475203919  2.111834E-17
8383.00974912058  1.986761E-17
8383.55474620196  2.111003E-17
8384.09974328334  2.237520E-17
8384.64474036472  1.962523E-17
8385.1897374461  1.862140E-17
8385.73473452749  2.054524E-17
8386.27973160887  2.185721E-17
8386.82472869025  2.346680E-17
8387.36972577163  2.478893E-17
8387.91472285301  2.381268E-17
8388.45971993439  2.248083E-17
8389.00471701577  2.227509E-17
8389.54971409715  2.293070E-17
8390.09471117854  2.415453E-17
8390.63970825992  2.233482E-17
8391.1847053413  2.195775E-17
8391.72970242268  1.875925E-17
8392.27469950406  2.267123E-17
8392.81969658545  2.520836E-17
8393.36469366683  2.244504E-17
8393.90969074821  2.332573E-17
8394.45468782959  2.227766E-17
8394.99968491097  2.326579E-17
8395.54468199235  2.430872E-17
8396.08967907374  2.176899E-17
8396.63467615512  2.236728E-17
8397.1796732365  2.131326E-17
8397.72467031788  2.524905E-17
8398.26966739926  2.403559E-17
8398.81466448064  2.583599E-17
8399.35966156203  2.409208E-17
8399.9046586434  2.495332E-17
8400.44965572479  2.379300E-17
8400.99465280617  2.368829E-17
8401.53964988755  2.246176E-17
8402.08464696893  2.275453E-17
8402.62964405031  2.265147E-17
8403.1746411317  2.251444E-17
8403.71963821308  2.636208E-17
8404.26463529446  2.318554E-17
8404.80963237584  2.183043E-17
8405.35462945722  1.806391E-17
8405.8996265386  2.296225E-17
8406.44462361998  2.699513E-17
8406.98962070137  2.241825E-17
8407.53461778275  2.129001E-17
8408.07961486413  2.282906E-17
8408.62461194551  2.386797E-17
8409.16960902689  2.066612E-17
8409.71460610827  2.403047E-17
8410.25960318965  2.080003E-17
8410.80460027104  2.258890E-17
8411.34959735242  2.191298E-17
8411.8945944338  2.290845E-17
8412.43959151518  2.224370E-17
8412.98458859656  2.210019E-17
8413.52958567795  1.914127E-17
8414.07458275933  2.054317E-17
8414.61957984071  2.342050E-17
8415.16457692209  2.109301E-17
8415.70957400347  2.160954E-17
8416.25457108485  2.201826E-17
8416.79956816624  2.021355E-17
8417.34456524762  2.082328E-17
8417.889562329  2.204106E-17
8418.43455941038  2.315544E-17
8418.97955649176  2.262597E-17
8419.52455357314  2.440091E-17
8420.06955065452  2.286087E-17
8420.61454773591  2.142793E-17
8421.15954481729  2.253906E-17
8421.70454189867  2.510582E-17
8422.24953898005  2.383099E-17
8422.79453606143  2.201266E-17
8423.33953314281  2.418239E-17
8423.8845302242  2.470677E-17
8424.42952730558  2.106525E-17
8424.97452438696  2.098940E-17
8425.51952146834  2.404758E-17
8426.06451854972  2.133241E-17
8426.6095156311  1.737448E-17
8427.15451271248  2.146775E-17
8427.69950979386  1.930679E-17
8428.24450687525  2.148278E-17
8428.78950395663  2.330228E-17
8429.33450103801  2.382063E-17
8429.87949811939  2.147093E-17
8430.42449520077  1.834313E-17
8430.96949228215  2.106613E-17
8431.51448936354  1.981575E-17
8432.05948644492  2.146591E-17
8432.6044835263  2.430566E-17
8433.14948060768  2.122255E-17
8433.69447768906  2.562648E-17
8434.23947477045  2.404272E-17
8434.78447185183  2.162736E-17
8435.32946893321  2.318491E-17
8435.87446601459  2.351092E-17
8436.41946309597  2.275853E-17
8436.96446017735  1.926297E-17
8437.50945725874  2.015544E-17
8438.05445434012  2.056590E-17
8438.5994514215  2.079545E-17
8439.14444850288  2.248701E-17
8439.68944558426  1.958872E-17
8440.23444266564  2.160572E-17
8440.77943974702  1.907718E-17
8441.32443682841  2.342523E-17
8441.86943390979  2.271564E-17
8442.41443099117  2.074520E-17
8442.95942807255  2.062026E-17
8443.50442515393  2.235726E-17
8444.04942223531  2.058995E-17
8444.59441931669  2.568240E-17
8445.13941639808  2.615728E-17
8445.68441347946  2.398023E-17
8446.22941056084  2.575059E-17
8446.77440764222  2.527430E-17
8447.3194047236  2.435405E-17
8447.86440180499  2.372352E-17
8448.40939888637  2.205022E-17
8448.95439596775  2.076330E-17
8449.49939304913  2.089782E-17
8450.04439013051  2.215330E-17
8450.58938721189  2.417031E-17
8451.13438429327  2.201020E-17
8451.67938137466  2.043079E-17
8452.22437845604  2.204235E-17
8452.76937553742  1.986677E-17
8453.3143726188  2.000890E-17
8453.85936970018  2.132139E-17
8454.40436678156  2.220802E-17
8454.94936386295  1.903622E-17
8455.49436094433  2.321392E-17
8456.03935802571  2.628122E-17
8456.58435510709  2.005066E-17
8457.12935218847  1.946259E-17
8457.67434926985  2.204057E-17
8458.21934635123  2.077128E-17
8458.76434343262  1.723823E-17
8459.309340514  1.864031E-17
8459.85433759538  1.894353E-17
8460.39933467676  1.972858E-17
8460.94433175814  2.047172E-17
8461.48932883952  2.016238E-17
8462.03432592091  2.007658E-17
8462.57932300229  2.190870E-17
8463.12432008367  2.036162E-17
8463.66931716505  1.659036E-17
8464.21431424643  1.640731E-17
8464.75931132781  2.108079E-17
8465.3043084092  2.086749E-17
8465.84930549058  2.319433E-17
8466.39430257196  2.161304E-17
8466.93929965334  2.419439E-17
8467.48429673472  2.094361E-17
8468.02929381611  2.264252E-17
8468.57429089748  2.236387E-17
8469.11928797887  2.482549E-17
8469.66428506025  2.322505E-17
8470.20928214163  2.350859E-17
8470.75427922301  2.438540E-17
8471.29927630439  1.800496E-17
8471.84427338577  2.312215E-17
8472.38927046716  2.504948E-17
8472.93426754854  2.094396E-17
8473.47926462992  2.198102E-17
8474.0242617113  2.295371E-17
8474.56925879268  1.695636E-17
8475.11425587406  2.102568E-17
8475.65925295545  1.760805E-17
8476.20425003683  1.981048E-17
8476.74924711821  2.553278E-17
8477.29424419959  1.989856E-17
8477.83924128097  1.858422E-17
8478.38423836235  2.133583E-17
8478.92923544373  2.006681E-17
8479.47423252512  1.964522E-17
8480.0192296065  2.198031E-17
8480.56422668788  2.063596E-17
8481.10922376926  2.037156E-17
8481.65422085064  2.524439E-17
8482.19921793202  1.970884E-17
8482.74421501341  1.795338E-17
8483.28921209479  2.133856E-17
8483.83420917617  1.856912E-17
8484.37920625755  2.135155E-17
8484.92420333893  2.375617E-17
8485.46920042032  2.119828E-17
8486.0141975017  1.905395E-17
8486.55919458308  2.003002E-17
8487.10419166446  1.880819E-17
8487.64918874584  1.792390E-17
8488.19418582722  2.354530E-17
8488.7391829086  2.303579E-17
8489.28417998999  2.267317E-17
8489.82917707137  2.285739E-17
8490.37417415275  2.008272E-17
8490.91917123413  1.620588E-17
8491.46416831551  1.914252E-17
8492.00916539689  2.224620E-17
8492.55416247827  2.246161E-17
8493.09915955966  2.601243E-17
8493.64415664104  2.132322E-17
8494.18915372242  2.097365E-17
8494.7341508038  1.903842E-17
8495.27914788518  2.103278E-17
8495.82414496656  2.611630E-17
8496.36914204794  2.418786E-17
8496.91413912933  2.097176E-17
8497.45913621071  2.068675E-17
8498.00413329209  2.273840E-17
8498.54913037347  2.331072E-17
8499.09412745485  2.035748E-17
8499.63912453623  1.858243E-17
8500.18412161762  2.009689E-17
8500.729118699  2.287568E-17
8501.27411578038  1.923495E-17
8501.81911286176  1.668789E-17
8502.36410994314  1.704491E-17
8502.90910702453  1.663111E-17
8503.45410410591  1.723107E-17
8503.99910118729  1.657746E-17
8504.54409826867  1.750895E-17
8505.08909535005  1.529560E-17
8505.63409243143  2.141533E-17
8506.17908951281  1.699276E-17
8506.7240865942  1.920772E-17
8507.26908367558  1.767738E-17
8507.81408075696  1.921619E-17
8508.35907783834  1.814227E-17
8508.90407491972  2.125980E-17
8509.4490720011  1.770137E-17
8509.99406908248  1.852019E-17
8510.53906616387  2.056013E-17
8511.08406324525  1.843931E-17
8511.62906032663  2.231551E-17
8512.17405740801  2.293615E-17
8512.71905448939  1.989438E-17
8513.26405157077  2.157234E-17
8513.80904865216  1.782495E-17
8514.35404573354  1.635785E-17
8514.89904281492  2.026876E-17
8515.4440398963  2.167565E-17
8515.98903697768  2.201870E-17
8516.53403405906  2.252529E-17
8517.07903114044  2.047378E-17
8517.62402822183  1.707254E-17
8518.16902530321  1.998904E-17
8518.71402238459  1.901288E-17
8519.25901946597  1.687757E-17
8519.80401654735  1.903460E-17
8520.34901362874  2.240271E-17
8520.89401071012  2.159921E-17
8521.4390077915  2.155465E-17
8521.98400487288  2.234767E-17
8522.52900195426  1.906487E-17
8523.07399903564  2.480056E-17
8523.61899611702  2.296692E-17
8524.16399319841  2.251510E-17
8524.70899027979  2.611997E-17
8525.25398736117  2.214111E-17
8525.79898444255  2.221473E-17
8526.34398152393  2.088899E-17
8526.88897860531  1.804667E-17
8527.4339756867  1.814116E-17
8527.97897276808  2.018824E-17
8528.52396984946  2.344378E-17
8529.06896693084  2.441669E-17
8529.61396401222  2.228273E-17
8530.1589610936  2.271567E-17
8530.70395817499  2.252680E-17
8531.24895525637  2.008425E-17
8531.79395233775  2.223991E-17
8532.33894941913  2.039863E-17
8532.88394650051  1.875161E-17
8533.42894358189  1.779049E-17
8533.97394066328  2.235054E-17
8534.51893774465  2.169258E-17
8535.06393482604  2.088809E-17
8535.60893190742  2.347668E-17
8536.1539289888  2.214828E-17
8536.69892607018  1.808640E-17
8537.24392315156  1.788960E-17
8537.78892023295  1.907624E-17
8538.33391731433  2.176999E-17
8538.87891439571  2.259400E-17
8539.42391147709  2.179235E-17
8539.96890855847  1.762346E-17
8540.51390563985  1.605396E-17
8541.05890272124  1.853875E-17
8541.60389980262  1.598042E-17
8542.148896884  1.682055E-17
8542.69389396538  1.833329E-17
8543.23889104676  1.491930E-17
8543.78388812814  1.539320E-17
8544.32888520953  1.435310E-17
8544.87388229091  1.462894E-17
8545.41887937229  1.338872E-17
8545.96387645367  1.502168E-17
8546.50887353505  1.147716E-17
8547.05387061643  9.329977E-18
8547.59886769781  1.176230E-17
8548.1438647792  1.277693E-17
8548.68886186058  1.434674E-17
8549.23385894196  1.590771E-17
8549.77885602334  1.560205E-17
8550.32385310472  1.549295E-17
8550.8688501861  2.304613E-17
8551.41384726748  2.169368E-17
8551.95884434887  1.895791E-17
8552.50384143025  1.924286E-17
8553.04883851163  1.834475E-17
8553.59383559301  1.641087E-17
8554.13883267439  2.025449E-17
8554.68382975577  1.863908E-17
8555.22882683716  1.720304E-17
8555.77382391854  2.217538E-17
8556.31882099992  2.118547E-17
8556.8638180813  1.488640E-17
8557.40881516268  2.150382E-17
8557.95381224407  1.951971E-17
8558.49880932545  1.987128E-17
8559.04380640683  1.942141E-17
8559.58880348821  1.836059E-17
8560.13380056959  2.158750E-17
8560.67879765097  2.158727E-17
8561.22379473235  1.796299E-17
8561.76879181374  1.641109E-17
8562.31378889512  1.756264E-17
8562.8587859765  2.056893E-17
8563.40378305788  1.953227E-17
8563.94878013926  1.965449E-17
8564.49377722064  1.759417E-17
8565.03877430202  2.025263E-17
8565.58377138341  2.338259E-17
8566.12876846479  1.949380E-17
8566.67376554617  1.963522E-17
8567.21876262755  2.160804E-17
8567.76375970893  1.689145E-17
8568.30875679031  1.927485E-17
8568.8537538717  1.916404E-17
8569.39875095308  2.006716E-17
8569.94374803446  1.948154E-17
8570.48874511584  2.016726E-17
8571.03374219722  2.420187E-17
8571.5787392786  2.452143E-17
8572.12373635998  2.073338E-17
8572.66873344137  2.234177E-17
8573.21373052275  2.446202E-17
8573.75872760413  2.219494E-17
8574.30372468551  1.927805E-17
8574.84872176689  1.717513E-17
8575.39371884828  1.911904E-17
8575.93871592966  1.812712E-17
8576.48371301104  1.914533E-17
8577.02871009242  1.929633E-17
8577.5737071738  2.306522E-17
8578.11870425518  2.196593E-17
8578.66370133656  1.947539E-17
8579.20869841795  2.237055E-17
8579.75369549933  2.107566E-17
8580.29869258071  2.306504E-17
8580.84368966209  1.854654E-17
8581.38868674347  1.944806E-17
8581.93368382485  1.958488E-17
8582.47868090624  2.171210E-17
8583.02367798762  1.918569E-17
8583.568675069  2.037698E-17
8584.11367215038  2.192272E-17
8584.65866923176  1.944158E-17
8585.20366631314  2.132451E-17
8585.74866339452  2.098864E-17
8586.29366047591  2.370864E-17
8586.83865755729  2.045204E-17
8587.38365463867  2.002256E-17
8587.92865172005  2.042027E-17
8588.47364880143  2.077463E-17
8589.01864588281  2.095986E-17
8589.5636429642  1.762085E-17
8590.10864004558  1.841815E-17
8590.65363712696  1.814336E-17
8591.19863420834  1.809002E-17
8591.74363128972  1.924046E-17
8592.2886283711  1.948736E-17
8592.83362545249  2.391256E-17
8593.37862253387  2.027735E-17
8593.92361961525  2.115524E-17
8594.46861669663  2.202973E-17
8595.01361377801  1.889572E-17
8595.55861085939  1.948080E-17
8596.10360794077  1.984152E-17
8596.64860502216  1.985331E-17
8597.19360210354  2.338251E-17
8597.73859918492  2.034938E-17
8598.2835962663  1.898143E-17
8598.82859334768  1.778856E-17
8599.37359042906  1.996712E-17
8599.91858751044  2.076137E-17
8600.46358459183  2.206158E-17
8601.00858167321  2.096477E-17
8601.55357875459  2.283038E-17
8602.09857583597  1.995284E-17
8602.64357291735  1.627705E-17
8603.18856999873  2.296790E-17
8603.73356708012  1.730542E-17
8604.2785641615  2.247283E-17
8604.82356124288  2.201281E-17
8605.36855832426  2.138122E-17
8605.91355540564  2.002797E-17
8606.45855248702  1.854580E-17
8607.00354956841  2.104505E-17
8607.54854664979  2.131753E-17
8608.09354373117  2.090886E-17
8608.63854081255  2.467467E-17
8609.18353789393  2.224055E-17
8609.72853497531  1.926476E-17
8610.2735320567  2.302893E-17
8610.81852913808  2.383602E-17
8611.36352621946  2.197292E-17
8611.90852330084  1.823678E-17
8612.45352038222  1.948880E-17
8612.99851746361  1.662455E-17
8613.54351454498  1.730034E-17
8614.08851162637  2.073772E-17
8614.63350870775  1.834691E-17
8615.17850578913  2.035344E-17
8615.72350287051  1.934312E-17
8616.26849995189  1.841578E-17
8616.81349703327  1.869523E-17
8617.35849411466  1.867604E-17
8617.90349119604  2.135374E-17
8618.44848827742  2.022863E-17
8618.9934853588  1.848403E-17
8619.53848244018  1.753728E-17
8620.08347952156  2.260717E-17
8620.62847660295  2.046152E-17
8621.17347368433  1.965373E-17
8621.71847076571  1.769451E-17
8622.26346784709  2.010019E-17
8622.80846492847  1.963012E-17
8623.35346200985  2.047228E-17
8623.89845909124  1.899604E-17
8624.44345617262  1.833398E-17
8624.988453254  1.741645E-17
8625.53345033538  2.102467E-17
8626.07844741676  2.275381E-17
8626.62344449814  2.149597E-17
8627.16844157952  2.015119E-17
8627.71343866091  2.335562E-17
8628.25843574229  2.397465E-17
8628.80343282367  2.307711E-17
8629.34842990505  1.696622E-17
8629.89342698643  2.124517E-17
8630.43842406781  2.395948E-17
8630.9834211492  1.966249E-17
8631.52841823058  2.079703E-17
8632.07341531196  2.136511E-17
8632.61841239334  2.039893E-17
8633.16340947472  2.337118E-17
8633.7084065561  2.411514E-17
8634.25340363749  1.980308E-17
8634.79840071887  2.141558E-17
8635.34339780025  1.867460E-17
8635.88839488163  1.732031E-17
8636.43339196301  1.947787E-17
8636.97838904439  1.995669E-17
8637.52338612578  2.220468E-17
8638.06838320716  2.206930E-17
8638.61338028854  2.315377E-17
8639.15837736992  2.057584E-17
8639.7033744513  2.169109E-17
8640.24837153268  2.043997E-17
8640.79336861406  1.903365E-17
8641.33836569545  1.836087E-17
8641.88336277683  1.804530E-17
8642.42835985821  1.916371E-17
8642.97335693959  1.772605E-17
8643.51835402097  1.976182E-17
8644.06335110235  1.902456E-17
8644.60834818373  2.105836E-17
8645.15334526512  2.007795E-17
8645.6983423465  1.925137E-17
8646.24333942788  2.455458E-17
8646.78833650926  1.915003E-17
8647.33333359064  2.313596E-17
8647.87833067203  2.069341E-17
8648.42332775341  2.169247E-17
8648.96832483479  2.411987E-17
8649.51332191617  2.022525E-17
8650.05831899755  2.078402E-17
8650.60331607893  2.071077E-17
8651.14831316031  2.040484E-17
8651.6933102417  1.875203E-17
8652.23830732308  2.051492E-17
8652.78330440446  2.028504E-17
8653.32830148584  1.770457E-17
8653.87329856722  1.887478E-17
8654.4182956486  1.851828E-17
8654.96329272998  2.122032E-17
8655.50828981137  2.329035E-17
8656.05328689275  2.178746E-17
8656.59828397413  1.952576E-17
8657.14328105551  2.102522E-17
8657.68827813689  2.296675E-17
8658.23327521827  2.157811E-17
8658.77827229966  2.124750E-17
8659.32326938104  2.217399E-17
8659.86826646242  2.252149E-17
8660.4132635438  2.379293E-17
8660.95826062518  2.274707E-17
8661.50325770657  2.076455E-17
8662.04825478794  1.771864E-17
8662.59325186933  1.858561E-17
8663.13824895071  2.009693E-17
8663.68324603209  2.049808E-17
8664.22824311347  2.147343E-17
8664.77324019485  1.451351E-17
8665.31823727624  1.472176E-17
8665.86323435762  1.266163E-17
8666.408231439  1.222915E-17
8666.95322852038  1.359152E-17
8667.49822560176  1.376670E-17
8668.04322268314  1.176817E-17
8668.58821976452  1.236903E-17
8669.13321684591  1.352931E-17
8669.67821392729  1.394691E-17
8670.22321100867  1.637266E-17
8670.76820809005  1.635084E-17
8671.31320517143  1.682657E-17
8671.85820225281  1.852526E-17
8672.4031993342  1.867432E-17
8672.94819641558  1.965342E-17
8673.49319349696  2.001461E-17
8674.03819057834  2.171375E-17
8674.58318765972  1.909727E-17
8675.1281847411  1.889162E-17
8675.67318182249  2.039065E-17
8676.21817890387  1.629398E-17
8676.76317598525  1.648226E-17
8677.30817306663  2.181368E-17
8677.85317014801  1.957553E-17
8678.39816722939  1.826795E-17
8678.94316431078  1.930584E-17
8679.48816139216  2.046910E-17
8680.03315847354  1.983898E-17
8680.57815555492  2.200254E-17
8681.1231526363  2.080179E-17
8681.66814971768  2.129500E-17
8682.21314679906  2.332805E-17
8682.75814388045  2.150013E-17
8683.30314096183  1.970306E-17
8683.84813804321  1.940897E-17
8684.39313512459  2.168377E-17
8684.93813220597  1.981648E-17
8685.48312928735  2.185119E-17
8686.02812636874  2.174676E-17
8686.57312345012  1.999147E-17
8687.1181205315  2.023882E-17
8687.66311761288  1.972922E-17
8688.20811469426  1.926725E-17
8688.75311177564  1.795438E-17
8689.29810885703  2.253037E-17
8689.8431059384  2.114638E-17
8690.38810301979  1.979359E-17
8690.93310010117  2.620138E-17
8691.47809718255  2.131613E-17
8692.02309426393  1.867203E-17
8692.56809134531  1.838859E-17
8693.1130884267  1.823399E-17
8693.65808550808  1.886908E-17
8694.20308258946  1.577358E-17
8694.74807967084  2.114009E-17
8695.29307675222  2.404084E-17
8695.8380738336  2.032169E-17
8696.38307091499  1.927563E-17
8696.92806799637  2.158446E-17
8697.47306507775  2.010375E-17
8698.01806215913  1.744941E-17
8698.56305924051  1.898172E-17
8699.10805632189  2.137422E-17
8699.65305340328  1.941832E-17
8700.19805048466  1.777733E-17
8700.74304756604  2.001144E-17
8701.28804464742  1.789836E-17
8701.8330417288  1.516232E-17
8702.37803881018  1.959430E-17
8702.92303589157  2.181278E-17
8703.46803297295  1.839085E-17
8704.01303005433  1.970014E-17
8704.55802713571  1.936252E-17
8705.10302421709  2.011636E-17
8705.64802129847  1.972074E-17
8706.19301837985  1.728195E-17
8706.73801546124  2.064073E-17
8707.28301254262  1.958454E-17
8707.828009624  1.782800E-17
8708.37300670538  1.695512E-17
8708.91800378676  1.862301E-17
8709.46300086814  2.053225E-17
8710.00799794952  1.821455E-17
8710.55299503091  1.787861E-17
8711.09799211229  1.630817E-17
8711.64298919367  1.729121E-17
8712.18798627505  1.908266E-17
8712.73298335643  1.833767E-17
8713.27798043781  1.788414E-17
8713.8229775192  1.712205E-17
8714.36797460058  1.808143E-17
8714.91297168196  2.007714E-17
8715.45796876334  1.920020E-17
8716.00296584472  1.828753E-17
8716.5479629261  2.081842E-17
8717.09296000749  1.712174E-17
8717.63795708887  2.165605E-17
8718.18295417025  2.180887E-17
8718.72795125163  2.123785E-17
8719.27294833301  1.869615E-17
8719.8179454144  1.951224E-17
8720.36294249577  1.821842E-17
8720.90793957716  1.734408E-17
8721.45293665854  2.171635E-17
8721.99793373992  2.351713E-17
8722.5429308213  1.721198E-17
8723.08792790268  1.742567E-17
8723.63292498406  2.275830E-17
8724.17792206545  2.130526E-17
8724.72291914683  2.019939E-17
8725.26791622821  2.079561E-17
8725.81291330959  2.207014E-17
8726.35791039097  2.204658E-17
8726.90290747235  2.305695E-17
8727.44790455374  1.900668E-17
8727.99290163512  2.272008E-17
8728.5378987165  2.496293E-17
8729.08289579788  1.750895E-17
8729.62789287926  1.612772E-17
8730.17288996064  2.098739E-17
8730.71788704202  1.913894E-17
8731.26288412341  2.009936E-17
8731.80788120479  1.929160E-17
8732.35287828617  2.161582E-17
8732.89787536755  2.322201E-17
8733.44287244893  2.439847E-17
8733.98786953031  1.849762E-17
8734.5328666117  2.230061E-17
8735.07786369308  2.158531E-17
8735.62286077446  1.944253E-17
8736.16785785584  2.018519E-17
8736.71285493722  1.790966E-17
8737.2578520186  1.869867E-17
8737.80284909999  2.191140E-17
8738.34784618137  2.194578E-17
8738.89284326275  1.984955E-17
8739.43784034413  1.858311E-17
8739.98283742551  1.659255E-17
8740.52783450689  2.085401E-17
8741.07283158827  2.348153E-17
8741.61782866966  2.100573E-17
8742.16282575104  1.906757E-17
8742.70782283242  1.949094E-17
8743.2528199138  2.500932E-17
8743.79781699518  2.049368E-17
8744.34281407656  2.312613E-17
8744.88781115794  2.514131E-17
8745.43280823933  2.354130E-17
