34.398724	 226.914900	 0.343800
14.521522	 221.784800	 0.319300
22.415695	 235.234100	 0.521000
22.969981	 242.473900	 0.377000
26.152282	 223.683700	 0.498000
22.845634	 228.357100	 0.515000
12.720588	 226.900300	 0.370000
14.029526	 228.770100	 0.523000
15.670833	 230.876600	 0.487000
16.187038	 217.376400	 0.430000
24.360264	 234.414200	 0.453000
15.154261	 227.029600	 0.566000
13.046510	 232.294200	 0.498000
9.480778	 221.333800	 0.470000
12.408996	 234.723300	 0.441000
17.796270	 244.506000	 0.422000
18.492552	 226.137800	 0.363500
17.405329	 238.686000	 0.518000
17.695733	 227.228700	 0.309600
15.132054	 230.567900	 0.548000
14.734183	 232.457200	 0.412000
25.204129	 229.699600	 0.302600
16.364391	 225.653800	 0.547000
23.527413	 217.978400	 0.414000
19.470686	 238.912300	 0.442000
15.343107	 224.372100	 0.444000
16.629772	 250.818200	 0.291300
13.094666	 240.112700	 0.509000
23.425718	 235.053600	 0.332900
15.632471	 246.768900	 0.503000
19.619094	 234.646000	 0.398500
15.408948	 234.590200	 0.620000
17.507214	 227.638900	 0.577000
11.599608	 241.569100	 0.532000
17.251395	 236.065000	 0.409400
18.754486	 239.178400	 0.247700
19.197613	 251.281100	 0.491000
20.389943	 208.917900	 0.316400
14.808932	 239.677200	 0.491000
25.032868	 235.610200	 0.587000
30.379450	 232.716500	 0.505000
22.793496	 234.678800	 0.571000
18.782698	 259.527400	 0.563000
14.416535	 229.530600	 0.298300
24.842181	 231.126700	 0.424000
18.155246	 231.886300	 0.531000
17.599466	 229.777400	 0.340100
20.346452	 226.203600	 0.455000
26.310700	 228.874400	 0.611000
24.657331	 220.827700	 0.604000
11.768154	 235.467200	 0.404000
18.780708	 230.911700	 0.374000
26.835779	 218.157800	 0.452000
11.466019	 247.998800	 0.557000
13.754834	 230.737500	 0.618000
21.523749	 226.572200	 0.469500
10.870299	 247.172100	 0.418000
11.281663	 220.815000	 0.575000
16.261392	 235.280500	 0.708000
40.563987	 237.404700	 0.497400
37.740124	 226.066300	 0.521000
26.649246	 239.759100	 0.304100
12.152553	 231.949800	 0.448000
16.486286	 236.711200	 0.488000
25.500151	 239.495200	 0.371900
14.418294	 233.925000	 0.536000
15.519050	 221.887100	 0.382900
17.106998	 232.558900	 0.428000
20.929277	 235.757600	 0.463800
26.557257	 236.398200	 0.709000
18.909846	 235.297900	 0.730000
25.878293	 238.903000	 0.497900
32.054042	 235.758200	 0.427800
16.070228	 232.369300	 0.500000
24.999659	 226.515000	 0.514000
23.335594	 238.045500	 0.392000
23.753074	 231.185300	 0.518500
14.725876	 252.145000	 0.459000
19.423489	 239.578100	 0.505000
19.287124	 237.516900	 0.654000
21.952560	 231.041900	 0.583000
21.134932	 233.515200	 0.361000
31.356599	 233.057800	 0.331300
23.009919	 241.496200	 0.372900
16.583266	 248.670200	 0.525000
33.227641	 238.040000	 0.441000
18.117641	 238.454800	 0.537000
10.276675	 240.573300	 0.540000
17.361291	 237.799900	 0.436000
19.440785	 229.244800	 0.789000
35.264437	 237.515000	 0.778000
20.605056	 245.002300	 0.424000
16.982372	 242.988000	 0.335000
20.279317	 225.825700	 0.640000
23.713694	 250.589200	 0.650000
24.142155	 234.356100	 0.568000
19.168914	 243.190100	 0.445500
21.502757	 235.476600	 0.501000
32.320489	 228.182800	 1.008000
9.755786	 229.466900	 0.546000
12.494391	 208.871700	 0.802000
18.829924	 246.721400	 0.539000
12.853615	 250.944900	 0.762000
21.183616	 231.181500	 0.474000
19.642426	 238.339300	 0.792000
19.709098	 239.203700	 0.410400
18.105558	 227.007200	 0.377000
17.813819	 238.239000	 0.407000
16.803068	 252.890500	 0.322900
22.888372	 237.748000	 0.614000
24.434463	 228.016400	 0.620000
20.698935	 227.793600	 0.394100
11.487378	 227.404400	 0.602000
19.104145	 231.836900	 0.734000
14.684044	 250.652900	 0.398000
18.607103	 232.049700	 0.721000
12.660847	 227.334100	 0.550000
17.851056	 236.608000	 0.479000
25.673100	 239.160200	 0.458000
14.844245	 253.119300	 0.413000
11.227847	 231.949800	 1.134000
37.837768	 227.129700	 0.409000
17.291504	 224.025100	 0.655000
24.246601	 223.133400	 0.371300
23.192290	 217.812300	 0.416300
17.329219	 232.689100	 0.457000
11.660845	 222.295800	 0.486000
18.729941	 226.642500	 0.504000
15.884053	 243.442100	 0.426000
10.663150	 225.321400	 0.401000
18.605228	 233.619400	 0.676000
26.282683	 219.514200	 0.431000
31.833593	 238.329900	 0.434000
21.969161	 247.341100	 0.694000
35.548588	 235.091300	 0.653000
12.714030	 226.127000	 0.553000
18.725236	 219.495300	 0.587000
19.862309	 251.146300	 0.583000
31.629633	 230.819000	 0.707000
19.338578	 227.011600	 2.901000
23.391891	 230.513600	 0.431000
15.212653	 221.239600	 0.527000
16.058932	 230.612900	 0.508000
15.610080	 255.631300	 0.708000
13.680137	 229.805500	 0.595000
20.347086	 225.394700	 0.373900
14.972534	 241.578700	 0.923000
20.913189	 231.405800	 0.358900
14.090850	 233.806900	 0.524000
21.480698	 223.674800	 0.480500
19.833367	 240.200200	 0.869000
21.324057	 241.802100	 0.671000
24.635895	 226.327600	 0.752000
13.413364	 241.517400	 0.711000
14.458898	 220.315800	 0.521000
16.621636	 229.216800	 0.633000
14.878639	 244.534600	 0.688000
25.530523	 241.353600	 0.625000
18.264014	 237.445700	 0.456000
18.881179	 236.310400	 0.533000
17.469229	 233.312100	 0.666000
32.773534	 240.938900	 0.717000
22.960913	 232.321800	 0.332100
17.505187	 246.170000	 0.659000
13.546206	 226.246900	 0.675000
20.247582	 237.479800	 0.873000
19.695170	 230.565500	 0.450300
32.666321	 238.047500	 0.618000
24.884507	 228.948700	 0.924000
17.393339	 232.541000	 0.679000
18.503766	 231.529100	 0.811000
24.383138	 231.996300	 0.852000
17.802093	 236.406300	 0.392700
24.055836	 237.296000	 1.030000
19.363071	 227.539400	 0.754000
24.798137	 220.323600	 0.618000
23.438796	 220.452100	 0.537000
13.456899	 229.548400	 0.632000
18.244101	 244.727100	 0.575000
25.309202	 227.972900	 0.837000
17.882793	 226.078800	 0.498700
18.301253	 233.913900	 0.857000
17.004892	 239.896500	 0.643000
19.538158	 231.405300	 0.646000
19.361831	 230.459500	 0.422400
33.291598	 229.841100	 0.511100
18.011902	 242.877100	 0.681000
17.404494	 244.975200	 0.654000
23.128091	 230.574800	 0.600000
29.463059	 239.061100	 0.521100
22.878048	 236.986100	 0.841000
24.358687	 245.319600	 0.665000
29.348123	 229.306000	 0.471600
24.558111	 223.511200	 0.759000
19.961612	 238.372200	 0.822000
29.466729	 231.780600	 0.628000
40.628352	 242.078600	 0.500000
28.096281	 242.851000	 0.713000
27.223387	 236.955300	 0.709000
19.122253	 244.117400	 0.469500
21.884161	 241.058500	 0.545000
18.424482	 228.873500	 0.576000
18.140475	 230.009200	 0.426000
16.120670	 238.950000	 0.440900
20.718191	 228.088500	 0.674000
17.028151	 246.931300	 0.623000
15.517144	 233.379000	 0.618000
20.287591	 230.329900	 0.613000
18.071749	 230.359400	 0.526000
20.481076	 221.783400	 0.597000
18.554491	 239.060300	 0.444000
17.781249	 232.604200	 0.791000
16.986998	 243.394400	 0.373000
26.397104	 241.842200	 0.748000
34.078785	 241.106700	 0.925000
34.276341	 234.295000	 0.841000
34.563481	 223.733900	 0.856000
15.545142	 228.048200	 1.144000
17.309049	 229.788100	 0.427000
16.103094	 243.332000	 0.738000
25.607784	 224.356100	 0.453000
20.575681	 228.409300	 0.572000
23.740368	 244.324000	 1.123000
16.006088	 238.625300	 1.117000
23.613951	 233.470800	 1.337000
36.479966	 220.924000	 0.671000
28.256680	 231.709900	 0.997000
29.467017	 227.153900	 0.473000
26.846269	 242.930300	 0.333400
22.440590	 242.356700	 0.369300
23.865934	 239.520800	 0.441000
22.019300	 231.425400	 0.382900
23.419584	 235.445300	 0.729000
23.855327	 233.984700	 0.431000
25.435955	 245.799700	 0.425000
82.285667	 282.886600	 0.362300
26.790591	 241.530500	 0.376200
31.071157	 240.179900	 0.375500
28.948355	 233.883900	 0.512000
31.337299	 223.202600	 0.404300
31.399991	 236.558200	 0.400300
27.231210	 238.847100	 0.294000
29.569719	 243.881600	 0.485000
23.289891	 234.415400	 0.580000
25.380334	 219.774700	 0.559000
38.562330	 239.423300	 0.339000
32.106468	 227.984500	 0.470200
101.294682	 210.132700	 0.466000
45.108368	 228.342900	 0.352100
55.564369	 238.217000	 0.351300
29.271826	 223.068500	 0.374000
37.220946	 245.960000	 0.466000
23.141419	 247.007000	 0.320000
34.551482	 221.461500	 0.557000
25.274407	 228.589300	 0.507100
29.036508	 241.178000	 0.243600
23.863373	 233.070600	 0.726000
28.325307	 226.738800	 0.399900
28.847105	 234.278400	 0.445000
44.855032	 221.713100	 0.255700
21.589389	 225.618100	 0.519700
25.729728	 241.375400	 0.321400
32.060141	 233.173200	 0.574000
23.152324	 225.162100	 0.441000
25.819485	 224.409500	 0.562000
22.654887	 231.042500	 0.417000
28.346810	 244.824000	 0.624000
29.712615	 230.508500	 0.577000
23.180790	 227.427600	 0.784000
69.907380	 263.992700	 0.631000
26.112373	 232.394100	 0.606000
24.291470	 223.275700	 0.605000
39.929220	 232.869600	 0.640000
36.689973	 232.851100	 0.582000
26.899846	 231.640800	 0.444800
27.327835	 241.646300	 0.525000
27.809551	 236.167800	 0.494000
30.959840	 238.616400	 0.274300
42.542487	 238.041100	 0.697000
35.700815	 231.340100	 0.686000
33.714240	 221.825400	 0.467000
26.999140	 228.519900	 0.669000
36.538761	 234.098000	 0.420400
27.951927	 228.507800	 0.275600
44.973898	 239.782100	 0.667000
23.070925	 222.601600	 0.595000
62.285202	 197.405600	 0.366000
26.465662	 242.777000	 0.586000
40.816428	 283.910300	 0.424000
38.856062	 229.574900	 0.666000
25.027855	 232.451900	 0.525000
26.490626	 243.791600	 0.636000
33.618367	 235.233700	 0.350000
34.973922	 237.328000	 0.438800
29.812837	 233.945000	 0.490000
22.660786	 232.928500	 0.758000
23.726618	 239.033500	 0.427000
24.945525	 250.927400	 0.318400
26.922682	 230.939100	 0.451800
31.532633	 227.455000	 0.693000
25.497866	 234.882300	 0.736100
28.972493	 227.219200	 0.838000
26.776939	 218.811400	 0.446700
39.803094	 246.115100	 0.497500
72.422653	 240.803200	 0.289000
32.999666	 234.665800	 0.811000
30.802937	 229.077100	 0.535000
20.654209	 229.227800	 0.573000
31.128093	 224.376300	 0.488000
42.658444	 238.369400	 0.603300
33.038759	 226.465600	 0.707000
41.345102	 221.880600	 0.913000
88.422338	 285.250000	 0.566000
27.189494	 221.867500	 0.786000
23.776871	 244.360800	 0.540000
33.727188	 228.241000	 0.847000
24.522230	 245.277400	 0.993000
26.974138	 233.852900	 0.969000
20.391932	 208.000000	 1.200000
19.712261	 242.200000	 3.300000
20.436371	 219.600000	 5.900000
21.503775	 235.200000	 2.000000
23.194830	 217.200000	 1.800000
22.963450	 228.900000	 6.600000
22.739861	 231.700000	 2.900000
17.659401	 218.600000	 1.700000
18.141446	 226.800000	 7.800000
20.000827	 224.100000	 1.300000
18.784097	 228.800000	 2.100000
18.266908	 236.600000	 2.600000
20.903995	 229.500000	 3.100000
19.440974	 230.200000	 3.000000
16.630593	 250.200000	 1.200000
19.442406	 221.300000	 8.200000
28.586539	 223.500000	 3.100000
22.559935	 248.300000	 2.100000
21.579931	 232.800000	 2.300000
18.532843	 213.000000	 2.700000
21.325816	 228.800000	 4.400000
40.632632	 240.700000	 0.100000
25.002285	 225.700000	 1.500000
20.719944	 227.700000	 0.200000
18.071994	 228.500000	 2.300000
16.122878	 238.200000	 1.600000
15.885841	 241.200000	 1.500000
16.621824	 228.100000	 3.900000
16.896579	 219.500000	 2.100000
17.750274	 204.400000	 6.100000
15.519239	 220.500000	 1.300000
35.266237	 237.400000	 1.700000
30.882226	 227.200000	 1.400000
26.285839	 218.200000	 2.300000
22.415816	 232.300000	 0.900000
21.108058	 221.600000	 3.000000
14.939091	 216.900000	 2.900000
16.413436	 226.200000	 2.200000
16.987823	 240.400000	 3.000000
16.250713	 237.200000	 1.300000
14.891927	 229.000000	 2.200000
14.415939	 229.400000	 0.900000
14.522213	 221.800000	 0.900000
24.844184	 228.100000	 2.100000
23.593967	 233.000000	 2.500000
14.213263	 227.100000	 3.900000
14.239936	 235.000000	 1.400000
14.091694	 222.300000	 5.900000
23.430621	 226.700000	 2.000000
25.438136	 227.900000	 1.300000
20.348836	 224.200000	 1.700000
19.361817	 230.200000	 2.100000
13.458098	 224.600000	 4.800000
14.130963	 227.900000	 3.500000
34.565822	 222.300000	 2.200000
23.537201	 224.500000	 2.700000
19.123515	 244.000000	 3.300000
18.424069	 230.100000	 3.800000
13.684712	 233.800000	 2.900000
13.227090	 224.900000	 1.900000
15.212860	 218.600000	 1.800000
16.317068	 237.400000	 2.600000
18.341607	 237.100000	 2.500000
18.882430	 235.800000	 2.400000
19.538111	 224.600000	 5.100000
20.481761	 218.100000	 4.000000
21.482860	 223.100000	 2.100000
12.493726	 211.800000	 3.900000
12.718701	 227.500000	 1.800000
13.045194	 227.800000	 0.900000
14.733886	 231.500000	 1.100000
14.547835	 228.800000	 2.000000
21.848090	 236.000000	 2.100000
18.492945	 225.000000	 2.000000
14.029229	 226.600000	 2.100000
12.712275	 221.500000	 2.500000
12.469521	 235.300000	 3.300000
12.222855	 227.600000	 1.600000
14.561732	 210.100000	 3.200000
22.129972	 231.800000	 5.800000
17.696580	 226.500000	 0.300000
16.364814	 224.000000	 0.100000
16.504678	 247.200000	 4.600000
12.854153	 250.300000	 2.300000
12.783668	 235.000000	 1.800000
12.698356	 236.300000	 4.400000
12.403456	 221.200000	 1.900000
11.650664	 237.700000	 1.000000
13.712870	 225.100000	 4.000000
14.922556	 224.600000	 4.800000
15.306103	 226.900000	 8.400000
16.260981	 235.900000	 1.500000
16.534970	 228.500000	 2.100000
17.252188	 233.800000	 1.400000
16.184392	 215.100000	 0.300000
15.833311	 238.400000	 0.100000
14.957513	 231.700000	 2.400000
14.521877	 224.800000	 2.000000
11.484775	 225.200000	 2.100000
11.205587	 227.700000	 1.800000
11.767029	 234.300000	 1.100000
11.636730	 219.000000	 5.600000
12.560061	 223.000000	 4.900000
13.094666	 238.400000	 1.500000
14.818664	 236.900000	 7.400000
15.299008	 220.400000	 3.000000
17.654152	 239.800000	 2.500000
17.947375	 228.100000	 3.300000
19.341536	 231.000000	 1.600000
20.279988	 221.600000	 2.200000
17.914109	 226.900000	 0.200000
15.115024	 225.600000	 2.500000
13.753621	 230.500000	 1.300000
12.121152	 225.300000	 3.100000
11.490200	 234.000000	 2.200000
10.628694	 220.300000	 3.900000
10.732416	 231.100000	 3.100000
10.685535	 217.100000	 7.400000
11.790500	 230.600000	 5.000000
13.680502	 228.500000	 2.000000
16.153800	 237.600000	 6.400000
16.085729	 238.300000	 2.800000
17.622348	 229.000000	 1.700000
18.934210	 253.900000	 1.400000
20.345941	 225.400000	 1.000000
21.884752	 239.600000	 6.700000
21.969161	 239.200000	 3.800000
19.833676	 245.500000	 8.800000
18.605895	 231.200000	 2.100000
18.017401	 226.000000	 1.400000
13.545006	 221.700000	 9.000000
12.397769	 227.800000	 5.500000
10.561878	 230.100000	 2.300000
10.338694	 231.300000	 1.100000
11.280885	 219.900000	 1.500000
14.458898	 220.300000	 2.100000
16.069250	 230.000000	 1.300000
20.602721	 220.000000	 2.300000
18.967885	 228.000000	 3.900000
11.607502	 236.100000	 4.300000
11.227318	 226.900000	 7.300000
11.028303	 247.900000	 4.200000
10.305929	 221.600000	 1.000000
10.085838	 239.800000	 1.300000
10.046647	 225.400000	 2.800000
9.813582	 245.100000	 1.800000
9.681206	 232.400000	 1.400000
9.826923	 224.800000	 2.200000
10.064091	 217.900000	 4.200000
12.727210	 236.100000	 2.200000
12.866383	 244.800000	 7.300000
27.884148	 233.400000	 2.900000
25.609901	 224.000000	 3.900000
24.143170	 231.100000	 1.700000
20.962198	 222.900000	 2.900000
16.162781	 210.300000	 1.800000
14.095107	 226.100000	 1.300000
12.585656	 228.300000	 4.000000
10.529151	 245.700000	 2.200000
9.639980	 219.300000	 3.200000
9.598315	 232.900000	 1.300000
9.491663	 236.500000	 0.200000
10.112296	 239.100000	 0.400000
11.906079	 231.600000	 1.000000
16.553543	 234.500000	 2.200000
19.885522	 213.200000	 1.900000
20.138477	 210.300000	 1.500000
11.659662	 222.400000	 2.100000
11.255334	 222.700000	 0.500000
9.826463	 235.600000	 9.400000
9.466060	 229.400000	 0.300000
8.873584	 238.000000	 0.100000
8.930929	 239.200000	 2.100000
9.697635	 242.000000	 4.400000
10.160095	 234.800000	 3.100000
10.339305	 229.300000	 1.700000
11.720111	 228.100000	 0.800000
13.435066	 238.400000	 3.200000
14.956954	 246.900000	 2.600000
19.226107	 245.400000	 1.300000
26.153224	 225.600000	 0.200000
25.673861	 234.600000	 0.200000
16.472057	 226.600000	 3.400000
15.180451	 220.800000	 2.000000
11.602792	 234.100000	 4.900000
10.395053	 262.000000	 1.300000
9.375666	 236.000000	 0.300000
9.247416	 214.600000	 0.700000
8.572660	 219.200000	 2.600000
8.540638	 230.400000	 6.100000
8.576944	 238.100000	 1.000000
9.580159	 235.800000	 9.800000
9.776200	 238.200000	 0.300000
12.115213	 232.000000	 3.700000
12.327919	 219.400000	 5.400000
12.527853	 239.700000	 2.600000
15.944074	 220.300000	 5.000000
19.543214	 231.000000	 1.400000
21.626797	 221.500000	 1.300000
31.631830	 229.600000	 0.600000
26.558369	 239.500000	 3.800000
24.798900	 218.000000	 2.200000
22.712984	 205.900000	 8.000000
17.290692	 223.000000	 2.100000
13.065998	 251.200000	 1.300000
11.081817	 227.200000	 2.000000
9.777771	 228.500000	 3.100000
8.589060	 238.400000	 5.000000
8.431498	 215.000000	 1.100000
8.245144	 235.500000	 3.600000
8.096126	 244.200000	 2.200000
8.241324	 224.000000	 0.000000
8.806434	 229.600000	 1.200000
8.980714	 231.100000	 6.100000
9.688275	 234.200000	 1.100000
10.013631	 252.200000	 3.600000
9.834709	 218.200000	 2.400000
13.470214	 253.900000	 1.500000
13.640643	 234.500000	 3.400000
21.486899	 240.400000	 1.700000
24.658086	 219.700000	 1.400000
19.983434	 248.600000	 4.400000
17.506956	 225.000000	 1.100000
17.534557	 232.600000	 7.800000
12.185848	 233.000000	 0.400000
12.221278	 232.800000	 4.000000
11.019837	 243.800000	 1.400000
11.064472	 215.500000	 1.500000
9.917227	 213.900000	 1.400000
8.828136	 227.600000	 3.000000
7.662110	 230.500000	 0.400000
7.709232	 244.400000	 0.900000
7.515299	 217.300000	 1.900000
7.690541	 238.800000	 3.300000
9.199183	 232.300000	 3.200000
13.914837	 225.000000	 1.300000
14.462005	 248.500000	 1.000000
17.694611	 226.700000	 2.000000
22.366844	 232.200000	 1.300000
32.668592	 236.100000	 0.400000
18.627932	 228.400000	 2.100000
13.808564	 217.900000	 2.900000
10.887909	 230.800000	 0.400000
9.928343	 215.800000	 7.100000
9.559778	 233.100000	 2.900000
9.432352	 226.900000	 1.500000
8.357173	 241.100000	 1.400000
7.993730	 246.900000	 0.400000
7.870994	 234.300000	 2.100000
9.804927	 233.900000	 3.300000
10.121472	 246.100000	 3.900000
11.337476	 239.600000	 3.600000
11.749443	 235.300000	 0.400000
12.607031	 246.200000	 0.800000
12.834713	 226.300000	 4.800000
17.323082	 222.400000	 2.600000
17.561537	 248.900000	 4.300000
17.982395	 229.800000	 1.400000
18.723262	 218.400000	 2.400000
34.277877	 228.600000	 10.800000
19.472480	 214.300000	 2.500000
16.488177	 234.100000	 1.000000
16.472722	 232.000000	 0.800000
15.408640	 234.100000	 0.100000
14.806281	 229.000000	 4.300000
14.392553	 226.700000	 6.500000
13.155977	 229.800000	 3.900000
13.032967	 215.400000	 4.100000
12.166433	 237.600000	 4.300000
7.079369	 231.200000	 2.400000
6.964908	 219.400000	 2.100000
9.089194	 244.800000	 1.300000
10.575551	 230.200000	 1.300000
11.204625	 233.400000	 1.500000
11.359180	 251.000000	 2.200000
17.939745	 224.000000	 2.000000
17.898616	 221.100000	 1.800000
20.374642	 234.700000	 5.700000
20.552368	 230.100000	 1.500000
36.415735	 220.800000	 4.600000
13.724329	 226.200000	 3.500000
13.559245	 218.000000	 6.400000
13.292105	 239.600000	 1.200000
10.899719	 206.800000	 7.000000
10.786035	 233.000000	 2.400000
9.596088	 236.500000	 1.700000
8.596684	 231.500000	 1.100000
8.142320	 236.300000	 3.500000
6.344160	 248.000000	 3.800000
6.351306	 225.100000	 3.500000
6.614504	 217.100000	 0.300000
7.126767	 229.700000	 2.000000
8.455815	 225.100000	 1.800000
9.250695	 217.800000	 2.100000
13.912075	 227.000000	 1.100000
18.374720	 221.500000	 2.600000
25.172095	 230.700000	 5.000000
21.691198	 227.500000	 7.500000
20.311524	 232.400000	 1.200000
19.441177	 232.600000	 2.500000
15.624615	 219.100000	 1.200000
14.003879	 220.900000	 3.200000
13.143336	 239.500000	 3.300000
12.958215	 232.200000	 7.100000
12.437434	 219.200000	 0.200000
11.835418	 235.300000	 3.300000
10.886830	 238.300000	 2.500000
6.784415	 235.100000	 3.800000
6.162671	 245.900000	 1.400000
7.409163	 245.700000	 2.700000
8.163797	 248.900000	 1.800000
10.714783	 234.000000	 2.900000
11.595850	 219.800000	 1.800000
12.311549	 254.700000	 5.800000
12.815467	 227.900000	 2.900000
13.078204	 230.600000	 0.300000
15.743789	 233.700000	 7.100000
18.784556	 225.300000	 2.000000
27.946389	 223.300000	 0.800000
26.888031	 236.900000	 4.100000
22.560236	 219.100000	 3.700000
20.473247	 227.800000	 0.900000
19.919697	 213.100000	 1.300000
19.643334	 237.600000	 2.900000
15.029816	 222.600000	 3.700000
14.623230	 238.300000	 0.300000
14.218213	 230.700000	 4.400000
13.997532	 218.000000	 3.300000
13.172728	 226.300000	 2.000000
12.591443	 229.300000	 0.600000
10.835647	 240.000000	 2.100000
10.717241	 213.700000	 0.600000
10.032021	 215.200000	 0.400000
8.608836	 258.600000	 0.200000
8.251957	 213.500000	 2.100000
6.602417	 224.700000	 3.500000
6.000461	 223.900000	 1.500000
5.832237	 250.900000	 0.400000
5.244493	 242.600000	 1.800000
5.180004	 221.700000	 2.000000
5.482733	 219.400000	 3.700000
5.468856	 244.100000	 3.800000
5.790436	 227.900000	 7.900000
6.153186	 231.900000	 1.300000
6.030666	 215.400000	 2.700000
6.688998	 225.700000	 2.500000
8.032885	 242.000000	 2.800000
8.968743	 212.800000	 0.400000
9.382228	 235.300000	 3.400000
12.753651	 246.800000	 0.000000
14.420086	 232.700000	 1.600000
19.180000	 244.600000	 1.500000
13.896093	 237.000000	 3.700000
13.053846	 233.600000	 4.600000
12.772574	 211.100000	 2.100000
12.905968	 210.100000	 0.700000
12.480426	 230.300000	 0.300000
8.184870	 227.000000	 0.100000
6.987126	 230.900000	 1.100000
6.728087	 244.200000	 1.900000
6.200073	 242.900000	 2.300000
5.809794	 239.100000	 4.600000
4.766705	 236.200000	 4.900000
4.703143	 227.800000	 2.600000
4.960075	 221.700000	 1.900000
5.123649	 225.300000	 4.900000
5.351956	 234.100000	 2.500000
5.755268	 234.900000	 1.900000
6.101726	 225.600000	 1.000000
6.705079	 234.100000	 2.500000
7.174438	 239.700000	 3.700000
7.485257	 222.100000	 0.700000
7.390339	 232.600000	 1.800000
7.652942	 233.200000	 2.400000
8.411990	 234.300000	 1.200000
10.389320	 245.000000	 5.700000
12.513115	 227.500000	 1.200000
13.091275	 230.600000	 1.100000
14.041958	 241.700000	 7.900000
15.047238	 237.400000	 1.600000
16.905774	 230.800000	 3.100000
34.400434	 228.300000	 0.400000
26.141999	 227.400000	 1.300000
13.445438	 204.600000	 0.500000
13.088714	 227.100000	 1.000000
12.166337	 224.200000	 2.500000
6.925472	 202.000000	 1.500000
6.397262	 221.700000	 5.200000
6.187497	 203.300000	 2.900000
5.967564	 228.700000	 2.300000
5.797801	 233.000000	 5.400000
5.341716	 235.100000	 2.000000
4.491733	 236.500000	 0.900000
4.802258	 249.400000	 1.200000
5.073670	 229.600000	 2.300000
4.946023	 229.300000	 0.300000
5.496428	 232.800000	 1.900000
5.660869	 240.200000	 2.600000
6.122702	 236.600000	 1.700000
6.288210	 249.900000	 3.800000
6.658325	 254.500000	 2.400000
6.585227	 235.300000	 2.600000
7.050900	 228.000000	 6.200000
8.790091	 237.900000	 5.000000
8.884373	 239.500000	 1.900000
9.402323	 219.800000	 0.100000
11.909353	 245.700000	 0.100000
13.475924	 244.300000	 2.400000
17.693740	 239.900000	 2.600000
19.420131	 237.300000	 1.300000
30.381907	 230.100000	 0.300000
23.439695	 217.700000	 2.300000
20.287240	 229.100000	 1.900000
17.722596	 239.400000	 2.000000
16.545155	 241.100000	 2.300000
12.599134	 230.700000	 2.600000
11.359413	 208.200000	 0.600000
9.609613	 213.800000	 3.500000
9.058650	 237.900000	 1.600000
8.299046	 222.900000	 0.400000
6.905890	 240.400000	 2.800000
6.695428	 213.100000	 0.900000
6.320226	 240.500000	 2.600000
6.062163	 215.500000	 4.200000
5.670939	 222.900000	 1.900000
5.301020	 216.600000	 1.800000
5.147210	 214.000000	 2.500000
5.085133	 216.600000	 2.300000
4.195379	 209.200000	 0.900000
4.007030	 224.300000	 1.500000
4.102300	 234.800000	 2.300000
3.954191	 227.000000	 2.400000
4.117040	 236.100000	 2.600000
4.071603	 245.200000	 1.400000
3.932183	 211.500000	 5.200000
4.024525	 250.200000	 1.600000
4.362525	 221.700000	 2.300000
4.785117	 251.800000	 1.000000
5.199882	 217.500000	 1.700000
5.376766	 226.500000	 2.200000
5.828261	 242.500000	 1.200000
6.162531	 234.300000	 1.300000
6.038519	 257.300000	 2.700000
6.266175	 234.700000	 1.900000
6.306810	 246.000000	 1.200000
7.455755	 247.700000	 1.200000
10.077317	 221.800000	 2.600000
11.511941	 231.800000	 0.100000
13.788549	 237.800000	 4.800000
14.709153	 246.600000	 2.600000
17.105392	 232.100000	 1.000000
17.130655	 241.300000	 3.900000
17.552707	 235.800000	 9.600000
19.617451	 233.500000	 2.400000
17.182768	 226.900000	 0.900000
16.031581	 232.800000	 1.900000
15.253114	 229.900000	 4.100000
13.696844	 215.300000	 5.200000
12.504564	 226.800000	 1.300000
12.574206	 240.300000	 3.100000
11.993310	 221.800000	 5.000000
11.706812	 210.500000	 1.700000
11.484140	 212.500000	 1.100000
11.280917	 236.400000	 2.200000
10.680550	 212.700000	 1.000000
9.848431	 231.500000	 3.200000
8.818850	 219.700000	 7.300000
8.767526	 219.000000	 2.500000
8.622247	 226.900000	 1.800000
8.072573	 208.700000	 1.900000
6.821333	 224.800000	 1.700000
6.876063	 234.200000	 2.200000
6.295420	 225.100000	 3.500000
5.967209	 226.700000	 5.200000
5.716969	 217.800000	 2.000000
5.579133	 226.800000	 1.400000
5.122093	 210.700000	 1.800000
4.429132	 211.200000	 3.000000
4.215543	 221.900000	 1.800000
4.075708	 251.000000	 0.200000
3.900594	 232.400000	 2.000000
3.672801	 210.300000	 0.700000
3.681097	 248.800000	 1.600000
4.029304	 199.800000	 4.200000
4.340997	 248.900000	 2.900000
4.322782	 241.100000	 2.100000
4.532911	 219.200000	 2.300000
4.814492	 231.900000	 2.400000
4.849569	 235.200000	 1.400000
4.948475	 227.500000	 0.100000
4.917442	 254.100000	 2.300000
6.063312	 223.200000	 1.400000
5.875076	 216.000000	 1.700000
7.692454	 212.800000	 1.300000
7.921703	 221.900000	 0.400000
8.214925	 235.300000	 1.800000
9.574232	 230.200000	 1.300000
9.955823	 229.900000	 3.000000
10.216552	 232.300000	 1.300000
12.743899	 233.200000	 0.200000
13.522286	 247.800000	 8.300000
13.737111	 241.400000	 2.100000
14.727053	 249.200000	 2.700000
20.323943	 223.600000	 2.600000
21.776834	 250.100000	 1.800000
29.348783	 218.900000	 2.300000
21.054845	 247.800000	 1.400000
20.833597	 219.500000	 3.900000
16.117721	 235.500000	 1.800000
13.098536	 247.200000	 7.700000
13.077172	 223.200000	 2.000000
12.762198	 202.300000	 5.000000
12.201566	 219.700000	 0.600000
10.290752	 233.100000	 2.400000
9.574718	 232.400000	 1.300000
7.334323	 231.900000	 3.000000
7.015264	 241.900000	 6.000000
6.596445	 217.800000	 3.000000
6.326090	 197.100000	 3.500000
6.133995	 219.400000	 3.800000
5.801249	 226.100000	 3.500000
5.351352	 222.500000	 1.000000
5.171602	 229.600000	 3.000000
5.006480	 220.900000	 3.200000
4.559370	 239.400000	 0.500000
3.646844	 241.300000	 1.100000
4.403499	 220.600000	 0.500000
4.728425	 244.400000	 2.900000
5.193943	 240.700000	 3.600000
5.244665	 225.100000	 4.400000
7.671489	 232.200000	 4.600000
8.545991	 247.300000	 0.200000
9.793933	 252.500000	 3.000000
10.359810	 239.400000	 2.100000
10.872735	 230.800000	 3.500000
11.559881	 236.900000	 3.300000
12.619612	 233.800000	 2.900000
13.565986	 247.600000	 2.200000
13.930872	 238.600000	 5.900000
15.170680	 249.300000	 1.100000
16.096049	 238.100000	 1.600000
32.089687	 220.800000	 1.500000
16.235548	 219.700000	 0.000000
15.632073	 219.100000	 6.700000
14.522172	 229.200000	 1.500000
13.596319	 245.900000	 3.000000
12.728071	 222.300000	 6.000000
12.251569	 219.800000	 0.200000
12.251247	 230.900000	 2.200000
12.138921	 230.600000	 1.900000
11.822951	 233.100000	 2.300000
9.666849	 205.400000	 4.900000
8.008386	 217.400000	 2.400000
8.047805	 241.800000	 1.700000
7.484831	 272.600000	 3.600000
7.567613	 262.500000	 1.300000
6.819350	 228.900000	 3.200000
6.854549	 220.600000	 1.500000
6.238484	 221.300000	 2.100000
5.908943	 244.500000	 4.400000
5.635624	 202.800000	 3.800000
5.264943	 224.500000	 2.900000
5.010297	 239.700000	 2.400000
4.703162	 220.300000	 4.100000
4.708257	 214.800000	 1.800000
3.674072	 239.800000	 3.400000
2.601813	 224.000000	 1.500000
2.762034	 210.700000	 1.200000
3.066357	 239.500000	 1.700000
3.929674	 217.800000	 1.600000
4.519970	 230.900000	 2.800000
4.633472	 252.100000	 0.600000
5.108039	 223.300000	 0.500000
5.676393	 250.400000	 3.400000
5.767828	 230.100000	 1.600000
6.139371	 248.800000	 1.200000
6.411396	 248.700000	 0.100000
7.621883	 223.900000	 1.800000
8.152667	 233.000000	 0.800000
11.628835	 252.200000	 6.200000
11.731235	 239.100000	 0.200000
12.109977	 234.100000	 4.600000
12.640477	 247.300000	 0.700000
14.011555	 227.800000	 4.000000
14.684490	 248.900000	 1.400000
25.204637	 229.100000	 0.800000
23.393197	 229.400000	 4.100000
16.690254	 218.400000	 1.800000
13.557615	 221.800000	 1.500000
13.571616	 229.400000	 3.300000
12.040657	 221.000000	 2.500000
11.639725	 239.500000	 1.400000
11.166247	 233.600000	 6.700000
10.071049	 228.100000	 7.800000
8.574946	 230.100000	 1.400000
7.948656	 206.300000	 2.600000
7.799660	 207.800000	 1.100000
7.505371	 218.500000	 2.100000
7.602655	 235.200000	 1.100000
7.389729	 219.900000	 1.000000
7.223561	 228.700000	 1.200000
6.220102	 262.900000	 1.500000
4.851743	 228.900000	 2.700000
3.614276	 227.300000	 3.900000
2.874582	 215.300000	 0.900000
2.325026	 189.100000	 0.900000
2.369227	 214.200000	 1.200000
2.339615	 254.600000	 4.400000
2.248017	 226.800000	 1.300000
2.971598	 238.800000	 1.100000
3.918275	 233.600000	 1.000000
4.825772	 218.600000	 2.800000
4.774560	 250.000000	 1.800000
4.977631	 220.500000	 2.600000
5.143661	 233.000000	 2.800000
5.645064	 234.700000	 1.800000
6.178214	 226.700000	 2.200000
6.345449	 246.400000	 4.600000
6.524055	 249.400000	 5.300000
6.852085	 221.000000	 2.900000
7.316351	 247.900000	 4.200000
7.385361	 239.100000	 1.500000
7.881814	 215.800000	 1.600000
9.372354	 231.400000	 3.400000
9.540555	 227.300000	 1.800000
10.580776	 236.900000	 1.900000
15.960174	 220.400000	 2.500000
16.530390	 245.500000	 4.200000
17.475302	 230.900000	 1.100000
18.363952	 235.200000	 2.000000
32.218867	 231.500000	 2.000000
26.867872	 222.000000	 9.700000
23.966807	 238.600000	 3.200000
20.853087	 237.400000	 2.200000
20.358280	 220.600000	 2.100000
19.892917	 226.400000	 7.300000
18.092726	 228.200000	 0.800000
14.121665	 219.800000	 1.100000
11.503541	 232.800000	 7.900000
11.120923	 249.700000	 2.400000
10.997347	 234.700000	 1.500000
8.952515	 238.800000	 2.400000
7.176041	 233.600000	 3.500000
6.717642	 211.500000	 1.700000
6.336146	 244.600000	 2.400000
6.074270	 225.200000	 8.100000
5.972697	 240.500000	 4.100000
5.810093	 227.600000	 2.900000
5.712318	 220.500000	 3.800000
5.347597	 233.500000	 5.200000
3.890575	 216.500000	 2.300000
3.742837	 211.900000	 2.200000
2.481345	 242.900000	 1.000000
2.317213	 215.300000	 1.400000
1.941173	 222.700000	 1.600000
1.885423	 236.500000	 2.200000
1.764436	 228.200000	 1.800000
1.767763	 223.400000	 1.400000
1.988901	 211.000000	 3.000000
1.908529	 258.600000	 1.300000
3.059839	 247.400000	 1.900000
3.697317	 215.400000	 1.700000
4.790657	 259.600000	 0.400000
4.962969	 238.200000	 4.300000
4.967749	 238.100000	 0.100000
5.285501	 208.700000	 0.800000
5.534348	 244.000000	 2.100000
5.647094	 201.400000	 2.200000
6.718002	 232.700000	 2.700000
7.077089	 208.200000	 2.600000
7.895447	 248.600000	 0.700000
8.868549	 221.500000	 1.400000
9.840758	 234.900000	 4.100000
13.094097	 253.700000	 1.800000
13.925689	 231.900000	 1.300000
3.551367	 246.900000	 1.600000
31.651413	 241.000000	 5.900000
19.595524	 228.000000	 1.600000
15.094600	 231.300000	 4.400000
14.505324	 236.300000	 7.300000
14.359918	 218.600000	 2.000000
13.865971	 224.300000	 5.700000
13.538934	 220.600000	 1.500000
12.176214	 230.000000	 2.700000
11.461881	 221.000000	 1.400000
10.017559	 225.700000	 8.700000
9.945613	 215.300000	 2.500000
9.658147	 232.400000	 1.000000
7.705783	 236.600000	 3.000000
7.094757	 217.100000	 4.100000
6.827834	 216.500000	 2.600000
5.950274	 217.500000	 2.300000
4.723918	 202.200000	 1.900000
4.169721	 216.400000	 1.100000
3.087079	 192.700000	 1.400000
2.888627	 234.000000	 1.100000
2.762101	 230.300000	 1.700000
3.116754	 244.800000	 0.900000
4.193188	 234.700000	 1.000000
4.297567	 201.600000	 4.300000
4.344780	 217.500000	 1.900000
5.508329	 227.800000	 3.200000
5.880596	 236.700000	 1.500000
6.640272	 257.300000	 0.600000
6.793979	 253.800000	 4.400000
7.650008	 247.100000	 1.300000
11.038229	 238.400000	 1.500000
12.162110	 236.500000	 4.700000
13.242271	 248.900000	 0.500000
13.973765	 242.400000	 7.900000
14.865681	 235.600000	 1.500000
15.956603	 232.200000	 3.500000
26.837593	 217.200000	 1.500000
25.934507	 228.000000	 8.900000
24.956940	 229.700000	 6.100000
18.185919	 231.400000	 2.500000
18.125673	 238.000000	 1.600000
17.145777	 224.900000	 2.000000
15.353203	 223.600000	 0.800000
14.494625	 223.700000	 3.400000
13.383144	 221.000000	 5.200000
12.701253	 226.200000	 6.800000
10.005883	 219.700000	 1.500000
9.513659	 232.100000	 1.400000
9.130656	 233.400000	 1.600000
8.236406	 234.800000	 4.100000
6.594815	 220.700000	 2.200000
5.848391	 210.200000	 3.000000
4.170329	 222.200000	 1.700000
3.630093	 227.900000	 1.500000
2.818307	 229.600000	 2.300000
3.369094	 233.400000	 1.400000
3.490821	 233.300000	 1.100000
3.967852	 227.600000	 1.200000
4.417086	 267.500000	 1.100000
5.588375	 230.200000	 0.000000
6.400164	 226.800000	 0.900000
7.120124	 255.300000	 4.800000
7.192057	 232.600000	 0.700000
8.069132	 241.400000	 3.200000
9.100217	 233.200000	 0.700000
11.439470	 247.800000	 1.500000
13.505501	 228.700000	 3.000000
14.332370	 230.800000	 1.500000
19.860510	 246.900000	 2.800000
31.357210	 232.900000	 1.700000
26.650454	 238.100000	 0.200000
14.654953	 223.700000	 0.800000
13.939776	 224.800000	 1.800000
10.857578	 220.800000	 1.000000
10.482357	 246.600000	 1.900000
10.270255	 218.600000	 2.700000
9.636884	 243.700000	 1.500000
8.893979	 212.600000	 0.900000
8.766406	 224.200000	 0.500000
8.572539	 237.700000	 2.100000
7.709120	 234.300000	 1.800000
6.724565	 198.400000	 2.300000
6.583346	 218.600000	 4.600000
3.129548	 217.200000	 1.400000
2.520929	 215.200000	 2.200000
1.386023	 232.400000	 3.100000
1.972010	 201.700000	 1.500000
3.184228	 257.900000	 0.900000
3.963241	 257.200000	 1.200000
5.174258	 227.200000	 1.000000
5.557879	 244.900000	 3.800000
5.606502	 227.900000	 0.000000
6.774559	 240.800000	 3.900000
6.956541	 220.300000	 2.100000
7.051179	 257.600000	 0.800000
7.865821	 223.300000	 5.300000
11.211280	 240.500000	 1.800000
11.827016	 246.100000	 1.100000
12.168429	 234.500000	 0.400000
14.432860	 246.300000	 0.100000
15.597474	 229.600000	 2.300000
21.191992	 238.300000	 3.000000
33.292199	 228.800000	 2.700000
22.069917	 241.300000	 1.500000
18.605219	 222.700000	 5.900000
17.124024	 227.000000	 7.100000
15.415351	 219.300000	 5.300000
14.656574	 226.800000	 0.000000
14.573421	 237.800000	 3.800000
13.221786	 211.200000	 1.600000
12.199826	 209.200000	 3.600000
12.036267	 211.500000	 1.200000
11.270444	 236.700000	 3.500000
11.268418	 218.800000	 3.800000
11.066123	 240.400000	 2.300000
9.137266	 225.300000	 1.800000
9.010913	 230.900000	 1.000000
8.697195	 226.300000	 1.400000
7.618350	 234.400000	 0.500000
7.085678	 206.300000	 1.500000
6.188904	 232.900000	 2.300000
5.910322	 217.400000	 1.400000
5.717713	 236.800000	 1.700000
5.551172	 221.900000	 1.100000
5.121671	 245.200000	 6.800000
3.616256	 215.700000	 0.800000
2.843150	 239.800000	 1.100000
2.339955	 245.400000	 2.000000
2.989690	 257.500000	 1.600000
3.805076	 243.900000	 1.000000
5.074314	 256.600000	 1.600000
5.361166	 230.500000	 2.200000
5.642656	 242.400000	 0.400000
6.272443	 246.800000	 1.600000
6.458132	 220.200000	 3.600000
6.998847	 238.900000	 0.800000
7.179398	 226.900000	 1.000000
8.025500	 248.100000	 2.500000
8.380971	 213.300000	 3.200000
10.731608	 244.100000	 3.000000
12.212733	 243.200000	 2.300000
13.616203	 235.900000	 3.300000
17.327420	 219.200000	 7.400000
21.557484	 242.800000	 7.600000
18.609441	 217.300000	 5.600000
15.331676	 238.500000	 2.300000
14.993785	 242.600000	 1.300000
14.100729	 233.400000	 0.100000
13.857735	 222.100000	 2.600000
12.129672	 218.800000	 0.800000
11.718534	 211.800000	 1.100000
9.993149	 226.400000	 2.400000
9.858256	 231.600000	 8.600000
9.000948	 217.000000	 2.900000
8.097885	 263.400000	 2.000000
7.463358	 227.900000	 1.900000
7.328683	 231.800000	 3.100000
7.310406	 242.700000	 3.900000
6.680155	 213.700000	 2.500000
6.317396	 248.900000	 2.800000
6.226875	 236.900000	 3.600000
6.073628	 215.500000	 1.700000
5.284466	 229.900000	 3.100000
4.806400	 240.200000	 1.400000
0.720830	 221.500000	 1.800000
0.748222	 255.400000	 4.700000
2.315568	 245.300000	 1.300000
4.610864	 241.500000	 1.500000
4.745956	 273.100000	 1.300000
4.800971	 239.900000	 6.600000
5.202615	 232.500000	 2.200000
5.994473	 236.600000	 3.600000
6.045717	 261.400000	 2.000000
6.189446	 216.400000	 2.100000
7.332502	 238.400000	 1.800000
7.447262	 236.500000	 1.100000
8.126644	 234.300000	 2.100000
9.972782	 225.300000	 1.900000
10.774885	 238.200000	 1.400000
11.813091	 235.600000	 0.600000
14.661279	 237.500000	 1.300000
17.499244	 244.500000	 2.700000
35.266006	 224.500000	 7.300000
25.309698	 227.200000	 0.400000
24.593281	 229.100000	 2.400000
13.469097	 223.100000	 1.700000
9.049100	 245.800000	 2.400000
8.832590	 214.700000	 3.200000
7.528239	 214.900000	 3.100000
5.990563	 227.900000	 4.500000
5.935005	 217.100000	 9.100000
5.773327	 221.700000	 3.600000
5.265306	 228.600000	 2.700000
1.113577	 245.300000	 1.700000
1.078580	 229.200000	 1.300000
2.475968	 245.100000	 2.900000
2.671337	 237.200000	 1.000000
3.236579	 228.200000	 4.700000
3.667075	 234.000000	 0.900000
4.268769	 221.900000	 1.500000
6.275182	 221.900000	 1.400000
6.281410	 220.200000	 2.100000
6.363240	 237.500000	 1.600000
6.693929	 228.600000	 1.600000
7.741182	 226.000000	 2.900000
8.398895	 240.900000	 2.500000
8.480562	 224.000000	 2.000000
8.579632	 225.300000	 3.800000
8.764105	 230.600000	 1.500000
11.878886	 241.200000	 2.900000
13.783154	 224.200000	 1.400000
17.502190	 240.200000	 4.800000
18.728144	 223.000000	 2.400000
34.082260	 243.300000	 4.300000
15.924152	 239.100000	 3.000000
15.447973	 211.500000	 3.300000
15.330240	 222.700000	 3.100000
14.635455	 220.200000	 2.400000
13.895046	 215.000000	 1.200000
13.700428	 229.000000	 1.000000
11.906304	 218.900000	 0.300000
8.171846	 233.400000	 2.300000
7.417100	 226.900000	 2.300000
7.090030	 221.100000	 3.800000
5.544480	 231.100000	 1.200000
5.505536	 229.500000	 1.100000
5.340176	 230.800000	 1.900000
3.508260	 234.400000	 1.000000
3.079989	 200.300000	 1.900000
2.875131	 228.500000	 1.800000
2.543558	 248.000000	 1.000000
1.472370	 201.700000	 1.700000
1.434269	 216.800000	 3.700000
2.051679	 221.100000	 1.300000
2.419465	 219.000000	 1.100000
2.924818	 224.400000	 1.400000
2.825102	 238.100000	 6.500000
3.601957	 248.400000	 1.300000
3.720217	 234.300000	 1.600000
5.338622	 255.200000	 0.100000
5.625601	 250.600000	 3.900000
5.928371	 228.300000	 3.300000
6.553628	 225.100000	 1.800000
6.585942	 231.400000	 4.300000
6.888505	 244.900000	 0.400000
7.145849	 226.000000	 3.000000
7.619587	 230.600000	 0.800000
8.303598	 235.400000	 1.500000
9.142085	 235.400000	 2.000000
10.336593	 244.900000	 2.600000
12.973244	 220.500000	 2.600000
13.194728	 235.400000	 1.600000
14.258840	 249.200000	 1.200000
14.699818	 231.600000	 2.100000
18.919934	 235.500000	 2.000000
24.558666	 224.700000	 3.000000
24.360264	 234.900000	 2.000000
20.462882	 234.100000	 5.700000
18.566461	 233.000000	 3.500000
13.587921	 204.300000	 9.900000
13.493464	 225.600000	 0.600000
12.152033	 215.400000	 4.100000
11.812672	 223.700000	 2.100000
11.721996	 224.700000	 2.900000
9.024244	 238.300000	 4.100000
7.379461	 212.600000	 2.800000
6.987557	 232.300000	 1.600000
5.689037	 212.400000	 4.200000
5.598319	 233.200000	 2.200000
5.606228	 229.500000	 2.300000
4.816795	 224.900000	 1.900000
4.669047	 228.100000	 1.800000
2.258849	 239.300000	 1.000000
2.164886	 198.400000	 1.500000
4.167353	 210.200000	 1.400000
4.266041	 217.200000	 6.800000
4.404632	 221.300000	 1.100000
4.619249	 247.200000	 0.200000
5.620074	 246.200000	 0.900000
6.989268	 240.200000	 1.300000
7.298622	 237.200000	 3.000000
7.342039	 236.700000	 3.900000
7.756770	 234.100000	 2.300000
8.119801	 223.200000	 0.100000
8.105131	 245.100000	 0.600000
8.382910	 263.100000	 0.900000
11.727277	 235.300000	 2.800000
11.776753	 246.200000	 7.400000
12.536085	 240.100000	 0.100000
16.581596	 247.600000	 2.000000
17.881170	 224.900000	 5.200000
20.521547	 227.200000	 0.300000
23.951656	 220.400000	 0.300000
19.888648	 238.000000	 7.100000
16.978687	 223.700000	 7.200000
13.582608	 237.200000	 1.200000
13.341186	 228.200000	 1.200000
10.845013	 203.100000	 4.400000
9.493021	 219.200000	 1.300000
8.475811	 220.800000	 3.600000
8.070610	 217.600000	 1.300000
7.479950	 215.600000	 6.300000
6.175711	 228.700000	 1.100000
5.259873	 230.800000	 2.000000
4.192633	 207.900000	 1.400000
2.990968	 231.500000	 1.900000
2.897085	 239.200000	 1.600000
2.272396	 223.500000	 1.600000
2.678732	 230.000000	 2.100000
2.746536	 209.300000	 4.100000
3.163518	 228.900000	 2.000000
3.567344	 241.600000	 2.600000
4.422853	 248.400000	 2.300000
4.626922	 266.100000	 3.600000
5.630859	 238.000000	 5.000000
6.773845	 245.600000	 2.600000
6.961492	 246.900000	 2.200000
7.368020	 244.900000	 1.700000
7.580794	 219.600000	 0.700000
7.812945	 214.600000	 1.400000
7.875185	 249.300000	 2.400000
7.979876	 227.600000	 2.800000
9.209367	 234.600000	 4.400000
9.930855	 256.600000	 0.400000
12.418086	 228.700000	 5.200000
12.607701	 224.800000	 1.300000
12.762146	 249.000000	 0.200000
14.761600	 247.100000	 2.700000
16.071264	 237.100000	 4.700000
21.225144	 238.800000	 0.800000
32.206399	 235.000000	 1.000000
23.529130	 223.400000	 1.300000
21.462069	 222.100000	 7.600000
18.232161	 237.900000	 1.000000
18.030383	 223.900000	 1.100000
16.511482	 224.000000	 2.000000
13.457669	 240.500000	 0.600000
12.870647	 217.500000	 1.500000
12.881809	 231.200000	 0.400000
12.702638	 227.300000	 0.500000
11.940431	 226.000000	 0.400000
11.760918	 223.600000	 4.500000
11.641844	 227.300000	 3.000000
9.155220	 240.700000	 1.100000
6.999845	 227.000000	 2.800000
5.740550	 231.100000	 4.000000
5.297248	 219.100000	 2.200000
5.284729	 230.700000	 2.800000
4.873268	 251.700000	 1.900000
4.829299	 223.700000	 1.300000
4.718981	 216.600000	 0.400000
4.588758	 226.200000	 6.600000
4.538130	 241.500000	 3.300000
4.240322	 242.300000	 1.500000
3.588115	 250.300000	 1.000000
2.920134	 233.600000	 1.500000
2.629128	 225.600000	 2.000000
2.831219	 244.300000	 1.000000
3.407586	 217.900000	 1.600000
3.904426	 239.900000	 1.100000
4.127094	 234.500000	 0.900000
4.043557	 243.500000	 1.300000
4.779696	 227.200000	 4.100000
6.155601	 253.700000	 5.700000
6.728149	 233.800000	 3.900000
6.998117	 226.500000	 5.100000
7.656040	 227.500000	 4.400000
8.093581	 241.800000	 2.500000
9.042807	 253.200000	 4.000000
9.459289	 237.900000	 1.800000
9.841405	 202.600000	 1.700000
11.101197	 248.500000	 2.300000
11.841195	 238.400000	 0.500000
12.475852	 248.700000	 4.800000
15.083419	 234.800000	 1.000000
15.608901	 256.300000	 2.500000
18.612071	 241.300000	 3.500000
20.514177	 210.900000	 0.700000
18.253381	 218.800000	 7.100000
18.062886	 211.000000	 0.500000
15.958920	 232.600000	 4.700000
14.302451	 223.500000	 2.900000
13.681485	 218.700000	 2.700000
12.989624	 216.700000	 3.700000
12.890129	 233.400000	 2.100000
12.688134	 211.900000	 3.900000
12.076601	 235.500000	 1.000000
11.572806	 211.800000	 2.500000
10.703901	 234.700000	 5.200000
10.745119	 227.800000	 3.000000
9.724299	 232.400000	 3.600000
8.603912	 229.100000	 4.900000
6.758821	 222.000000	 1.000000
6.842350	 243.600000	 0.200000
5.662638	 232.700000	 1.100000
5.089755	 256.900000	 0.500000
4.945525	 232.800000	 2.000000
5.093238	 212.500000	 2.400000
4.612419	 219.300000	 3.800000
4.562162	 253.500000	 1.300000
4.404189	 240.700000	 1.500000
3.550196	 229.400000	 1.200000
3.562843	 219.500000	 0.300000
3.774868	 255.600000	 1.700000
3.890869	 229.800000	 4.700000
5.364061	 242.400000	 4.100000
5.829132	 226.500000	 1.100000
6.110667	 249.000000	 1.200000
6.686351	 248.200000	 0.200000
7.046118	 226.600000	 0.200000
7.979328	 244.300000	 1.800000
8.865107	 243.600000	 1.900000
8.852170	 230.200000	 0.900000
8.878373	 240.400000	 1.400000
9.039038	 241.100000	 2.700000
11.704178	 232.800000	 9.800000
11.772679	 235.900000	 6.100000
12.147154	 237.900000	 1.200000
13.909343	 226.900000	 7.400000
15.400380	 240.100000	 3.400000
15.505674	 239.800000	 2.200000
18.553307	 249.000000	 2.400000
19.094698	 248.600000	 1.300000
36.483909	 218.600000	 1.900000
29.468352	 313.100000	 91.900000
25.109561	 244.200000	 1.700000
24.488185	 235.700000	 2.200000
20.401110	 234.200000	 2.300000
19.070093	 231.400000	 2.600000
16.000190	 212.200000	 0.500000
15.411184	 220.900000	 0.900000
12.712301	 221.200000	 5.100000
12.643856	 220.700000	 0.500000
12.295465	 238.100000	 1.000000
11.616003	 221.400000	 1.600000
10.261968	 236.000000	 4.300000
9.225534	 238.600000	 2.900000
6.497495	 216.300000	 6.400000
6.439174	 208.400000	 4.100000
6.427295	 227.500000	 2.300000
6.367058	 222.500000	 2.400000
6.251744	 214.100000	 4.700000
5.777658	 223.100000	 0.300000
5.048770	 225.500000	 0.800000
5.055386	 219.800000	 1.500000
4.798165	 212.900000	 2.200000
4.450486	 243.700000	 2.600000
4.323407	 235.100000	 2.200000
4.217262	 215.700000	 2.900000
3.708921	 229.500000	 2.600000
3.923636	 233.400000	 1.700000
3.720614	 249.400000	 2.400000
3.911145	 225.200000	 1.400000
3.996360	 250.000000	 2.100000
4.613369	 233.100000	 2.300000
4.736319	 243.300000	 2.100000
5.136151	 231.900000	 0.900000
5.723917	 227.400000	 1.500000
7.819401	 215.400000	 3.400000
10.035006	 226.300000	 0.000000
11.588827	 209.000000	 3.500000
13.907951	 213.800000	 1.000000
14.886314	 244.900000	 2.000000
15.727000	 229.300000	 1.400000
15.760738	 231.700000	 5.500000
16.626076	 230.700000	 3.000000
17.798081	 240.800000	 2.700000
18.061385	 222.200000	 1.400000
14.176292	 233.700000	 5.000000
12.209075	 221.700000	 0.700000
10.733759	 219.000000	 1.400000
10.259638	 237.100000	 2.500000
9.922732	 231.500000	 2.900000
8.836877	 256.100000	 6.800000
5.971526	 206.900000	 2.600000
5.901050	 227.900000	 1.300000
6.015583	 215.300000	 7.000000
5.659949	 246.500000	 2.000000
5.421316	 237.400000	 2.000000
4.957827	 252.300000	 6.000000
4.916039	 226.200000	 1.300000
4.657456	 254.700000	 1.600000
4.470794	 229.400000	 2.600000
4.656618	 211.300000	 1.400000
4.517029	 236.900000	 2.500000
4.349839	 236.100000	 2.000000
4.298509	 238.500000	 4.400000
4.178484	 248.000000	 3.900000
4.013685	 233.500000	 1.500000
4.379117	 226.500000	 1.200000
4.490747	 234.400000	 2.900000
4.613640	 240.200000	 4.600000
4.662066	 233.000000	 2.900000
5.000685	 223.800000	 3.100000
5.782982	 230.300000	 1.300000
6.741896	 220.200000	 3.600000
6.885681	 228.400000	 2.100000
7.114089	 213.000000	 10.000000
8.400716	 245.700000	 1.600000
9.558676	 255.600000	 1.500000
10.370954	 225.500000	 4.100000
10.561601	 255.300000	 6.300000
11.735354	 236.400000	 6.100000
14.525660	 236.500000	 2.800000
18.811173	 246.200000	 1.000000
19.436101	 230.100000	 4.200000
22.795478	 240.300000	 1.500000
16.354199	 229.100000	 2.100000
15.742946	 217.700000	 1.800000
15.311235	 229.700000	 1.700000
13.337578	 233.900000	 1.000000
12.037926	 221.000000	 1.300000
11.931129	 218.200000	 1.500000
11.677576	 238.400000	 4.700000
11.403135	 213.000000	 5.100000
8.623990	 224.800000	 1.900000
8.340672	 232.500000	 1.700000
7.438091	 233.100000	 2.900000
6.532506	 233.000000	 6.300000
6.080175	 224.500000	 1.200000
4.805267	 220.600000	 2.300000
6.633289	 241.800000	 1.600000
9.185160	 263.400000	 1.800000
12.104910	 254.900000	 1.200000
14.018524	 243.700000	 7.700000
16.209780	 238.600000	 1.500000
17.345949	 239.000000	 1.400000
17.850629	 235.700000	 1.200000
18.811948	 245.500000	 2.600000
21.104818	 244.300000	 1.300000
20.606594	 243.200000	 0.800000
17.008004	 237.100000	 1.500000
15.032973	 225.400000	 2.200000
12.819468	 224.800000	 1.000000
10.809660	 216.400000	 2.700000
10.541192	 236.200000	 2.400000
8.982335	 229.000000	 0.000000
6.956070	 232.300000	 2.000000
6.816698	 225.400000	 4.700000
6.406173	 230.300000	 0.700000
5.680087	 212.100000	 0.000000
5.237095	 249.800000	 2.100000
5.141869	 229.000000	 1.800000
5.101961	 226.100000	 2.800000
6.075001	 233.700000	 2.000000
6.779072	 231.000000	 1.100000
7.353305	 228.200000	 0.600000
7.593408	 248.000000	 4.700000
7.889304	 234.100000	 3.100000
8.299638	 232.700000	 2.000000
9.080649	 199.700000	 0.000000
11.123478	 235.500000	 1.100000
12.213800	 250.800000	 2.000000
20.741663	 223.300000	 3.800000
24.360457	 244.800000	 1.700000
22.115951	 254.100000	 0.300000
18.013742	 214.500000	 0.800000
14.831629	 216.000000	 0.100000
13.042963	 239.500000	 1.100000
12.767537	 226.700000	 0.800000
12.356699	 234.100000	 2.600000
11.108749	 224.300000	 2.300000
10.537600	 223.900000	 1.400000
8.390020	 230.700000	 3.300000
7.829469	 206.600000	 2.400000
7.067586	 221.500000	 2.300000
6.238959	 230.100000	 0.500000
5.533172	 217.300000	 1.500000
5.617548	 253.100000	 0.900000
5.432268	 225.400000	 0.900000
5.569823	 239.600000	 0.900000
5.667621	 234.200000	 1.500000
5.871283	 207.400000	 1.700000
5.989343	 216.100000	 1.500000
6.585022	 233.900000	 1.100000
8.647184	 221.400000	 3.200000
9.154825	 241.900000	 2.600000
10.788132	 233.300000	 1.900000
11.589395	 235.900000	 5.500000
12.068765	 240.900000	 1.000000
12.723753	 230.900000	 3.300000
15.985022	 223.700000	 0.900000
17.326515	 220.700000	 1.100000
16.179399	 224.800000	 0.300000
15.625951	 228.300000	 1.000000
13.390078	 222.100000	 1.800000
11.456040	 222.100000	 2.900000
11.299567	 219.900000	 2.100000
10.979581	 228.400000	 1.800000
10.371275	 225.300000	 1.600000
10.301924	 245.500000	 2.000000
10.286086	 214.600000	 1.000000
8.238606	 232.200000	 0.700000
6.482167	 253.200000	 1.400000
5.983210	 216.700000	 3.800000
6.177699	 242.300000	 3.600000
6.336694	 262.000000	 4.600000
7.224781	 241.400000	 2.300000
8.076134	 235.900000	 0.900000
8.158815	 223.700000	 2.400000
8.152185	 243.400000	 2.800000
9.736126	 241.100000	 7.500000
9.937148	 240.100000	 1.400000
10.387324	 234.300000	 2.900000
11.650818	 218.200000	 2.900000
11.569935	 242.400000	 1.500000
13.399753	 228.700000	 1.900000
28.026164	 226.100000	 0.900000
22.889846	 234.500000	 1.900000
19.120356	 212.800000	 0.900000
15.686242	 225.800000	 0.600000
14.640855	 240.400000	 2.900000
13.280828	 235.400000	 1.700000
12.102764	 232.100000	 0.600000
12.266487	 211.600000	 4.400000
10.497668	 227.200000	 1.500000
10.441856	 231.800000	 1.300000
9.985578	 224.400000	 1.800000
9.309513	 233.800000	 3.800000
7.830576	 237.700000	 2.500000
6.774642	 228.000000	 1.400000
6.826787	 235.900000	 2.100000
6.476114	 239.000000	 4.100000
6.444129	 239.900000	 0.100000
6.658708	 224.400000	 1.300000
6.887912	 246.500000	 1.300000
6.839869	 225.900000	 2.100000
7.335552	 229.400000	 1.500000
7.444215	 242.500000	 1.400000
8.710956	 248.300000	 3.200000
9.594554	 240.600000	 2.300000
9.910348	 239.900000	 9.400000
10.199274	 246.600000	 3.200000
10.556730	 221.200000	 4.900000
10.961282	 257.700000	 1.200000
13.095518	 239.900000	 1.400000
18.116954	 236.300000	 2.200000
11.403156	 223.100000	 1.200000
10.782639	 228.500000	 1.100000
8.459926	 219.500000	 1.600000
7.969807	 231.300000	 1.900000
10.023395	 245.600000	 1.200000
10.134322	 263.400000	 2.000000
11.970016	 223.000000	 3.400000
16.202601	 234.600000	 7.100000
18.014812	 236.900000	 3.300000
18.243117	 243.700000	 2.900000
21.577420	 217.100000	 4.700000
22.806231	 232.800000	 2.500000
24.885692	 231.200000	 1.300000
21.525784	 225.300000	 1.800000
18.848412	 253.000000	 3.300000
15.508417	 232.500000	 5.800000
14.208762	 234.900000	 1.600000
11.927954	 225.400000	 5.500000
11.407207	 210.200000	 1.900000
9.536167	 251.600000	 3.700000
9.161588	 260.100000	 1.300000
8.910722	 223.600000	 1.600000
7.601457	 243.300000	 1.200000
11.196657	 239.600000	 3.000000
12.196656	 235.900000	 1.400000
13.706954	 234.100000	 4.300000
13.776549	 242.500000	 1.200000
15.153040	 225.900000	 1.200000
16.992594	 254.400000	 10.400000
19.451982	 243.500000	 5.900000
18.887904	 213.800000	 3.100000
14.337656	 221.000000	 5.200000
12.573345	 246.700000	 1.300000
9.510571	 238.900000	 2.500000
9.108619	 237.800000	 0.700000
9.092616	 229.900000	 1.300000
8.254552	 248.600000	 7.000000
8.119953	 230.800000	 2.000000
8.170853	 225.500000	 1.100000
7.956988	 213.100000	 1.400000
8.026513	 216.400000	 2.000000
7.953910	 235.800000	 3.500000
7.655740	 230.000000	 1.700000
7.959353	 231.500000	 0.900000
8.366702	 221.600000	 3.800000
8.652813	 233.800000	 1.900000
8.706023	 232.000000	 5.900000
9.500333	 224.600000	 2.800000
9.563689	 234.900000	 1.900000
10.024403	 214.300000	 1.700000
10.594059	 214.700000	 1.200000
10.911567	 220.100000	 1.700000
19.197256	 249.500000	 1.100000
20.099791	 238.500000	 2.000000
20.249431	 242.800000	 3.100000
23.100631	 237.000000	 1.900000
33.229374	 237.700000	 0.300000
22.972514	 242.900000	 1.500000
20.294692	 236.400000	 4.800000
19.972556	 212.500000	 0.400000
16.314332	 237.600000	 7.900000
16.042854	 243.800000	 1.500000
15.197528	 220.800000	 0.000000
14.193683	 231.300000	 1.500000
13.715038	 228.500000	 1.400000
11.221786	 229.100000	 0.400000
10.137879	 237.700000	 0.300000
10.222168	 252.700000	 1.100000
9.354517	 228.600000	 1.400000
8.330561	 236.000000	 2.700000
8.299524	 243.500000	 1.500000
8.487581	 231.300000	 11.000000
8.229765	 227.000000	 4.500000
8.293384	 226.600000	 0.800000
8.110273	 242.700000	 1.700000
8.489153	 248.600000	 1.100000
9.254027	 249.800000	 2.100000
9.077219	 247.200000	 2.900000
10.083205	 247.100000	 2.000000
10.583811	 241.500000	 3.800000
11.206110	 239.700000	 3.400000
14.833954	 243.100000	 4.200000
15.515624	 228.600000	 9.100000
16.713376	 245.700000	 1.600000
20.756182	 233.600000	 2.800000
18.366312	 234.700000	 0.600000
16.112169	 246.100000	 0.200000
13.425931	 238.900000	 2.800000
11.210426	 228.400000	 8.400000
9.031548	 228.100000	 2.300000
8.900636	 224.600000	 3.000000
9.041738	 236.300000	 2.200000
9.259712	 243.200000	 1.400000
9.708962	 232.600000	 2.800000
9.927486	 232.400000	 1.000000
22.799397	 225.700000	 3.400000
19.363634	 227.300000	 8.100000
16.995845	 235.400000	 7.200000
12.806468	 243.900000	 6.000000
9.733409	 236.600000	 2.600000
9.412757	 231.600000	 2.400000
9.096594	 238.100000	 1.400000
9.108272	 242.700000	 1.500000
9.132926	 245.900000	 3.100000
9.757055	 242.500000	 1.200000
9.658971	 239.000000	 1.000000
15.617312	 236.800000	 2.600000
17.393213	 226.500000	 3.800000
18.772665	 228.200000	 6.800000
37.744550	 223.900000	 0.300000
19.105183	 233.300000	 1.900000
18.668237	 212.300000	 12.100000
14.685269	 229.500000	 0.200000
10.319670	 231.300000	 1.700000
10.336679	 219.800000	 5.200000
9.756353	 227.900000	 1.400000
9.618809	 213.100000	 1.900000
9.481855	 219.100000	 1.200000
10.277903	 238.400000	 1.400000
10.610394	 219.000000	 1.900000
13.367799	 232.800000	 1.000000
13.963168	 225.900000	 1.000000
15.757428	 240.100000	 2.800000
16.587681	 229.200000	 7.300000
21.134946	 231.800000	 1.300000
21.928292	 220.900000	 1.300000
12.542415	 220.900000	 5.200000
10.066147	 227.500000	 1.300000
10.366465	 232.100000	 1.900000
11.464810	 247.200000	 1.200000
12.628938	 224.700000	 4.900000
16.981800	 241.100000	 2.300000
19.902502	 241.000000	 1.200000
23.335050	 236.900000	 1.400000
15.494471	 126.800000	 78.600000
11.795049	 231.200000	 0.900000
10.608753	 227.600000	 2.100000
10.386859	 241.800000	 2.100000
10.872035	 246.300000	 2.700000
11.182880	 225.900000	 5.500000
12.407946	 232.800000	 1.100000
14.051679	 241.300000	 3.000000
15.592120	 250.000000	 2.700000
25.531363	 242.200000	 1.000000
18.318516	 228.400000	 0.600000
18.124981	 243.700000	 2.500000
17.514585	 230.100000	 3.700000
16.789518	 240.400000	 0.700000
15.669701	 238.500000	 2.300000
14.061668	 241.300000	 1.400000
12.337186	 230.400000	 1.200000
17.436711	 228.400000	 3.700000
17.795909	 244.000000	 1.200000
18.105442	 224.700000	 0.900000
18.607946	 228.100000	 3.200000
18.312046	 233.200000	 5.100000
17.074452	 225.100000	 1.200000
11.294907	 244.300000	 2.000000
11.601459	 233.500000	 1.300000
15.358444	 242.100000	 1.900000
15.793023	 230.200000	 2.000000
19.349335	 225.100000	 3.200000
20.183686	 221.300000	 1.200000
16.381594	 247.000000	 0.800000
16.422579	 221.500000	 2.400000
13.306857	 231.300000	 1.800000
12.898549	 211.400000	 6.300000
12.662363	 225.600000	 2.400000
12.087084	 231.600000	 2.300000
16.070376	 233.800000	 1.500000
17.598736	 232.200000	 5.700000
24.770914	 230.200000	 3.600000
19.286223	 240.700000	 4.600000
18.502594	 231.800000	 0.900000
17.261096	 247.900000	 2.700000
16.754561	 236.100000	 1.200000
16.470297	 180.500000	 73.000000
14.359921	 235.500000	 7.700000
13.839887	 226.100000	 3.500000
12.772714	 232.800000	 1.400000
12.153750	 229.000000	 0.700000
12.616220	 235.800000	 1.500000
17.886146	 227.000000	 6.500000
18.757533	 239.200000	 1.100000
25.879413	 238.100000	 2.600000
22.192647	 230.500000	 1.600000
13.096193	 237.100000	 3.200000
16.217153	 228.100000	 1.800000
16.803864	 252.100000	 1.400000
17.501213	 223.100000	 2.500000
20.146582	 226.400000	 6.800000
20.189024	 246.800000	 1.900000
20.000411	 230.400000	 4.200000
13.356676	 224.300000	 1.800000
14.488752	 221.800000	 3.000000
17.315363	 241.300000	 2.300000
17.467804	 231.100000	 1.900000
29.465362	 240.600000	 1.200000
15.997380	 233.400000	 1.800000
15.131417	 233.000000	 1.400000
18.665240	 236.500000	 5.700000
21.673065	 234.400000	 9.100000
22.913106	 241.700000	 2.700000
26.318326	 220.200000	 3.700000
25.062826	 129.400000	 85.600000
22.492203	 229.600000	 1.600000
18.299994	 230.200000	 1.500000
14.114891	 226.400000	 2.200000
19.167821	 244.100000	 1.700000
14.807765	 238.700000	 1.200000
14.842964	 253.700000	 1.500000
16.382313	 220.900000	 7.900000
20.911912	 229.900000	 1.600000
32.054744	 237.300000	 1.200000
26.397528	 243.000000	 2.100000
15.343269	 222.300000	 1.000000
17.598127	 227.000000	 1.100000
17.932731	 236.000000	 2.300000
18.009887	 243.700000	 6.600000
19.285257	 228.800000	 1.800000
24.057707	 236.000000	 4.600000
17.833658	 239.300000	 2.800000
16.570717	 219.200000	 1.000000
15.676251	 233.000000	 3.700000
15.633015	 245.100000	 1.800000
16.059354	 230.000000	 4.900000
16.314145	 232.100000	 2.300000
16.665554	 221.500000	 2.200000
17.003760	 235.100000	 2.100000
18.032779	 243.800000	 7.000000
22.874244	 234.600000	 3.700000
40.569303	 239.300000	 2.200000
16.228844	 210.500000	 2.500000
25.330845	 216.000000	 1.200000
24.384056	 231.000000	 0.500000
18.153939	 230.600000	 1.500000
17.709392	 241.500000	 1.400000
17.051605	 224.500000	 2.900000
20.697465	 226.500000	 2.100000
17.403952	 237.600000	 1.300000
17.360350	 236.500000	 1.200000
25.496356	 238.200000	 1.400000
20.928985	 234.600000	 0.900000
17.957159	 234.300000	 1.500000
18.188884	 247.000000	 3.000000
18.568382	 236.300000	 2.700000
18.908320	 236.000000	 3.500000
19.960546	 233.900000	 2.400000
23.007299	 239.000000	 1.200000
23.342180	 227.500000	 2.500000
30.924777	 224.300000	 1.300000
27.079145	 235.600000	 3.500000
20.247285	 233.800000	 2.100000
18.377043	 263.100000	 9.700000
18.829377	 246.100000	 2.600000
27.222527	 234.900000	 1.700000
19.470396	 236.300000	 1.000000
23.425227	 233.400000	 1.100000
30.355037	 233.700000	 1.500000
29.368883	 231.000000	 1.600000
23.341064	 240.300000	 9.800000
24.314534	 241.400000	 2.700000
20.571221	 220.200000	 1.700000
22.520192	 239.800000	 1.300000
21.182475	 229.800000	 2.600000
21.952442	 229.600000	 1.600000
24.243386	 222.600000	 2.100000
26.731176	 226.700000	 1.600000
23.750059	 229.400000	 2.000000
26.596789	 228.800000	 1.300000
25.030533	 234.700000	 1.300000
29.084699	 228.300000	 3.400000
26.309372	 226.500000	 1.600000
32.317918	 227.800000	 2.200000
5.375256	 249.300000	 1.200000
8.614240	 253.800000	 1.300000
5.831437	 214.400000	 1.800000
7.800041	 244.900000	 1.100000
12.029134	 233.300000	 2.900000