#iRMS=2.561972178e-05 0
#    lkukf_rk2iiiuks_rk2iii fh        fse	fl
#
3030.0  0.024309  0.000000  0.024309  0.000000  0.000000
3035.0  0.025723  0.000000  0.025723  0.000000  0.000000
3040.0  0.027272  0.000000  0.027272  0.000000  0.000000
3045.0  0.028935  0.000000  0.028935  0.000000  0.000000
3050.0  0.030693  0.000000  0.030693  0.000000  0.000000
3055.0  0.032525  0.000000  0.032525  0.000000  0.000000
3060.0  0.034414  0.000000  0.034414  0.000000  0.000000
3065.0  0.036343  0.000000  0.036343  0.000000  0.000000
3070.0  0.038294  0.000000  0.038294  0.000000  0.000000
3075.0  0.040250  0.000000  0.040250  0.000000  0.000000
3080.0  0.042194  0.000000  0.042194  0.000000  0.000000
3085.0  0.044108  0.000000  0.044108  0.000000  0.000000
3090.0  0.045977  0.000000  0.045977  0.000000  0.000000
3095.0  0.047781  0.000000  0.047781  0.000000  0.000000
3100.0  0.049505  0.000000  0.049505  0.000000  0.000000
3105.0  0.051137  0.000000  0.051137  0.000000  0.000000
3110.0  0.052688  0.000000  0.052688  0.000000  0.000000
3115.0  0.054177  0.000000  0.054177  0.000000  0.000000
3120.0  0.055622  0.000000  0.055622  0.000000  0.000000
3125.0  0.057040  0.000000  0.057040  0.000000  0.000000
3130.0  0.058449  0.000000  0.058449  0.000000  0.000000
3135.0  0.059868  0.000000  0.059868  0.000000  0.000000
3140.0  0.061313  0.000000  0.061313  0.000000  0.000000
3145.0  0.062803  0.000000  0.062803  0.000000  0.000000
3150.0  0.064356  0.000000  0.064356  0.000000  0.000000
3155.0  0.065982  0.000000  0.065982  0.000000  0.000000
3160.0  0.067658  0.000000  0.067658  0.000000  0.000000
3165.0  0.069353  0.000000  0.069353  0.000000  0.000000
3170.0  0.071037  0.000000  0.071037  0.000000  0.000000
3175.0  0.072680  0.000000  0.072680  0.000000  0.000000
3180.0  0.074251  0.000000  0.074251  0.000000  0.000000
3185.0  0.075720  0.000000  0.075720  0.000000  0.000000
3190.0  0.077056  0.000000  0.077056  0.000000  0.000000
3195.0  0.078229  0.000000  0.078229  0.000000  0.000000
3200.0  0.077042  0.000000  0.077042  0.000000  0.000000
3205.0  0.075218  0.000000  0.075218  0.000000  0.000000
3210.0  0.072833  0.000000  0.072833  0.000000  0.000000
3215.0  0.069438  0.000000  0.069438  0.000000  0.000000
3220.0  0.065032  0.000000  0.065032  0.000000  0.000000
3225.0  0.060295  0.000000  0.060295  0.000000  0.000000
3230.0  0.058174  0.000000  0.058174  0.000000  0.000000
3235.0  0.060692  0.000000  0.060692  0.000000  0.000000
3240.0  0.063904  0.000000  0.063904  0.000000  0.000000
3245.0  0.064623  0.000000  0.064623  0.000000  0.000000
3250.0  0.068664  0.000000  0.068664  0.000000  0.000000
3255.0  0.080755  0.000000  0.080755  0.000000  0.000000
3260.0  0.092284  0.000000  0.092284  0.000000  0.000000
3265.0  0.094197  0.000000  0.094197  0.000000  0.000000
3270.0  0.089028  0.000000  0.089028  0.000000  0.000000
3275.0  0.082414  0.000000  0.082414  0.000000  0.000000
3280.0  0.080821  0.000000  0.080821  0.000000  0.000000
3285.0  0.088670  0.000000  0.088670  0.000000  0.000000
3290.0  0.101374  0.000000  0.101374  0.000000  0.000000
3295.0  0.112247  0.000000  0.112247  0.000000  0.000000
3300.0  0.115220  0.000000  0.115220  0.000000  0.000000
3305.0  0.107119  0.000000  0.107119  0.000000  0.000000
3310.0  0.095747  0.000000  0.095747  0.000000  0.000000
3315.0  0.089919  0.000000  0.089919  0.000000  0.000000
3320.0  0.091522  0.000000  0.091522  0.000000  0.000000
3325.0  0.098714  0.000000  0.098714  0.000000  0.000000
3330.0  0.101654  0.000000  0.101654  0.000000  0.000000
3335.0  0.093166  0.000000  0.093166  0.000000  0.000000
3340.0  0.084708  0.000000  0.084708  0.000000  0.000000
3345.0  0.087660  0.000000  0.087660  0.000000  0.000000
3350.0  0.094434  0.000000  0.094434  0.000000  0.000000
3355.0  0.094990  0.000000  0.094990  0.000000  0.000000
3360.0  0.088456  0.000000  0.088456  0.000000  0.000000
3365.0  0.077839  0.000000  0.077839  0.000000  0.000000
3370.0  0.072498  0.000000  0.072498  0.000000  0.000000
3375.0  0.079116  0.000000  0.079116  0.000000  0.000000
3380.0  0.087323  0.000000  0.087323  0.000000  0.000000
3385.0  0.087543  0.000000  0.087543  0.000000  0.000000
3390.0  0.090433  0.000000  0.090433  0.000000  0.000000
3395.0  0.105669  0.000000  0.105669  0.000000  0.000000
3400.0  0.118775  0.000000  0.118775  0.000000  0.000000
3405.0  0.115439  0.000000  0.115439  0.000000  0.000000
3410.0  0.106152  0.000000  0.106152  0.000000  0.000000
3415.0  0.104478  0.000000  0.104478  0.000000  0.000000
3420.0  0.111462  0.000000  0.111462  0.000000  0.000000
3425.0  0.122709  0.000000  0.122709  0.000000  0.000000
3430.0  0.124602  0.000000  0.124602  0.000000  0.000000
3435.0  0.108292  0.000000  0.108292  0.000000  0.000000
3440.0  0.093224  0.000000  0.093224  0.000000  0.000000
3445.0  0.097809  0.000000  0.097809  0.000000  0.000000
3450.0  0.108026  0.000000  0.108026  0.000000  0.000000
3455.0  0.108091  0.000000  0.108091  0.000000  0.000000
3460.0  0.107628  0.000000  0.107628  0.000000  0.000000
3465.0  0.116791  0.000000  0.116791  0.000000  0.000000
3470.0  0.122441  0.000000  0.122441  0.000000  0.000000
3475.0  0.112243  0.000000  0.112243  0.000000  0.000000
3480.0  0.100352  0.000000  0.100352  0.000000  0.000000
3485.0  0.102192  0.000000  0.102192  0.000000  0.000000
3490.0  0.111770  0.000000  0.111770  0.000000  0.000000
3495.0  0.120129  0.000000  0.120129  0.000000  0.000000
3500.0  0.127858  0.000000  0.127858  0.000000  0.000000
3505.0  0.136306  0.000000  0.136306  0.000000  0.000000
3510.0  0.107349  0.026356  0.107349  0.000000  0.000000
3515.0  0.100495  0.027573  0.100495  0.000000  0.000000
3520.0  0.102138  0.024349  0.102138  0.000000  0.000000
3525.0  0.084374  0.020314  0.084374  0.000000  0.000000
3530.0  0.100488  0.019309  0.100488  0.000000  0.000000
3535.0  0.113095  0.021924  0.113095  0.000000  0.000000
3540.0  0.125202  0.029473  0.125202  0.000000  0.000000
3545.0  0.120927  0.028905  0.120927  0.000000  0.000000
3550.0  0.104857  0.026885  0.104857  0.000000  0.000000
3555.0  0.096883  0.029595  0.096883  0.000000  0.000000
3560.0  0.098370  0.027843  0.098370  0.000000  0.000000
3565.0  0.078110  0.023744  0.078110  0.000000  0.000000
3570.0  0.072099  0.015521  0.072099  0.000000  0.000000
3575.0  0.069510  0.015213  0.069510  0.000000  0.000000
3580.0  0.063712  0.019094  0.063712  0.000000  0.000000
3585.0  0.058750  0.019533  0.058750  0.000000  0.000000
3590.0  0.074508  0.016315  0.074508  0.000000  0.000000
3595.0  0.105801  0.022255  0.105801  0.000000  0.000000
3600.0  0.133162  0.032431  0.133162  0.000000  0.000000
3605.0  0.109210  0.024582  0.109210  0.000000  0.000000
3610.0  0.096589  0.015966  0.096589  0.000000  0.000000
3615.0  0.107161  0.016920  0.107161  0.000000  0.000000
3620.0  0.113293  0.017653  0.113293  0.000000  0.000000
3625.0  0.141482  0.023545  0.141482  0.000000  0.000000
3630.0  0.138968  0.020506  0.138968  0.000000  0.000000
3635.0  0.139404  0.025563  0.139404  0.000000  0.000000
3640.0  0.159526  0.029068  0.159526  0.000000  0.000000
3645.0  0.140295  0.016945  0.140295  0.000000  0.000000
3650.0  0.136605  0.010931  0.136605  0.000000  0.000000
3655.0  0.174366  0.020806  0.174366  0.000000  0.000000
3660.0  0.203271  0.026757  0.203271  0.000000  0.000000
3665.0  0.196136  0.021280  0.196136  0.000000  0.000000
3670.0  0.183617  0.017384  0.183617  0.000000  0.000000
3675.0  0.180233  0.021596  0.180233  0.000000  0.000000
3680.0  0.163442  0.019730  0.163442  0.000000  0.000000
3685.0  0.158099  0.020730  0.158099  0.000000  0.000000
3690.0  0.162262  0.017501  0.162262  0.000000  0.000000
3695.0  0.183610  0.021105  0.183610  0.000000  0.000000
3700.0  0.199840  0.034313  0.199840  0.000000  0.000000
3705.0  0.159605  0.023466  0.159605  0.000000  0.000000
3710.0  0.147859  0.013630  0.147859  0.000000  0.000000
3715.0  0.162999  0.037862  0.162999  0.000000  0.000000
3720.0  0.123304  0.024451  0.123304  0.000000  0.000000
3725.0  0.128321  0.028838  0.128321  0.000000  0.000000
3730.0  0.121138  0.029622  0.121138  0.000000  0.000000
3735.0  0.094589  0.028155  0.094589  0.000000  0.000000
3740.0  0.097350  0.019710  0.097350  0.000000  0.000000
3745.0  0.089974  0.014346  0.089974  0.000000  0.000000
3750.0  0.092763  0.012143  0.092763  0.000000  0.000000
3755.0  0.127958  0.033240  0.127958  0.000000  0.000000
3760.0  0.115005  0.024023  0.115005  0.000000  0.000000
3765.0  0.127859  0.025852  0.127859  0.000000  0.000000
3770.0  0.152515  0.023927  0.152515  0.000000  0.000000
3775.0  0.176830  0.028443  0.176830  0.000000  0.000000
3780.0  0.186787  0.034357  0.186787  0.000000  0.000000
3785.0  0.168785  0.032432  0.168785  0.000000  0.000000
3790.0  0.131266  0.025615  0.131266  0.000000  0.000000
3795.0  0.117071  0.020288  0.117071  0.000000  0.000000
3800.0  0.123902  0.019233  0.123902  0.000000  0.000000
3805.0  0.142958  0.027399  0.142958  0.000000  0.000000
3810.0  0.139014  0.032009  0.139014  0.000000  0.000000
3815.0  0.111758  0.027480  0.111758  0.000000  0.000000
3820.0  0.077752  0.019958  0.077752  0.000000  0.000000
3825.0  0.068572  0.014864  0.068572  0.000000  0.000000
3830.0  0.071436  0.012977  0.071436  0.000000  0.000000
3835.0  0.073236  0.011348  0.073236  0.000000  0.000000
3840.0  0.078391  0.012895  0.078391  0.000000  0.000000
3845.0  0.091832  0.019013  0.091832  0.000000  0.000000
3850.0  0.098945  0.025092  0.098945  0.000000  0.000000
3855.0  0.094277  0.023379  0.094277  0.000000  0.000000
3860.0  0.084520  0.019148  0.084520  0.000000  0.000000
3865.0  0.092683  0.018892  0.092683  0.000000  0.000000
3870.0  0.090944  0.020396  0.090944  0.000000  0.000000
3875.0  0.098572  0.017947  0.098572  0.000000  0.000000
3880.0  0.102017  0.016895  0.102017  0.000000  0.000000
3885.0  0.124674  0.020449  0.124674  0.000000  0.000000
3890.0  0.159629  0.023123  0.159629  0.000000  0.000000
3895.0  0.184470  0.030157  0.184470  0.000000  0.000000
3900.0  0.180366  0.025196  0.180366  0.000000  0.000000
3905.0  0.181066  0.022957  0.181066  0.000000  0.000000
3910.0  0.195719  0.024601  0.195719  0.000000  0.000000
3915.0  0.198379  0.031975  0.198379  0.000000  0.000000
3920.0  0.160403  0.018864  0.160403  0.000000  0.000000
3925.0  0.127863  0.019744  0.127863  0.000000  0.000000
3930.0  0.081020  0.008686  0.081020  0.000000  0.000000
3935.0  0.064874  0.004800  0.064874  0.000000  0.000000
3940.0  0.097660  0.018130  0.097660  0.000000  0.000000
3945.0  0.141093  0.019887  0.141093  0.000000  0.000000
3950.0  0.189697  0.026239  0.189697  0.000000  0.000000
3955.0  0.207173  0.028254  0.207173  0.000000  0.000000
3960.0  0.171578  0.024605  0.171578  0.000000  0.000000
3965.0  0.104400  0.009269  0.104400  0.000000  0.000000
3970.0  0.081342  0.009759  0.081342  0.000000  0.000000
3975.0  0.151001  0.027798  0.151001  0.000000  0.000000
3980.0  0.232306  0.030175  0.232306  0.000000  0.000000
3985.0  0.282221  0.028521  0.282221  0.000000  0.000000
3990.0  0.305108  0.027639  0.305108  0.000000  0.000000
3995.0  0.317802  0.022869  0.317802  0.000000  0.000000
4000.0  0.338973  0.033574  0.338973  0.000000  0.000000
4005.0  0.340306  0.026450  0.340306  0.000000  0.000000
4010.0  0.350631  0.023266  0.350631  0.000000  0.000000
4015.0  0.383057  0.037484  0.383057  0.000000  0.000000
4020.0  0.384652  0.024408  0.384652  0.000000  0.000000
4025.0  0.376903  0.032690  0.376903  0.000000  0.000000
4030.0  0.344695  0.030907  0.344695  0.000000  0.000000
4035.0  0.341165  0.039320  0.341165  0.000000  0.000000
4040.0  0.363398  0.047739  0.363398  0.000000  0.000000
4045.0  0.321342  0.039623  0.321342  0.000000  0.000000
4050.0  0.347489  0.040034  0.347489  0.000000  0.000000
4055.0  0.338157  0.030035  0.338157  0.000000  0.000000
4060.0  0.317662  0.039226  0.317662  0.000000  0.000000
4065.0  0.318151  0.039792  0.318151  0.000000  0.000000
4070.0  0.329979  0.034713  0.329979  0.000000  0.000000
4075.0  0.336532  0.029231  0.336532  0.000000  0.000000
4080.0  0.363750  0.028989  0.363750  0.000000  0.000000
4085.0  0.411474  0.040245  0.411474  0.000000  0.000000
4090.0  0.427002  0.049309  0.427002  0.000000  0.000000
4095.0  0.386484  0.043874  0.386484  0.000000  0.000000
4100.0  0.351668  0.033314  0.351668  0.000000  0.000000
4105.0  0.364281  0.034836  0.364281  0.000000  0.000000
4110.0  0.371895  0.040842  0.371895  0.000000  0.000000
4115.0  0.368467  0.047264  0.368467  0.000000  0.000000
4120.0  0.356535  0.049445  0.356535  0.000000  0.000000
4125.0  0.356801  0.050993  0.356801  0.000000  0.000000
4130.0  0.340930  0.057547  0.340930  0.000000  0.000000
4135.0  0.335941  0.061551  0.335941  0.000000  0.000000
4140.0  0.329549  0.059649  0.329549  0.000000  0.000000
4145.0  0.299968  0.055557  0.299968  0.000000  0.000000
4150.0  0.286916  0.051905  0.286916  0.000000  0.000000
4155.0  0.300256  0.058737  0.300256  0.000000  0.000000
4160.0  0.334219  0.062261  0.334219  0.000000  0.000000
4165.0  0.339510  0.063099  0.339510  0.000000  0.000000
4170.0  0.327917  0.060370  0.327917  0.000000  0.000000
4175.0  0.306881  0.053684  0.306881  0.000000  0.000000
4180.0  0.313571  0.042179  0.313571  0.000000  0.000000
4185.0  0.343779  0.039312  0.343779  0.000000  0.000000
4190.0  0.357547  0.043028  0.357547  0.000000  0.000000
4195.0  0.340601  0.042906  0.340601  0.000000  0.000000
4200.0  0.328862  0.037907  0.328862  0.000000  0.000000
4205.0  0.353662  0.033660  0.353662  0.000000  0.000000
4210.0  0.377364  0.037278  0.377364  0.000000  0.000000
4215.0  0.394909  0.046831  0.394909  0.000000  0.000000
4220.0  0.436794  0.052804  0.436794  0.000000  0.000000
4225.0  0.352423  0.036646  0.352423  0.000000  0.000000
4230.0  0.358008  0.021359  0.358008  0.000000  0.000000
4235.0  0.396174  0.022619  0.396174  0.000000  0.000000
4240.0  0.441268  0.012082  0.441268  0.000000  0.000000
4245.0  0.479554  0.032407  0.479554  0.000000  0.000000
4250.0  0.437002  0.021382  0.437002  0.000000  0.000000
4255.0  0.420928  0.018196  0.420928  0.000000  0.000000
4260.0  0.430334  0.012286  0.430334  0.000000  0.000000
4265.0  0.464163  0.039084  0.464163  0.000000  0.000000
4270.0  0.421093  0.032515  0.421093  0.000000  0.000000
4275.0  0.407213  0.038382  0.407213  0.000000  0.000000
4280.0  0.440102  0.028347  0.440102  0.000000  0.000000
4285.0  0.426583  0.018264  0.426583  0.000000  0.000000
4290.0  0.402207  0.009760  0.402207  0.000000  0.000000
4295.0  0.396977  0.024827  0.396977  0.000000  0.000000
4300.0  0.352862  0.025488  0.352862  0.000000  0.000000
4305.0  0.305928  0.006347  0.305928  0.000000  0.000000
4310.0  0.319162  0.020113  0.319162  0.000000  0.000000
4315.0  0.482650  0.033427  0.482650  0.000000  0.000000
4320.0  0.581106  0.048271  0.581106  0.000000  0.000000
4325.0  0.517278  0.065395  0.517278  0.000000  0.000000
4330.0  0.549225  0.027459  0.549225  0.000000  0.000000
4335.0  0.577904  0.053057  0.577904  0.000000  0.000000
4340.0  0.546760  0.020751  0.546760  0.000000  0.000000
4345.0  0.592457  0.023554  0.592457  0.000000  0.000000
4350.0  0.596122  0.018230  0.596122  0.000000  0.000000
4355.0  0.582540  0.013500  0.582540  0.000000  0.000000
4360.0  0.604961  0.022087  0.604961  0.000000  0.000000
4365.0  0.632519  0.043711  0.632519  0.000000  0.000000
4370.0  0.603166  0.022467  0.603166  0.000000  0.000000
4375.0  0.565342  0.028091  0.565342  0.000000  0.000000
4380.0  0.520222  0.033799  0.520222  0.000000  0.000000
4385.0  0.442510  0.036071  0.442510  0.000000  0.000000
4390.0  0.484858  0.022543  0.484858  0.000000  0.000000
4395.0  0.539129  0.020804  0.539129  0.000000  0.000000
4400.0  0.570184  0.030539  0.570184  0.000000  0.000000
4405.0  0.515158  0.040201  0.515158  0.000000  0.000000
4410.0  0.545609  0.023299  0.545609  0.000000  0.000000
4415.0  0.569356  0.012099  0.569356  0.000000  0.000000
4420.0  0.601259  0.010365  0.601259  0.000000  0.000000
4425.0  0.609825  0.008334  0.609825  0.000000  0.000000
4430.0  0.607528  0.010229  0.607528  0.000000  0.000000
4435.0  0.591687  0.010673  0.591687  0.000000  0.000000
4440.0  0.628368  0.020802  0.628368  0.000000  0.000000
4445.0  0.654205  0.007149  0.654205  0.000000  0.000000
4450.0  0.676826  0.029232  0.676826  0.000000  0.000000
4455.0  0.613279  0.006226  0.613279  0.000000  0.000000
4460.0  0.566065  0.005182  0.566065  0.000000  0.000000
4465.0  0.606525  0.027475  0.606525  0.000000  0.000000
4470.0  0.653458  0.017951  0.653458  0.000000  0.000000
4475.0  0.710810  0.029398  0.710810  0.000000  0.000000
4480.0  0.715567  0.006261  0.715567  0.000000  0.000000
4485.0  0.735693  0.024687  0.735693  0.000000  0.000000
4490.0  0.704526  0.020243  0.704526  0.000000  0.000000
4495.0  0.684884  0.015604  0.684884  0.000000  0.000000
4500.0  0.731682  0.031122  0.731682  0.000000  0.000000
4505.0  0.789261  0.026884  0.789261  0.000000  0.000000
4510.0  0.805271  0.027570  0.805271  0.000000  0.000000
4515.0  0.768857  0.039110  0.768857  0.000000  0.000000
4520.0  0.757745  0.027028  0.757745  0.000000  0.000000
4525.0  0.684023  0.008815  0.684023  0.000000  0.000000
4530.0  0.629434  0.020448  0.629434  0.000000  0.000000
4535.0  0.674185  0.021046  0.674185  0.000000  0.000000
4540.0  0.708508  0.016857  0.708508  0.000000  0.000000
4545.0  0.716733  0.013420  0.716733  0.000000  0.000000
4550.0  0.714147  0.013584  0.714147  0.000000  0.000000
4555.0  0.751357  0.011752  0.751357  0.000000  0.000000
4560.0  0.782397  0.015258  0.782397  0.000000  0.000000
4565.0  0.764477  0.006087  0.764477  0.000000  0.000000
4570.0  0.772141  0.018473  0.772141  0.000000  0.000000
4575.0  0.767750  0.023418  0.767750  0.000000  0.000000
4580.0  0.746423  0.017464  0.746423  0.000000  0.000000
4585.0  0.758033  0.020179  0.758033  0.000000  0.000000
4590.0  0.775248  0.018811  0.775248  0.000000  0.000000
4595.0  0.738470  0.011798  0.738470  0.000000  0.000000
4600.0  0.729773  0.017515  0.729773  0.000000  0.000000
4605.0  0.771381  0.013974  0.771381  0.000000  0.000000
4610.0  0.832122  0.023865  0.832122  0.000000  0.000000
4615.0  0.843321  0.010010  0.843321  0.000000  0.000000
4620.0  0.850386  0.010981  0.850386  0.000000  0.000000
4625.0  0.852400  0.022119  0.852400  0.000000  0.000000
4630.0  0.840183  0.019124  0.840183  0.000000  0.000000
4635.0  0.794808  0.023277  0.794808  0.000000  0.000000
4640.0  0.754642  0.035017  0.754642  0.000000  0.000000
4645.0  0.713635  0.049060  0.713635  0.000000  0.000000
4650.0  0.740172  0.041921  0.740172  0.000000  0.000000
4655.0  0.788578  0.033253  0.788578  0.000000  0.000000
4660.0  0.811318  0.041504  0.811318  0.000000  0.000000
4665.0  0.736493  0.036940  0.736493  0.000000  0.000000
4670.0  0.725723  0.033245  0.725723  0.000000  0.000000
4675.0  0.771734  0.043543  0.771734  0.000000  0.000000
4680.0  0.766104  0.046290  0.766104  0.000000  0.000000
4685.0  0.769421  0.048280  0.769421  0.000000  0.000000
4690.0  0.763470  0.046235  0.763470  0.000000  0.000000
4695.0  0.767399  0.056793  0.767399  0.000000  0.000000
4700.0  0.747652  0.059375  0.747652  0.000000  0.000000
4705.0  0.743210  0.047833  0.743210  0.000000  0.000000
4710.0  0.749291  0.036564  0.749291  0.000000  0.000000
4715.0  0.790075  0.034141  0.790075  0.000000  0.000000
4720.0  0.843736  0.021189  0.843736  0.000000  0.000000
4725.0  0.825438  0.028988  0.825438  0.000000  0.000000
4730.0  0.759479  0.038678  0.759479  0.000000  0.000000
4735.0  0.792157  0.033896  0.792157  0.000000  0.000000
4740.0  0.828688  0.016629  0.828688  0.000000  0.000000
4745.0  0.850920  0.009632  0.850920  0.000000  0.000000
4750.0  0.856470  0.018133  0.856470  0.000000  0.000000
4755.0  0.833272  0.025686  0.833272  0.000000  0.000000
4760.0  0.828914  0.026239  0.828914  0.000000  0.000000
4765.0  0.801933  0.022090  0.801933  0.000000  0.000000
4770.0  0.830828  0.028634  0.830828  0.000000  0.000000
4775.0  0.875500  0.029919  0.875500  0.000000  0.000000
4780.0  0.878283  0.024122  0.878283  0.000000  0.000000
4785.0  0.829782  0.015240  0.829782  0.000000  0.000000
4790.0  0.835575  0.018415  0.835575  0.000000  0.000000
4795.0  0.878180  0.037023  0.878180  0.000000  0.000000
4800.0  0.882823  0.018389  0.882823  0.000000  0.000000
4805.0  0.877391  0.013963  0.877391  0.000000  0.000000
4810.0  0.871624  0.009982  0.871624  0.000000  0.000000
4815.0  0.899780  0.011764  0.899780  0.000000  0.000000
4820.0  0.910362  0.007426  0.910362  0.000000  0.000000
4825.0  0.883464  0.012860  0.883464  0.000000  0.000000
4830.0  0.862034  0.014101  0.862034  0.000000  0.000000
4835.0  0.866472  0.024250  0.866472  0.000000  0.000000
4840.0  0.863004  0.017133  0.863004  0.000000  0.000000
4845.0  0.875038  0.019165  0.875038  0.000000  0.000000
4850.0  0.876788  0.022977  0.876788  0.000000  0.000000
4855.0  0.826683  0.021832  0.826683  0.000000  0.000000
4860.0  0.775823  0.018926  0.775823  0.000000  0.000000
4865.0  0.777579  0.010529  0.777579  0.000000  0.000000
4870.0  0.785804  0.017655  0.785804  0.000000  0.000000
4875.0  0.815503  0.017351  0.815503  0.000000  0.000000
4880.0  0.856985  0.023931  0.856985  0.000000  0.000000
4885.0  0.808496  0.024452  0.808496  0.000000  0.000000
4890.0  0.797163  0.008720  0.797163  0.000000  0.000000
4895.0  0.887602  0.017243  0.887602  0.000000  0.000000
4900.0  0.930094  0.022124  0.930094  0.000000  0.000000
4905.0  0.914624  0.036648  0.914624  0.000000  0.000000
4910.0  0.866403  0.009863  0.866403  0.000000  0.000000
4915.0  0.852031  0.034352  0.852031  0.000000  0.000000
4920.0  0.802306  0.034176  0.802306  0.000000  0.000000
4925.0  0.835916  0.030790  0.835916  0.000000  0.000000
4930.0  0.913956  0.026193  0.913956  0.000000  0.000000
4935.0  0.879448  0.040462  0.879448  0.000000  0.000000
4940.0  0.844674  0.005552  0.844674  0.000000  0.000000
4945.0  0.925424  0.033961  0.925424  0.000000  0.000000
4950.0  0.955348  0.019129  0.955348  0.000000  0.000000
4955.0  0.930564  0.029649  0.930564  0.000000  0.000000
4960.0  0.894332  0.009042  0.894332  0.000000  0.000000
4965.0  0.911647  0.038486  0.911647  0.000000  0.000000
4970.0  0.892012  0.007314  0.892012  0.000000  0.000000
4975.0  0.916806  0.027459  0.916806  0.000000  0.000000
4980.0  0.867828  0.036364  0.867828  0.000000  0.000000
4985.0  0.833198  0.029727  0.833198  0.000000  0.000000
4990.0  0.872862  0.031429  0.872862  0.000000  0.000000
4995.0  0.872558  0.023606  0.872558  0.000000  0.000000
5000.0  0.858554  0.047212  0.858554  0.000000  0.000000
5005.0  0.810793  0.043922  0.810793  0.000000  0.000000
5010.0  0.806162  0.040983  0.806162  0.000000  0.000000
5015.0  0.768010  0.027913  0.768010  0.000000  0.000000
5020.0  0.781529  0.021167  0.781529  0.000000  0.000000
5025.0  0.813013  0.019675  0.813013  0.000000  0.000000
5030.0  0.861835  0.018411  0.861835  0.000000  0.000000
5035.0  0.856733  0.049343  0.856733  0.000000  0.000000
5040.0  0.790122  0.019026  0.790122  0.000000  0.000000
5045.0  0.823730  0.022753  0.823730  0.000000  0.000000
5050.0  0.856200  0.031996  0.856200  0.000000  0.000000
5055.0  0.878693  0.023277  0.878693  0.000000  0.000000
5060.0  0.924596  0.037469  0.924596  0.000000  0.000000
5065.0  0.877937  0.036246  0.877937  0.000000  0.000000
5070.0  0.842364  0.030936  0.842364  0.000000  0.000000
5075.0  0.829619  0.042689  0.829619  0.000000  0.000000
5080.0  0.796324  0.039300  0.796324  0.000000  0.000000
5085.0  0.806641  0.026840  0.806641  0.000000  0.000000
5090.0  0.857452  0.034498  0.857452  0.000000  0.000000
5095.0  0.863733  0.054053  0.863733  0.000000  0.000000
5100.0  0.819247  0.033768  0.819247  0.000000  0.000000
5105.0  0.817901  0.052451  0.817901  0.000000  0.000000
5110.0  0.803889  0.034265  0.803889  0.000000  0.000000
5115.0  0.853010  0.037384  0.853010  0.000000  0.000000
5120.0  0.859637  0.057440  0.859637  0.000000  0.000000
5125.0  0.777750  0.047547  0.777750  0.000000  0.000000
5130.0  0.773850  0.038427  0.773850  0.000000  0.000000
5135.0  0.814618  0.056957  0.814618  0.000000  0.000000
5140.0  0.803622  0.039785  0.803622  0.000000  0.000000
5145.0  0.777611  0.043528  0.777611  0.000000  0.000000
5150.0  0.765729  0.042024  0.765729  0.000000  0.000000
5155.0  0.797633  0.031523  0.797633  0.000000  0.000000
5160.0  0.820521  0.064159  0.820521  0.000000  0.000000
5165.0  0.696873  0.053897  0.696873  0.000000  0.000000
5170.0  0.613495  0.035396  0.613495  0.000000  0.000000
5175.0  0.676260  0.017475  0.676260  0.000000  0.000000
5180.0  0.742245  0.056131  0.742245  0.000000  0.000000
5185.0  0.724291  0.024879  0.724291  0.000000  0.000000
5190.0  0.795996  0.034361  0.795996  0.000000  0.000000
5195.0  0.825719  0.007280  0.825719  0.000000  0.000000
5200.0  0.860532  0.037600  0.860532  0.000000  0.000000
5205.0  0.782051  0.029817  0.782051  0.000000  0.000000
5210.0  0.769567  0.016745  0.769567  0.000000  0.000000
5215.0  0.857511  0.028469  0.857511  0.000000  0.000000
5220.0  0.903631  0.026968  0.903631  0.000000  0.000000
5225.0  0.836765  0.033700  0.836765  0.000000  0.000000
5230.0  0.842057  0.009264  0.842057  0.000000  0.000000
5235.0  0.903035  0.017343  0.903035  0.000000  0.000000
5240.0  0.953313  0.023973  0.953313  0.000000  0.000000
5245.0  0.929142  0.032382  0.929142  0.000000  0.000000
5250.0  0.869576  0.008068  0.869576  0.000000  0.000000
5255.0  0.905256  0.010946  0.905256  0.000000  0.000000
5260.0  0.914708  0.034604  0.914708  0.000000  0.000000
5265.0  0.773708  0.049332  0.773708  0.000000  0.000000
5270.0  0.733706  0.018763  0.733706  0.000000  0.000000
5275.0  0.840982  0.019591  0.840982  0.000000  0.000000
5280.0  0.936001  0.010082  0.936001  0.000000  0.000000
5285.0  0.969480  0.031440  0.969480  0.000000  0.000000
5290.0  1.017402  0.017801  1.017402  0.000000  0.000000
5295.0  0.951591  0.013788  0.951591  0.000000  0.000000
5300.0  0.913100  0.010553  0.913100  0.000000  0.000000
5305.0  1.004902  0.036691  1.004902  0.000000  0.000000
5310.0  1.048689  0.011315  1.048689  0.000000  0.000000
5315.0  1.037539  0.010698  1.037539  0.000000  0.000000
5320.0  0.993109  0.015665  0.993109  0.000000  0.000000
5325.0  0.902965  0.018591  0.902965  0.000000  0.000000
5330.0  0.868026  0.016798  0.868026  0.000000  0.000000
5335.0  0.958859  0.040214  0.958859  0.000000  0.000000
5340.0  0.965612  0.001605  0.965612  0.000000  0.000000
5345.0  0.959239  0.006974  0.959239  0.000000  0.000000
5350.0  0.981415  0.014270  0.981415  0.000000  0.000000
5355.0  1.062754  0.031705  1.062754  0.000000  0.000000
5360.0  1.072180  0.015863  1.072180  0.000000  0.000000
5365.0  1.000986  0.007116  1.000986  0.000000  0.000000
5370.0  0.934830  0.012921  0.934830  0.000000  0.000000
5375.0  0.986449  0.006595  0.986449  0.000000  0.000000
5380.0  1.030323  0.005074  1.030323  0.000000  0.000000
5385.0  1.007470  0.006974  1.007470  0.000000  0.000000
5390.0  0.958775  0.012644  0.958775  0.000000  0.000000
5395.0  0.912387  0.020852  0.912387  0.000000  0.000000
5400.0  0.910058  0.014367  0.910058  0.000000  0.000000
5405.0  0.868558  0.013804  0.868558  0.000000  0.000000
5410.0  0.901525  0.012112  0.901525  0.000000  0.000000
5415.0  0.991939  0.035245  0.991939  0.000000  0.000000
5420.0  1.015935  0.008312  1.015935  0.000000  0.000000
5425.0  1.000328  0.011565  1.000328  0.000000  0.000000
5430.0  0.957164  0.016543  0.957164  0.000000  0.000000
5435.0  0.936923  0.018753  0.936923  0.000000  0.000000
5440.0  1.005725  0.043352  1.005725  0.000000  0.000000
5445.0  0.998892  0.023945  0.998892  0.000000  0.000000
5450.0  0.990006  0.013039  0.990006  0.000000  0.000000
5455.0  0.981319  0.007285  0.981319  0.000000  0.000000
5460.0  1.003834  0.028688  1.003834  0.000000  0.000000
5465.0  0.995171  0.007353  0.995171  0.000000  0.000000
5470.0  0.989041  0.010936  0.989041  0.000000  0.000000
5475.0  0.949886  0.011780  0.949886  0.000000  0.000000
5480.0  0.936291  0.003866  0.936291  0.000000  0.000000
5485.0  0.965402  0.017875  0.965402  0.000000  0.000000
5490.0  0.976013  0.004663  0.976013  0.000000  0.000000
5495.0  1.000412  0.007907  1.000412  0.000000  0.000000
5500.0  1.014150  0.024856  1.014150  0.000000  0.000000
5505.0  0.984398  0.009152  0.984398  0.000000  0.000000
5510.0  0.968062  0.011553  0.968062  0.000000  0.000000
5515.0  0.962034  0.010959  0.962034  0.000000  0.000000
5520.0  1.004599  0.019360  1.004599  0.000000  0.000000
5525.0  1.001959  0.010923  1.001959  0.000000  0.000000
5530.0  0.988371  0.005389  0.988371  0.000000  0.000000
5535.0  0.996970  0.000964  0.996970  0.000000  0.000000
5540.0  1.009464  0.005213  1.009464  0.000000  0.000000
5545.0  1.034999  0.011627  1.034999  0.000000  0.000000
5550.0  1.054514  0.014570  1.054514  0.000000  0.000000
5555.0  1.046078  0.003801  1.046078  0.000000  0.000000
5560.0  1.024436  0.014467  1.024436  0.000000  0.000000
5565.0  1.008144  0.009456  1.008144  0.000000  0.000000
5570.0  0.994844  0.006368  0.994844  0.000000  0.000000
5575.0  1.017183  0.003548  1.017183  0.000000  0.000000
5580.0  1.024579  0.013569  1.024579  0.000000  0.000000
5585.0  0.976528  0.025602  0.976528  0.000000  0.000000
5590.0  0.933258  0.023014  0.933258  0.000000  0.000000
5595.0  0.967324  0.010621  0.967324  0.000000  0.000000
5600.0  0.989658  0.004724  0.989658  0.000000  0.000000
5605.0  1.018428  0.025473  1.018428  0.000000  0.000000
5610.0  1.066116  0.013173  1.066116  0.000000  0.000000
5615.0  1.019775  0.006028  1.019775  0.000000  0.000000
5620.0  0.984489  0.011391  0.984489  0.000000  0.000000
5625.0  0.991803  0.009870  0.991803  0.000000  0.000000
5630.0  1.009393  0.017303  1.009393  0.000000  0.000000
5635.0  1.026483  0.011220  1.026483  0.000000  0.000000
5640.0  1.008596  0.009493  1.008596  0.000000  0.000000
5645.0  1.005154  0.018949  1.005154  0.000000  0.000000
5650.0  1.023535  0.005748  1.023535  0.000000  0.000000
5655.0  1.003424  0.007658  1.003424  0.000000  0.000000
5660.0  0.971514  0.014714  0.971514  0.000000  0.000000
5665.0  0.989775  0.019172  0.989775  0.000000  0.000000
5670.0  1.019158  0.030437  1.019158  0.000000  0.000000
5675.0  1.063975  0.020191  1.063975  0.000000  0.000000
5680.0  1.061299  0.003763  1.061299  0.000000  0.000000
5685.0  1.025049  0.014086  1.025049  0.000000  0.000000
5690.0  1.025282  0.026489  1.025282  0.000000  0.000000
5695.0  1.042710  0.029445  1.042710  0.000000  0.000000
5700.0  1.007729  0.007723  1.007729  0.000000  0.000000
5705.0  0.960781  0.001440  0.960781  0.000000  0.000000
5710.0  0.944259  0.015048  0.944259  0.000000  0.000000
5715.0  0.998695  0.020399  0.998695  0.000000  0.000000
5720.0  1.061878  0.031232  1.061878  0.000000  0.000000
5725.0  1.088158  0.023532  1.088158  0.000000  0.000000
5730.0  1.062956  0.012720  1.062956  0.000000  0.000000
5735.0  1.067422  0.010406  1.067422  0.000000  0.000000
5740.0  1.072120  0.010128  1.072120  0.000000  0.000000
5745.0  1.062332  0.019200  1.062332  0.000000  0.000000
5750.0  1.050062  0.009672  1.050062  0.000000  0.000000
5755.0  1.032000  0.013705  1.032000  0.000000  0.000000
5760.0  1.037419  0.014192  1.037419  0.000000  0.000000
5765.0  1.065028  0.023951  1.065028  0.000000  0.000000
5770.0  1.099525  0.005932  1.099525  0.000000  0.000000
5775.0  1.074989  0.004056  1.074989  0.000000  0.000000
5780.0  1.015654  0.019260  1.015654  0.000000  0.000000
5785.0  0.965189  0.043713  0.965189  0.000000  0.000000
5790.0  1.013355  0.009775  1.013355  0.000000  0.000000
5795.0  1.055410  0.020252  1.055410  0.000000  0.000000
5800.0  1.075834  0.025389  1.075834  0.000000  0.000000
5805.0  1.076585  0.020319  1.076585  0.000000  0.000000
5810.0  1.072619  0.020598  1.072619  0.000000  0.000000
5815.0  1.083956  0.023294  1.083956  0.000000  0.000000
5820.0  1.110566  0.021278  1.110566  0.000000  0.000000
5825.0  1.124575  0.019906  1.124575  0.000000  0.000000
5830.0  1.124292  0.008974  1.124292  0.000000  0.000000
5835.0  1.104862  0.016629  1.104862  0.000000  0.000000
5840.0  1.108976  0.022978  1.108976  0.000000  0.000000
5845.0  1.106932  0.019378  1.106932  0.000000  0.000000
5850.0  1.092907  0.005376  1.092907  0.000000  0.000000
5855.0  1.056159  0.019448  1.056159  0.000000  0.000000
5860.0  1.045750  0.017704  1.045750  0.000000  0.000000
5865.0  1.076173  0.018517  1.076173  0.000000  0.000000
5870.0  1.098562  0.015152  1.098562  0.000000  0.000000
5875.0  1.106068  0.002674  1.106068  0.000000  0.000000
5880.0  1.065063  0.020378  1.065063  0.000000  0.000000
5885.0  0.994044  0.036941  0.994044  0.000000  0.000000
5890.0  0.843807  0.095778  0.843807  0.000000  0.000000
5895.0  0.837082  0.084216  0.837082  0.000000  0.000000
5900.0  0.967200  0.009881  0.967200  0.000000  0.000000
5905.0  1.058268  0.019385  1.058268  0.000000  0.000000
5910.0  1.085619  0.006180  1.085619  0.000000  0.000000
5915.0  1.067479  0.013840  1.067479  0.000000  0.000000
5920.0  1.068747  0.019363  1.068747  0.000000  0.000000
5925.0  1.086932  0.018048  1.086932  0.000000  0.000000
5930.0  1.082563  0.022981  1.082563  0.000000  0.000000
5935.0  1.081614  0.015677  1.081614  0.000000  0.000000
5940.0  1.077586  0.014799  1.077586  0.000000  0.000000
5945.0  1.075787  0.021147  1.075787  0.000000  0.000000
5950.0  1.075365  0.020881  1.075365  0.000000  0.000000
5955.0  1.066559  0.026516  1.066559  0.000000  0.000000
5960.0  1.085958  0.018084  1.085958  0.000000  0.000000
5965.0  1.099569  0.025501  1.099569  0.000000  0.000000
5970.0  1.110215  0.024535  1.110215  0.000000  0.000000
5975.0  1.088196  0.030871  1.088196  0.000000  0.000000
5980.0  1.068585  0.019005  1.068585  0.000000  0.000000
5985.0  1.051336  0.030984  1.051336  0.000000  0.000000
5990.0  1.070658  0.019551  1.070658  0.000000  0.000000
5995.0  1.078305  0.012663  1.078305  0.000000  0.000000
6000.0  1.071527  0.013151  1.071527  0.000000  0.000000
6005.0  1.061902  0.017893  1.061902  0.000000  0.000000
6010.0  1.051039  0.013902  1.051039  0.000000  0.000000
6015.0  1.035315  0.016438  1.035315  0.000000  0.000000
6020.0  1.031606  0.018280  1.031606  0.000000  0.000000
6025.0  1.067792  0.023870  1.067792  0.000000  0.000000
6030.0  1.093990  0.024747  1.093990  0.000000  0.000000
6035.0  1.107576  0.028688  1.107576  0.000000  0.000000
6040.0  1.101591  0.025777  1.101591  0.000000  0.000000
6045.0  1.112166  0.025574  1.112166  0.000000  0.000000
6050.0  1.119796  0.024049  1.119796  0.000000  0.000000
6055.0  1.095227  0.024212  1.095227  0.000000  0.000000
6060.0  1.082465  0.016783  1.082465  0.000000  0.000000
6065.0  1.078096  0.026220  1.078096  0.000000  0.000000
6070.0  1.103481  0.037102  1.103481  0.000000  0.000000
6075.0  1.103036  0.032213  1.103036  0.000000  0.000000
6080.0  1.070365  0.032770  1.070365  0.000000  0.000000
6085.0  1.055808  0.020768  1.055808  0.000000  0.000000
6090.0  1.044459  0.024438  1.044459  0.000000  0.000000
6095.0  1.052465  0.023936  1.052465  0.000000  0.000000
6100.0  1.050427  0.028394  1.050427  0.000000  0.000000
6105.0  1.047933  0.028538  1.047933  0.000000  0.000000
6110.0  1.069822  0.023762  1.069822  0.000000  0.000000
6115.0  1.086520  0.035745  1.086520  0.000000  0.000000
6120.0  1.042793  0.030051  1.042793  0.000000  0.000000
6125.0  1.038678  0.029182  1.038678  0.000000  0.000000
6130.0  1.045899  0.021207  1.045899  0.000000  0.000000
6135.0  1.006461  0.032779  1.006461  0.000000  0.000000
6140.0  1.003108  0.029343  1.003108  0.000000  0.000000
6145.0  1.042115  0.031558  1.042115  0.000000  0.000000
6150.0  1.052369  0.022286  1.052369  0.000000  0.000000
6155.0  1.041857  0.017133  1.041857  0.000000  0.000000
6160.0  0.998668  0.025205  0.998668  0.000000  0.000000
6165.0  0.986182  0.016279  0.986182  0.000000  0.000000
6170.0  0.995493  0.030864  0.995493  0.000000  0.000000
6175.0  1.034707  0.028389  1.034707  0.000000  0.000000
6180.0  1.070632  0.021545  1.070632  0.000000  0.000000
6185.0  1.061466  0.015939  1.061466  0.000000  0.000000
6190.0  1.018365  0.027672  1.018365  0.000000  0.000000
6195.0  1.043146  0.022267  1.043146  0.000000  0.000000
6200.0  1.073773  0.019580  1.073773  0.000000  0.000000
6205.0  1.081839  0.023149  1.081839  0.000000  0.000000
6210.0  1.074053  0.011972  1.074053  0.000000  0.000000
6215.0  1.013472  0.023789  1.013472  0.000000  0.000000
6220.0  0.993851  0.013640  0.993851  0.000000  0.000000
6225.0  1.010374  0.013151  1.010374  0.000000  0.000000
6230.0  1.009852  0.010771  1.009852  0.000000  0.000000
6235.0  1.019784  0.015461  1.019784  0.000000  0.000000
6240.0  1.021687  0.017889  1.021687  0.000000  0.000000
6245.0  1.000664  0.033651  1.000664  0.000000  0.000000
6250.0  1.012970  0.014590  1.012970  0.000000  0.000000
6255.0  0.959310  0.018008  0.959310  0.000000  0.000000
6260.0  0.949053  0.010985  0.949053  0.000000  0.000000
6265.0  0.995730  0.031290  0.995730  0.000000  0.000000
6270.0  1.024106  0.017736  1.024106  0.000000  0.000000
6275.0  1.025903  0.013227  1.025903  0.000000  0.000000
6280.0  1.008646  0.020764  1.008646  0.000000  0.000000
6285.0  1.025490  0.020871  1.025490  0.000000  0.000000
6290.0  1.055710  0.008781  1.055710  0.000000  0.000000
6295.0  1.025306  0.008525  1.025306  0.000000  0.000000
6300.0  1.002384  0.009695  1.002384  0.000000  0.000000
6305.0  1.015233  0.015750  1.015233  0.000000  0.000000
6310.0  1.034373  0.012412  1.034373  0.000000  0.000000
6315.0  1.005314  0.020864  1.005314  0.000000  0.000000
6320.0  0.989266  0.017210  0.989266  0.000000  0.000000
6325.0  1.036638  0.017166  1.036638  0.000000  0.000000
6330.0  1.053415  0.012395  1.053415  0.000000  0.000000
6335.0  1.037963  0.015228  1.037963  0.000000  0.000000
6340.0  1.014430  0.019794  1.014430  0.000000  0.000000
6345.0  1.026459  0.019017  1.026459  0.000000  0.000000
6350.0  1.045668  0.014511  1.045668  0.000000  0.000000
6355.0  1.022181  0.020809  1.022181  0.000000  0.000000
6360.0  0.977298  0.041113  0.977298  0.000000  0.000000
6365.0  0.986120  0.034098  0.986120  0.000000  0.000000
6370.0  1.048564  0.021688  1.048564  0.000000  0.000000
6375.0  1.071282  0.015359  1.071282  0.000000  0.000000
6380.0  1.059875  0.031127  1.059875  0.000000  0.000000
6385.0  1.069787  0.024132  1.069787  0.000000  0.000000
6390.0  1.065772  0.024019  1.065772  0.000000  0.000000
6395.0  1.038160  0.016024  1.038160  0.000000  0.000000
6400.0  1.027447  0.021248  1.027447  0.000000  0.000000
6405.0  1.047340  0.014020  1.047340  0.000000  0.000000
6410.0  1.037514  0.027358  1.037514  0.000000  0.000000
6415.0  1.037172  0.022857  1.037172  0.000000  0.000000
6420.0  1.034951  0.024764  1.034951  0.000000  0.000000
6425.0  1.056994  0.018257  1.056994  0.000000  0.000000
6430.0  1.055632  0.024091  1.055632  0.000000  0.000000
6435.0  1.045599  0.021106  1.045599  0.000000  0.000000
6440.0  1.051138  0.027318  1.051138  0.000000  0.000000
6445.0  1.065186  0.013308  1.065186  0.000000  0.000000
6450.0  1.025944  0.024715  1.025944  0.000000  0.000000
6455.0  1.032427  0.027206  1.032427  0.000000  0.000000
6460.0  1.064372  0.015251  1.064372  0.000000  0.000000
6465.0  1.050267  0.029651  1.050267  0.000000  0.000000
6470.0  1.056244  0.019715  1.056244  0.000000  0.000000
6475.0  1.062956  0.021697  1.062956  0.000000  0.000000
6480.0  1.059551  0.016316  1.059551  0.000000  0.000000
6485.0  1.052316  0.022784  1.052316  0.000000  0.000000
6490.0  1.034041  0.019334  1.034041  0.000000  0.000000
6495.0  0.950164  0.032912  0.950164  0.000000  0.000000
6500.0  0.960014  0.021030  0.960014  0.000000  0.000000
6505.0  1.031008  0.020678  1.031008  0.000000  0.000000
6510.0  1.066260  0.012407  1.066260  0.000000  0.000000
6515.0  1.071947  0.013726  1.071947  0.000000  0.000000
6520.0  1.066135  0.006584  1.066135  0.000000  0.000000
6525.0  1.071413  0.007226  1.071413  0.000000  0.000000
6530.0  1.056780  0.014121  1.056780  0.000000  0.000000
6535.0  1.061359  0.018182  1.061359  0.000000  0.000000
6540.0  1.078624  0.010142  1.078624  0.000000  0.000000
6545.0  1.059601  0.017464  1.059601  0.000000  0.000000
6550.0  1.046146  0.011169  1.046146  0.000000  0.000000
6555.0  1.019068  0.010205  1.019068  0.000000  0.000000
6560.0  0.970622  0.027311  0.970622  0.000000  0.000000
6565.0  0.967220  0.033059  0.967220  0.000000  0.000000
6570.0  1.021300  0.022813  1.021300  0.000000  0.000000
6575.0  1.031672  0.020939  1.031672  0.000000  0.000000
