1224.08 1.5e17			
1148.61 1.5e17
1470.36 1.5e17
1496.43 1.5e17
1335.86 1.5e17
2511.10 1.5e17
1079.80 1.5e17
1106.94 1.5e17
624.57  1.5e17
 INDEF  1.5e17
2063.99 1.5e17
1372.35 1.5e17
2057.53 1.5e17
1444.26 1.5e17
1458.02 1.5e17
1095.75 1.5e17
1100.94 1.5e17
1086.88 1.5e17
1764.67 1.5e17
2328.15 1.5e17
1090.18 1.5e17
1052.20 1.5e17
928.46  1.5e17
1420.79 1.5e17
1262.93 1.5e17
1064.05 1.5e17
905.50  1.5e17
997.10  1.5e17
1013.00 1.5e17
1095.72 1.5e17
1160.73 1.5e17
990.97  1.5e17
1447.54 1.5e17
983.95  1.5e17
1008.92 1.5e17
1093.70 1.5e17
1130.92 1.5e17
1249.59 1.5e17
1044.84 1.5e17
1019.92 1.5e17
1028.96 1.5e17
914.71  1.5e17
1016.72 1.5e17
1025.37 1.5e17
1046.22 1.5e17
1042.35 1.5e17
1046.98 1.5e17
1024.91 1.5e17
859.78  1.5e17
975.97  1.5e17
924.31  1.5e17
1108.55 1.5e17
1126.93 1.5e17
857.41  1.5e17
1150.60 1.5e17
1112.60 1.5e17
1117.27 1.5e17
1092.75 1.5e17
1079.06 1.5e17
1399.77 1.5e17
2687.62 1.5e17
2493.50 1.5e17
1414.96 1.5e17