1150.14 1.5e17			
1170.67 1.5e17
1745.05 1.5e17
1775.73 1.5e17
1616.20 1.5e17
1682.71 1.5e17
1104.47 1.5e17
1178.42 1.5e17
845.04  1.5e17
927.38  1.5e17
1075.99 1.5e17
1124.76 1.5e17
1021.57 1.5e17
1108.47 1.5e17
1084.31 1.5e17
1213.29 1.5e17
1191.97 1.5e17
1171.73 1.5e17
986.22  1.5e17
1108.53 1.5e17
1130.71 1.5e17
1057.06 1.5e17
983.69  1.5e17
1025.41 1.5e17
1158.57 1.5e17
1093.51 1.5e17
1016.10 1.5e17
1129.68 1.5e17
1152.39 1.5e17
1166.80 1.5e17
1230.33 1.5e17
1115.39 1.5e17
1721.51 1.5e17
1102.47 1.5e17
1128.91 1.5e17
1106.56 1.5e17
1230.66 1.5e17
1227.00 1.5e17
1141.45 1.5e17
1152.48 1.5e17
1155.07 1.5e17
1083.10 1.5e17
1151.05 1.5e17
1153.78 1.5e17
1181.13 1.5e17
1180.96 1.5e17
1180.64 1.5e17
1145.35 1.5e17
1035.66 1.5e17
1105.02 1.5e17
1031.55 1.5e17
1189.71 1.5e17
1191.39 1.5e17
1003.18 1.5e17
1204.13 1.5e17
1230.32 1.5e17
1132.92 1.5e17
1135.52 1.5e17
1283.19 1.5e17
1663.78 1.5e17
1598.90 1.5e17
1585.51 1.5e17
1681.01 1.5e17