1030.85 1.5e17			
1035.00 1.5e17
1458.79 1.5e17
1480.73 1.5e17
897.24  1.5e17
1425.84 1.5e17
985.33  1.5e17
1039.02 1.5e17
822.49  1.5e17
763.71  1.5e17
987.50  1.5e17
1145.84 1.5e17
940.18  1.5e17
992.26  1.5e17
986.97  1.5e17
1090.25 1.5e17
1070.59 1.5e17
1054.36 1.5e17
889.46  1.5e17
1011.31 1.5e17
1005.79 1.5e17
935.40  1.5e17
853.08  1.5e17
1049.78 1.5e17
973.05  1.5e17
970.05  1.5e17
934.39  1.5e17
1019.53 1.5e17
1031.02 1.5e17
1055.59 1.5e17
1047.85 1.5e17
990.92  1.5e17
867.03  1.5e17
990.34  1.5e17
1005.49 1.5e17
976.35  1.5e17
1085.15 1.5e17
1111.15 1.5e17
1005.18 1.5e17
1023.13 1.5e17
1027.38 1.5e17
968.74  1.5e17
1023.94 1.5e17
1022.86 1.5e17
1050.57 1.5e17
1050.42 1.5e17
1054.17 1.5e17
1025.83 1.5e17
931.45  1.5e17
1008.38 1.5e17
953.17  1.5e17
1054.66 1.5e17
1061.77 1.5e17
924.26  1.5e17
1077.40 1.5e17
1112.54 1.5e17
1015.27 1.5e17
1041.08 1.5e17
1225.73 1.5e17
1404.15 1.5e17
1338.00 1.5e17
1316.61 1.5e17
1394.41 1.5e17