  0.00000000e+00             -nan
  1.00000000e+00   2.58457911e-02
  2.00000000e+00   3.44102995e-03
  3.00000000e+00   8.61431430e-04
  4.00000000e+00   2.96222102e-04
  5.00000000e+00   1.23816702e-04
  6.00000000e+00   5.91332835e-05
  7.00000000e+00   3.11256335e-05
  8.00000000e+00   1.76463747e-05
  9.00000000e+00   1.06087663e-05
  1.00000000e+01   6.68838656e-06
  1.10000000e+01   4.38594695e-06
  1.20000000e+01   2.97292668e-06
  1.30000000e+01   2.07289401e-06
  1.40000000e+01   1.48104845e-06
  1.50000000e+01   1.08096036e-06
  1.60000000e+01   8.03880684e-07
  1.70000000e+01   6.07849462e-07
  1.80000000e+01   4.66500537e-07
  1.90000000e+01   3.62832812e-07
  2.00000000e+01   2.85627910e-07
  2.10000000e+01   2.27328047e-07
  2.20000000e+01   1.82745167e-07
  2.30000000e+01   1.48256695e-07
  2.40000000e+01   1.21293516e-07
  2.50000000e+01   1.00007458e-07
  2.60000000e+01   8.30514387e-08
  2.70000000e+01   6.94316627e-08
  2.80000000e+01   5.84066966e-08
  2.90000000e+01   4.94176024e-08
  3.00000000e+01   4.20389197e-08
  3.10000000e+01   3.59438525e-08
  3.20000000e+01   3.08792382e-08
  3.30000000e+01   2.66474277e-08
  3.40000000e+01   2.30929218e-08
  3.50000000e+01   2.00925507e-08
  3.60000000e+01   1.75480882e-08
  3.70000000e+01   1.53807171e-08
  3.80000000e+01   1.35268082e-08
  3.90000000e+01   1.19347226e-08
  4.00000000e+01   1.05623121e-08
  4.10000000e+01   9.37501560e-09
  4.20000000e+01   8.34434507e-09
  4.30000000e+01   7.44671180e-09
  4.40000000e+01   6.66250845e-09
  4.50000000e+01   5.97535310e-09
  4.60000000e+01   5.37152127e-09
  4.70000000e+01   4.83946145e-09
  4.80000000e+01   4.36941075e-09
  4.90000000e+01   3.95309693e-09
  5.00000000e+01   3.58349214e-09
  5.10000000e+01   3.25459614e-09
  5.20000000e+01   2.96126690e-09
  5.30000000e+01   2.69910051e-09
  5.40000000e+01   2.46429644e-09
  5.50000000e+01   2.25358957e-09
  5.60000000e+01   2.06413452e-09
  5.70000000e+01   1.89347690e-09
  5.80000000e+01   1.73947428e-09
  5.90000000e+01   1.60026349e-09
  6.00000000e+01   1.47420851e-09
  6.10000000e+01   1.35988445e-09
  6.20000000e+01   1.25603360e-09
  6.30000000e+01   1.16156096e-09
  6.40000000e+01   1.07548438e-09
  6.50000000e+01   9.96955181e-10
  6.60000000e+01   9.25205745e-10
  6.70000000e+01   8.59563846e-10
  6.80000000e+01   7.99431257e-10
  6.90000000e+01   7.44277779e-10
  7.00000000e+01   6.93625876e-10
  7.10000000e+01   6.47060884e-10
  7.20000000e+01   6.04193973e-10
  7.30000000e+01   5.64686866e-10
  7.40000000e+01   5.28244286e-10
  7.50000000e+01   4.94587589e-10
  7.60000000e+01   4.63469866e-10
  7.70000000e+01   4.34672658e-10
  7.80000000e+01   4.07998927e-10
  7.90000000e+01   3.83262680e-10
  8.00000000e+01   3.60302236e-10
  8.10000000e+01   3.38978392e-10
  8.20000000e+01   3.19145114e-10
  8.30000000e+01   3.00692451e-10
  8.40000000e+01   2.83506195e-10
  8.50000000e+01   2.67484038e-10
  8.60000000e+01   2.52536679e-10
  8.70000000e+01   2.38579887e-10
  8.80000000e+01   2.25539267e-10
  8.90000000e+01   2.13343615e-10
  9.00000000e+01   2.01926479e-10
  9.10000000e+01   1.91241762e-10
  9.20000000e+01   1.81229418e-10
  9.30000000e+01   1.71836611e-10
  9.40000000e+01   1.63017555e-10
  9.50000000e+01   1.54741537e-10
  9.60000000e+01   1.46966216e-10
  9.70000000e+01   1.39651613e-10
  9.80000000e+01   1.32766608e-10
  9.90000000e+01   1.26290193e-10
  1.00000000e+02   1.20186984e-10
  1.01000000e+02   1.14437903e-10
  1.02000000e+02   1.09013555e-10
  1.03000000e+02   1.03892803e-10
  1.04000000e+02   9.90568895e-11
  1.05000000e+02   9.44923266e-11
  1.06000000e+02   9.01764844e-11
  1.07000000e+02   8.60955673e-11
  1.08000000e+02   8.22333101e-11
  1.09000000e+02   7.85773328e-11
  1.10000000e+02   7.51149599e-11
  1.11000000e+02   7.18357827e-11
  1.12000000e+02   6.87232004e-11
  1.13000000e+02   6.57738219e-11
  1.14000000e+02   6.29711700e-11
  1.15000000e+02   6.03161503e-11
  1.16000000e+02   5.77946392e-11
  1.17000000e+02   5.53933539e-11
  1.18000000e+02   5.31119578e-11
  1.19000000e+02   5.09417154e-11
  1.20000000e+02   4.88821692e-11
  1.21000000e+02   4.69173900e-11
  1.22000000e+02   4.50503514e-11
  1.23000000e+02   4.32679866e-11
  1.24000000e+02   4.15704876e-11
  1.25000000e+02   3.99534040e-11
  1.26000000e+02   3.84132269e-11
  1.27000000e+02   3.69369316e-11
  1.28000000e+02   3.55285952e-11
  1.29000000e+02   3.41918074e-11
  1.30000000e+02   3.29125433e-11
  1.31000000e+02   3.16858045e-11
  1.32000000e+02   3.05186207e-11
  1.33000000e+02   2.94003161e-11
  1.34000000e+02   2.83305033e-11
  1.35000000e+02   2.73056852e-11
  1.36000000e+02   2.63266959e-11
  1.37000000e+02   2.53913271e-11
  1.38000000e+02   2.44953599e-11
  1.39000000e+02   2.36371232e-11
  1.40000000e+02   2.28085714e-11
  1.41000000e+02   2.20213095e-11
  1.42000000e+02   2.12634700e-11
  1.43000000e+02   2.05362152e-11
  1.44000000e+02   1.98413196e-11
  1.45000000e+02   1.91764411e-11
  1.46000000e+02   1.85347618e-11
  1.47000000e+02   1.79153255e-11
  1.48000000e+02   1.73270348e-11
  1.49000000e+02   1.67561658e-11
  1.50000000e+02   1.62115672e-11
  1.51000000e+02   1.56877772e-11
  1.52000000e+02   1.51834537e-11
  1.53000000e+02   1.46980585e-11
  1.54000000e+02   1.42307649e-11
  1.55000000e+02   1.37792061e-11
  1.56000000e+02   1.33491756e-11
  1.57000000e+02   1.29355606e-11
  1.58000000e+02   1.25338569e-11
  1.59000000e+02   1.21473528e-11
  1.60000000e+02   1.17737578e-11
  1.61000000e+02   1.14170293e-11
  1.62000000e+02   1.10728611e-11
  1.63000000e+02   1.07432034e-11
  1.64000000e+02   1.04196595e-11
  1.65000000e+02   1.01087772e-11
  1.66000000e+02   9.81225022e-12
  1.67000000e+02   9.52113163e-12
  1.68000000e+02   9.24581823e-12
  1.69000000e+02   8.97595991e-12
  1.70000000e+02   8.71908970e-12
  1.71000000e+02   8.46813927e-12
  1.72000000e+02   8.22652737e-12
  1.73000000e+02   7.99475707e-12
  1.74000000e+02   7.76902466e-12
  1.75000000e+02   7.55347834e-12
  1.76000000e+02   7.34379837e-12
  1.77000000e+02   7.13926866e-12
  1.78000000e+02   6.94370753e-12
  1.79000000e+02   6.75248535e-12
  1.80000000e+02   6.56840690e-12
  1.81000000e+02   6.38991303e-12
  1.82000000e+02   6.21682699e-12
  1.83000000e+02   6.05137889e-12
  1.84000000e+02   5.89017947e-12
  1.85000000e+02   5.73332679e-12
  1.86000000e+02   5.58451912e-12
  1.87000000e+02   5.43680017e-12
  1.88000000e+02   5.29159311e-12
  1.89000000e+02   5.15370871e-12
  1.90000000e+02   5.02026847e-12
  1.91000000e+02   4.89488227e-12
  1.92000000e+02   4.76724876e-12
  1.93000000e+02   4.64750072e-12
  1.94000000e+02   4.53019811e-12
  1.95000000e+02   4.41543717e-12
  1.96000000e+02   4.30712595e-12
  1.97000000e+02   4.19906997e-12
  1.98000000e+02   4.09266285e-12
  1.99000000e+02   3.99293860e-12
  2.00000000e+02   3.89523203e-12
  2.01000000e+02   3.79967904e-12
  2.02000000e+02   3.70636758e-12
  2.03000000e+02   3.61934207e-12
  2.04000000e+02   3.52956268e-12
  2.05000000e+02   3.44461579e-12
  2.06000000e+02   3.36417284e-12
  2.07000000e+02   3.28409176e-12
  2.08000000e+02   3.20486279e-12
  2.09000000e+02   3.12930134e-12
  2.10000000e+02   3.05634273e-12
  2.11000000e+02   2.98510426e-12
  2.12000000e+02   2.91528094e-12
  2.13000000e+02   2.85026305e-12
  2.14000000e+02   2.78528463e-12
  2.15000000e+02   2.71887918e-12
  2.16000000e+02   2.65540133e-12
  2.17000000e+02   2.59783924e-12
  2.18000000e+02   2.54002573e-12
  2.19000000e+02   2.47860737e-12
  2.20000000e+02   2.42904766e-12
  2.21000000e+02   2.37427612e-12
  2.22000000e+02   2.31668095e-12
  2.23000000e+02   2.26838854e-12
  2.24000000e+02   2.22035193e-12
  2.25000000e+02   2.16746241e-12
  2.26000000e+02   2.12331120e-12
  2.27000000e+02   2.07870159e-12
  2.28000000e+02   2.03139143e-12
  2.29000000e+02   1.98618812e-12
  2.30000000e+02   1.94419820e-12
  2.31000000e+02   1.90352164e-12
  2.32000000e+02   1.86718220e-12
  2.33000000e+02   1.82425716e-12
  2.34000000e+02   1.78780399e-12
  2.35000000e+02   1.74430782e-12
  2.36000000e+02   1.71132104e-12
  2.37000000e+02   1.67586993e-12
  2.38000000e+02   1.64356474e-12
  2.39000000e+02   1.60590147e-12
  2.40000000e+02   1.57358506e-12
  2.41000000e+02   1.54635086e-12
  2.42000000e+02   1.51402552e-12
  2.43000000e+02   1.48017073e-12
  2.44000000e+02   1.44832890e-12
  2.45000000e+02   1.42088762e-12
  2.46000000e+02   1.39330165e-12
  2.47000000e+02   1.36952558e-12
  2.48000000e+02   1.33851203e-12
  2.49000000e+02   1.31191755e-12
  2.50000000e+02   1.28394904e-12
  2.51000000e+02   1.25919434e-12
  2.52000000e+02   1.23560429e-12
  2.53000000e+02   1.20998264e-12
  2.54000000e+02   1.18930171e-12
  2.55000000e+02   1.16346361e-12
  2.56000000e+02   1.14490840e-12
  2.57000000e+02   1.12186516e-12
  2.58000000e+02   1.09933528e-12
  2.59000000e+02   1.08019926e-12
  2.60000000e+02   1.06086687e-12
  2.61000000e+02   1.03736550e-12
  2.62000000e+02   1.01765123e-12
  2.63000000e+02   1.00120052e-12
  2.64000000e+02   9.82505672e-13
  2.65000000e+02   9.63894342e-13
  2.66000000e+02   9.46778238e-13
  2.67000000e+02   9.31245965e-13
  2.68000000e+02   9.07454087e-13
  2.69000000e+02   8.92891980e-13
  2.70000000e+02   8.76331107e-13
  2.71000000e+02   8.62409295e-13
  2.72000000e+02   8.47364817e-13
  2.73000000e+02   8.34090654e-13
  2.74000000e+02   8.18543035e-13
  2.75000000e+02   7.99950097e-13
  2.76000000e+02   7.86043085e-13
  2.77000000e+02   7.74858281e-13
  2.78000000e+02   7.56604897e-13
  2.79000000e+02   7.47718412e-13
  2.80000000e+02   7.33486254e-13
  2.81000000e+02   7.19117565e-13
  2.82000000e+02   7.10255122e-13
  2.83000000e+02   6.89540649e-13
  2.84000000e+02   6.83596129e-13
  2.85000000e+02   6.70026826e-13
  2.86000000e+02   6.58161577e-13
  2.87000000e+02   6.46844681e-13
  2.88000000e+02   6.33778000e-13
  2.89000000e+02   6.25902331e-13
  2.90000000e+02   6.15534193e-13
  2.91000000e+02   6.03918061e-13
  2.92000000e+02   5.93169482e-13
  2.93000000e+02   5.86946254e-13
  2.94000000e+02   5.77280788e-13
  2.95000000e+02   5.63987414e-13
  2.96000000e+02   5.60385067e-13
  2.97000000e+02   5.49189532e-13
  2.98000000e+02   5.36435125e-13
  2.99000000e+02   5.28506246e-13
  3.00000000e+02   5.18570204e-13
  3.01000000e+02   5.11578261e-13
  3.02000000e+02   5.01144270e-13
  3.03000000e+02   4.95361789e-13
  3.04000000e+02   4.86876421e-13
  3.05000000e+02   4.79708934e-13
  3.06000000e+02   4.72095232e-13
  3.07000000e+02   4.63892141e-13
  3.08000000e+02   4.55860146e-13
  3.09000000e+02   4.49362655e-13
  3.10000000e+02   4.42814748e-13
  3.11000000e+02   4.35830878e-13
  3.12000000e+02   4.28292636e-13
  3.13000000e+02   4.20142580e-13
  3.14000000e+02   4.13688559e-13
  3.15000000e+02   4.08377042e-13
  3.16000000e+02   4.03937539e-13
  3.17000000e+02   3.97572744e-13
  3.18000000e+02   3.92120213e-13
  3.19000000e+02   3.82619227e-13
  3.20000000e+02   3.76762036e-13
  3.21000000e+02   3.71970174e-13
  3.22000000e+02   3.69925019e-13
  3.23000000e+02   3.60596671e-13
  3.24000000e+02   3.54958189e-13
  3.25000000e+02   3.52322226e-13
  3.26000000e+02   3.43979636e-13
  3.27000000e+02   3.37978438e-13
  3.28000000e+02   3.33286573e-13
  3.29000000e+02   3.31783369e-13
  3.30000000e+02   3.27064025e-13
  3.31000000e+02   3.22198846e-13
  3.32000000e+02   3.13821109e-13
  3.33000000e+02   3.10095504e-13
  3.34000000e+02   3.06891264e-13
  3.35000000e+02   3.01582804e-13
  3.36000000e+02   2.93208912e-13
  3.37000000e+02   2.91381124e-13
  3.38000000e+02   2.85732482e-13
  3.39000000e+02   2.80302384e-13
  3.40000000e+02   2.78662785e-13
  3.41000000e+02   2.77512724e-13
  3.42000000e+02   2.71815018e-13
  3.43000000e+02   2.68699582e-13
  3.44000000e+02   2.63996559e-13
  3.45000000e+02   2.57501281e-13
  3.46000000e+02   2.54409466e-13
  3.47000000e+02   2.52622293e-13
  3.48000000e+02   2.51080744e-13
  3.49000000e+02   2.42015257e-13
  3.50000000e+02   2.41709084e-13
  3.51000000e+02   2.37098694e-13
  3.52000000e+02   2.35870744e-13
  3.53000000e+02   2.34964753e-13
  3.54000000e+02   2.29996381e-13
  3.55000000e+02   2.28432889e-13
  3.56000000e+02   2.21391055e-13
  3.57000000e+02   2.16149428e-13
  3.58000000e+02   2.17376544e-13
  3.59000000e+02   2.12246512e-13
  3.60000000e+02   2.07272941e-13
  3.61000000e+02   2.11119866e-13
  3.62000000e+02   2.07043595e-13
  3.63000000e+02   2.01320400e-13
  3.64000000e+02   2.01769168e-13
  3.65000000e+02   1.98854623e-13
  3.66000000e+02   1.93969831e-13
  3.67000000e+02   1.91073491e-13
  3.68000000e+02   1.91644877e-13
  3.69000000e+02   1.88607890e-13
  3.70000000e+02   1.85042067e-13
  3.71000000e+02   1.82214192e-13
  3.72000000e+02   1.80349527e-13
  3.73000000e+02   1.79237037e-13
  3.74000000e+02   1.75778049e-13
  3.75000000e+02   1.70711033e-13
  3.76000000e+02   1.69716117e-13
  3.77000000e+02   1.67913975e-13
  3.78000000e+02   1.66121531e-13
  3.79000000e+02   1.64407006e-13
  3.80000000e+02   1.61917024e-13
  3.81000000e+02   1.58910009e-13
  3.82000000e+02   1.58761559e-13
  3.83000000e+02   1.55471152e-13
  3.84000000e+02   1.52582695e-13
  3.85000000e+02   1.49380222e-13
  3.86000000e+02   1.48677810e-13
  3.87000000e+02   1.46517110e-13
  3.88000000e+02   1.45637706e-13
  3.89000000e+02   1.41271746e-13
  3.90000000e+02   1.41305985e-13
  3.91000000e+02   1.40500710e-13
  3.92000000e+02   1.35808659e-13
  3.93000000e+02   1.36361288e-13
  3.94000000e+02   1.33733514e-13
  3.95000000e+02   1.30336129e-13
  3.96000000e+02   1.29747729e-13
  3.97000000e+02   1.30430948e-13
  3.98000000e+02   1.29670218e-13
  3.99000000e+02   1.30331101e-13
  4.00000000e+02   1.27764653e-13
  4.01000000e+02   1.21382100e-13
  4.02000000e+02   1.23455556e-13
  4.03000000e+02   1.20850589e-13
  4.04000000e+02   1.21008646e-13
  4.05000000e+02   1.20420985e-13
  4.06000000e+02   1.18717104e-13
  4.07000000e+02   1.16370234e-13
  4.08000000e+02   1.12127773e-13
  4.09000000e+02   1.09887672e-13
  4.10000000e+02   1.15364463e-13
  4.11000000e+02   1.08409490e-13
  4.12000000e+02   1.09737914e-13
  4.13000000e+02   1.08601057e-13
  4.14000000e+02   1.04641204e-13
  4.15000000e+02   1.04282984e-13
  4.16000000e+02   1.04468324e-13
  4.17000000e+02   1.00511080e-13
  4.18000000e+02   9.85045723e-14
  4.19000000e+02   1.01941614e-13
  4.20000000e+02   1.01033375e-13
  4.21000000e+02   9.90041141e-14
  4.22000000e+02   9.26485777e-14
  4.23000000e+02   9.43170495e-14
  4.24000000e+02   9.18361966e-14
  4.25000000e+02   9.43708197e-14
  4.26000000e+02   9.38788094e-14
  4.27000000e+02   9.09666604e-14
  4.28000000e+02   8.68716666e-14
  4.29000000e+02   8.40778412e-14
  4.30000000e+02   8.95656605e-14
  4.31000000e+02   8.91775287e-14
  4.32000000e+02   8.74357182e-14
  4.33000000e+02   8.46242683e-14
  4.34000000e+02   8.47170365e-14
  4.35000000e+02   8.24389436e-14
  4.36000000e+02   8.06849748e-14
  4.37000000e+02   8.26046253e-14
  4.38000000e+02   7.93766990e-14
  4.39000000e+02   8.01527094e-14
  4.40000000e+02   7.82947645e-14
  4.41000000e+02   7.66240069e-14
  4.42000000e+02   7.64716184e-14
  4.43000000e+02   7.43386963e-14
  4.44000000e+02   7.61610803e-14
  4.45000000e+02   7.40839723e-14
  4.46000000e+02   7.69675238e-14
  4.47000000e+02   7.27208902e-14
  4.48000000e+02   7.10611398e-14
  4.49000000e+02   7.13704346e-14
  4.50000000e+02   6.88697199e-14
  4.51000000e+02   6.74321113e-14
  4.52000000e+02   6.87171940e-14
  4.53000000e+02   6.89598278e-14
  4.54000000e+02   6.73765360e-14
  4.55000000e+02   6.42330430e-14
  4.56000000e+02   6.54847381e-14
  4.57000000e+02   6.56883879e-14
  4.58000000e+02   6.68359375e-14
  4.59000000e+02   6.36635797e-14
  4.60000000e+02   6.41545355e-14
  4.61000000e+02   6.51484141e-14
  4.62000000e+02   5.96937352e-14
  4.63000000e+02   6.23250077e-14
  4.64000000e+02   5.94564635e-14
  4.65000000e+02   5.89465459e-14
  4.66000000e+02   6.16120665e-14
  4.67000000e+02   6.19905023e-14
  4.68000000e+02   5.41743656e-14
  4.69000000e+02   5.60716973e-14
  4.70000000e+02   5.65115839e-14
  4.71000000e+02   5.75651535e-14
  4.72000000e+02   5.95535955e-14
  4.73000000e+02   5.66381614e-14
  4.74000000e+02   5.38938023e-14
  4.75000000e+02   5.57810900e-14
  4.76000000e+02   4.75348188e-14
  4.77000000e+02   5.24120365e-14
  4.78000000e+02   5.12646463e-14
  4.79000000e+02   5.16022287e-14
  4.80000000e+02   5.27950299e-14
  4.81000000e+02   4.92274403e-14
  4.82000000e+02   4.96010082e-14
  4.83000000e+02   5.07241023e-14
  4.84000000e+02   4.65502099e-14
  4.85000000e+02   4.76747605e-14
  4.86000000e+02   4.72256069e-14
  4.87000000e+02   4.90327823e-14
  4.88000000e+02   4.72153143e-14
  4.89000000e+02   4.69191550e-14
  4.90000000e+02   4.79170401e-14
  4.91000000e+02   4.39283983e-14
  4.92000000e+02   4.70578592e-14
  4.93000000e+02   4.47469011e-14
  4.94000000e+02   4.50816698e-14
  4.95000000e+02   4.26171837e-14
  4.96000000e+02   4.15271830e-14
  4.97000000e+02   4.65529666e-14
  4.98000000e+02   4.16094896e-14
  4.99000000e+02   4.71541208e-14
  5.00000000e+02   4.29227487e-14
  5.01000000e+02   4.19722453e-14
  5.02000000e+02   4.22523990e-14
  5.03000000e+02   3.98800303e-14
  5.04000000e+02   3.83482498e-14
  5.05000000e+02   3.86970259e-14
  5.06000000e+02   3.83800504e-14
  5.07000000e+02   3.81018779e-14
  5.08000000e+02   3.90549818e-14
  5.09000000e+02   3.81050133e-14
  5.10000000e+02   3.84473539e-14
  5.11000000e+02   3.68634051e-14
  5.12000000e+02   3.60163305e-14
  5.13000000e+02   3.51828072e-14
  5.14000000e+02   3.36191889e-14
  5.15000000e+02   3.83076441e-14
  5.16000000e+02   3.49187073e-14
  5.17000000e+02   3.45736058e-14
  5.18000000e+02   3.56827624e-14
  5.19000000e+02   3.65034396e-14
  5.20000000e+02   3.44380369e-14
  5.21000000e+02   3.24775261e-14
  5.22000000e+02   3.10296048e-14
  5.23000000e+02   3.53933038e-14
  5.24000000e+02   3.52319578e-14
  5.25000000e+02   3.42641903e-14
  5.26000000e+02   3.29824825e-14
  5.27000000e+02   2.98853123e-14
  5.28000000e+02   3.13504084e-14
  5.29000000e+02   3.44484023e-14
  5.30000000e+02   3.48451451e-14
  5.31000000e+02   3.50581242e-14
  5.32000000e+02   3.30866692e-14
  5.33000000e+02   3.18516454e-14
  5.34000000e+02   2.76411216e-14
  5.35000000e+02   3.35239711e-14
  5.36000000e+02   2.79042958e-14
  5.37000000e+02   2.81449413e-14
  5.38000000e+02   2.68774950e-14
  5.39000000e+02   2.55886071e-14
  5.40000000e+02   2.95981241e-14
  5.41000000e+02   3.00194469e-14
  5.42000000e+02   3.19492880e-14
  5.43000000e+02   3.01859887e-14
  5.44000000e+02   2.58507230e-14
  5.45000000e+02   2.90955605e-14
  5.46000000e+02   3.04639402e-14
  5.47000000e+02   2.86887216e-14
  5.48000000e+02   2.91136341e-14
  5.49000000e+02   2.62536719e-14
  5.50000000e+02   2.45376401e-14
  5.51000000e+02   2.93133733e-14
  5.52000000e+02   2.86181791e-14
  5.53000000e+02   2.31624638e-14
  5.54000000e+02   2.59055352e-14
  5.55000000e+02   2.95661512e-14
  5.56000000e+02   2.45429035e-14
  5.57000000e+02   2.53260713e-14
  5.58000000e+02   3.00109856e-14
  5.59000000e+02   2.77384528e-14
  5.60000000e+02   2.85841042e-14
  5.61000000e+02   2.45653794e-14
  5.62000000e+02   2.54534527e-14
  5.63000000e+02   2.42613967e-14
  5.64000000e+02   2.31816099e-14
  5.65000000e+02   2.48410097e-14
  5.66000000e+02   2.38086046e-14
  5.67000000e+02   2.17547481e-14
  5.68000000e+02   2.35186523e-14
  5.69000000e+02   1.97996748e-14
  5.70000000e+02   2.22603487e-14
  5.71000000e+02   2.30860043e-14
  5.72000000e+02   2.09735535e-14
  5.73000000e+02   2.26599024e-14
  5.74000000e+02   2.34953830e-14
  5.75000000e+02   2.33307229e-14
  5.76000000e+02   2.05379773e-14
  5.77000000e+02   2.03331792e-14
  5.78000000e+02   2.09859145e-14
  5.79000000e+02   1.75786697e-14
  5.80000000e+02   2.15775974e-14
  5.81000000e+02   2.07261890e-14
  5.82000000e+02   1.96512137e-14
  5.83000000e+02   1.86089287e-14
  5.84000000e+02   2.01862456e-14
  5.85000000e+02   2.17407537e-14
  5.86000000e+02   2.23547292e-14
  5.87000000e+02   2.13581775e-14
  5.88000000e+02   1.81170175e-14
  5.89000000e+02   2.02816510e-14
  5.90000000e+02   1.95210469e-14
  5.91000000e+02   2.00747107e-14
  5.92000000e+02   1.68393087e-14
  5.93000000e+02   1.82264724e-14
  5.94000000e+02   1.89821342e-14
  5.95000000e+02   1.72299150e-14
  5.96000000e+02   1.63566202e-14
  5.97000000e+02   2.01729585e-14
  5.98000000e+02   1.77721936e-14
  5.99000000e+02   1.75403839e-14
  6.00000000e+02   1.82359604e-14
  6.01000000e+02   1.50202985e-14
  6.02000000e+02   1.72727271e-14
  6.03000000e+02   1.34111983e-14
  6.04000000e+02   1.69407137e-14
  6.05000000e+02   1.75745544e-14
  6.06000000e+02   2.05724044e-14
  6.07000000e+02   1.73719126e-14
  6.08000000e+02   1.58601403e-14
  6.09000000e+02   1.43497448e-14
  6.10000000e+02   1.55875536e-14
  6.11000000e+02   1.55849953e-14
  6.12000000e+02   1.75722379e-14
  6.13000000e+02   1.30488143e-14
  6.14000000e+02   1.23418340e-14
  6.15000000e+02   1.51888706e-14
  6.16000000e+02   1.71639776e-14
  6.17000000e+02   1.42298707e-14
  6.18000000e+02   1.47561074e-14
  6.19000000e+02   1.61963003e-14
  6.20000000e+02   1.47193300e-14
  6.21000000e+02   1.52445397e-14
  6.22000000e+02   1.86926926e-14
  6.23000000e+02   1.17157101e-14
  6.24000000e+02   1.56361450e-14
  6.25000000e+02   1.21835179e-14
  6.26000000e+02   1.27049119e-14
  6.27000000e+02   1.20219710e-14
  6.28000000e+02   1.12872970e-14
  6.29000000e+02   1.50565548e-14
  6.30000000e+02   1.37354822e-14
  6.31000000e+02   1.49381446e-14
  6.32000000e+02   1.22696995e-14
  6.33000000e+02   1.87813383e-14
  6.34000000e+02   1.47059709e-14
  6.35000000e+02   1.46635956e-14
  6.36000000e+02   1.44764217e-14
  6.37000000e+02   1.49929558e-14
  6.38000000e+02   9.83107172e-15
  6.39000000e+02   1.36639681e-14
  6.40000000e+02   1.21981334e-14
  6.41000000e+02   1.59602516e-14
  6.42000000e+02   1.39719994e-14
  6.43000000e+02   1.15285821e-14
  6.44000000e+02   1.38327921e-14
  6.45000000e+02   1.37355947e-14
  6.46000000e+02   1.37145582e-14
  6.47000000e+02   1.86041683e-14
  6.48000000e+02   1.28209791e-14
  6.49000000e+02   9.83771113e-15
  6.50000000e+02   9.69591435e-15
  6.51000000e+02   1.39273424e-14
  6.52000000e+02   9.12219353e-15
  6.53000000e+02   1.30402575e-14
  6.54000000e+02   9.45500785e-15
  6.55000000e+02   1.30625674e-14
  6.56000000e+02   1.16810666e-14
  6.57000000e+02   1.17218461e-14
  6.58000000e+02   9.30234830e-15
  6.59000000e+02   6.87833763e-15
  6.60000000e+02   1.54643523e-14
  6.61000000e+02   1.25609974e-14
  6.62000000e+02   1.02262715e-14
  6.63000000e+02   1.18238765e-14
  6.64000000e+02   1.17808318e-14
  6.65000000e+02   8.40050397e-15
  6.66000000e+02   1.04104529e-14
  6.67000000e+02   1.21111957e-14
  6.68000000e+02   1.14856928e-14
  6.69000000e+02   1.09562307e-14
  6.70000000e+02   1.25415756e-14
  6.71000000e+02   1.57849355e-14
  6.72000000e+02   1.24411213e-14
  6.73000000e+02   1.22581673e-14
  6.74000000e+02   1.23062674e-14
  6.75000000e+02   9.90834368e-15
  6.76000000e+02   1.15909875e-14
  6.77000000e+02   1.15649592e-14
  6.78000000e+02   1.35000329e-14
  6.79000000e+02   9.20341662e-15
  6.80000000e+02   1.07372302e-14
  6.81000000e+02   1.17507416e-14
  6.82000000e+02   1.06257794e-14
  6.83000000e+02   1.04774872e-14
  6.84000000e+02   1.10672780e-14
  6.85000000e+02   7.79313139e-15
  6.86000000e+02   8.89190791e-15
  6.87000000e+02   9.86032061e-15
  6.88000000e+02   9.65913387e-15
  6.89000000e+02   9.16815931e-15
  6.90000000e+02   1.05866676e-14
  6.91000000e+02   8.13450220e-15
  6.92000000e+02   1.20161521e-14
  6.93000000e+02   8.90910627e-15
  6.94000000e+02   1.38333682e-14
  6.95000000e+02   9.79237307e-15
  6.96000000e+02   1.07779409e-14
  6.97000000e+02   9.80625500e-15
  6.98000000e+02   9.83692490e-15
  6.99000000e+02   6.70634894e-15
  7.00000000e+02   8.56307862e-15
  7.01000000e+02   4.65850560e-15
  7.02000000e+02   1.04030537e-14
  7.03000000e+02   6.54954801e-15
  7.04000000e+02   1.04091322e-14
  7.05000000e+02   1.21069891e-14
  7.06000000e+02   1.12843588e-14
  7.07000000e+02   1.10885809e-14
  7.08000000e+02   1.11668539e-14
  7.09000000e+02   1.29008033e-14
  7.10000000e+02   1.00517630e-14
  7.11000000e+02   1.00563280e-14
  7.12000000e+02   7.10696304e-15
  7.13000000e+02   6.24955165e-15
  7.14000000e+02   7.10032100e-15
  7.15000000e+02   7.94706656e-15
  7.16000000e+02   7.03798359e-15
  7.17000000e+02   7.94547517e-15
  7.18000000e+02   8.72487695e-15
  7.19000000e+02   5.11790800e-15
  7.20000000e+02   4.19419021e-15
  7.21000000e+02   1.03803801e-14
  7.22000000e+02   7.77865459e-15
  7.23000000e+02   7.63384232e-15
  7.24000000e+02   8.55399741e-15
  7.25000000e+02   7.60553605e-15
  7.26000000e+02   6.60568873e-15
  7.27000000e+02   9.17074340e-15
  7.28000000e+02   2.25744363e-15
  7.29000000e+02   6.50404791e-15
  7.30000000e+02   5.69873563e-15
  7.31000000e+02   7.36819305e-15
  7.32000000e+02   7.34139756e-15
  7.33000000e+02   4.75072855e-15
  7.34000000e+02   8.12978769e-15
  7.35000000e+02   6.42974831e-15
  7.36000000e+02   7.89246150e-15
  7.37000000e+02   8.86606283e-15
  7.38000000e+02   7.83784893e-15
  7.39000000e+02   7.11735958e-15
  7.40000000e+02   7.90937769e-15
  7.41000000e+02   7.67218006e-15
  7.42000000e+02   7.81406269e-15
  7.43000000e+02   5.98326077e-15
  7.44000000e+02   4.52750485e-15
  7.45000000e+02   5.98614344e-15
  7.46000000e+02   5.86084523e-15
  7.47000000e+02   8.36105136e-15
  7.48000000e+02   1.05731835e-14
  7.49000000e+02   8.27209459e-15
  7.50000000e+02   9.86384785e-15
  7.51000000e+02   9.05613605e-15
  7.52000000e+02   9.68402055e-15
  7.53000000e+02   5.76220026e-15
  7.54000000e+02   5.80983263e-15
  7.55000000e+02   8.07051662e-15
  7.56000000e+02   3.42905916e-15
  7.57000000e+02   6.34512499e-15
  7.58000000e+02   4.81606642e-15
  7.59000000e+02   8.69865538e-15
  7.60000000e+02   7.77715879e-15
  7.61000000e+02   8.50664625e-15
  7.62000000e+02   3.16743878e-15
  7.63000000e+02   5.49449509e-15
  7.64000000e+02   9.21768012e-15
  7.65000000e+02   7.64557199e-15
  7.66000000e+02   5.45155955e-15
  7.67000000e+02   9.13254927e-15
  7.68000000e+02   4.52595668e-15
  7.69000000e+02   7.59464648e-15
  7.70000000e+02   3.15116141e-15
  7.71000000e+02   6.70689475e-15
  7.72000000e+02   8.84966182e-15
  7.73000000e+02   5.93702710e-15
  7.74000000e+02   6.53593160e-15
  7.75000000e+02   6.51414749e-15
  7.76000000e+02   3.69562648e-15
  7.77000000e+02   5.02674453e-15
  7.78000000e+02   6.44816141e-15
  7.79000000e+02   5.01568826e-15
  7.80000000e+02   9.93103835e-15
  7.81000000e+02   6.31481537e-15
  7.82000000e+02   7.03117436e-15
  7.83000000e+02   1.04342127e-14
  7.84000000e+02   5.54851027e-15
  7.85000000e+02   8.34239459e-15
  7.86000000e+02   5.54407186e-15
  7.87000000e+02   6.93662865e-15
  7.88000000e+02   2.13380429e-15
  7.89000000e+02   2.81960232e-15
  7.90000000e+02   5.46284327e-15
  7.91000000e+02   5.37344739e-15
  7.92000000e+02   1.01288473e-14
  7.93000000e+02   5.41251121e-15
  7.94000000e+02   5.28597229e-15
  7.95000000e+02   5.32939007e-15
  7.96000000e+02   5.27979292e-15
  7.97000000e+02   7.20672990e-15
  7.98000000e+02   3.26367569e-15
  7.99000000e+02   6.58212921e-15
  8.00000000e+02   1.27644968e-15
  8.01000000e+02   6.48619337e-15
  8.02000000e+02   1.25957346e-15
  8.03000000e+02   4.49768232e-15
  8.04000000e+02   4.48954876e-15
  8.05000000e+02   6.38662685e-15
  8.06000000e+02   7.03421229e-15
  8.07000000e+02   5.08147627e-15
  8.08000000e+02   8.05736578e-15
  8.09000000e+02   6.92546699e-15
  8.10000000e+02   5.69170586e-15
  8.11000000e+02   8.76234081e-15
  8.12000000e+02   6.19595086e-15
  8.13000000e+02   7.36118682e-15
  8.14000000e+02   2.33407414e-15
  8.15000000e+02   4.23411646e-15
  8.16000000e+02   7.89166583e-15
  8.17000000e+02   7.92879319e-15
  8.18000000e+02   7.14739868e-15
  8.19000000e+02   2.34244876e-15
  8.20000000e+02   2.33430367e-15
  8.21000000e+02   4.15486100e-15
  8.22000000e+02   5.35693397e-15
  8.23000000e+02   5.37826882e-15
  8.24000000e+02   1.03429920e-15
  8.25000000e+02   9.39633856e-15
  8.26000000e+02   4.51987701e-15
  8.27000000e+02   3.96294271e-15
  8.28000000e+02   2.82343415e-15
  8.29000000e+02   1.69536837e-15
  8.30000000e+02   9.75402888e-16
  8.31000000e+02   3.44658934e-15
  8.32000000e+02   6.28449354e-15
  8.33000000e+02   1.05510086e-15
  8.34000000e+02   7.32447036e-15
  8.35000000e+02   9.04815517e-15
  8.36000000e+02   1.03114153e-15
  8.37000000e+02   5.01400573e-15
  8.38000000e+02   6.04839418e-15
  8.39000000e+02   5.03635156e-15
  8.40000000e+02   7.14495231e-15
  8.41000000e+02   5.47909307e-15
  8.42000000e+02   3.08652708e-15
  8.43000000e+02  -5.36942831e-17
  8.44000000e+02   7.62714924e-15
  8.45000000e+02  -2.09775636e-16
  8.46000000e+02   8.13680352e-15
  8.47000000e+02   5.94313102e-15
  8.48000000e+02   6.87781832e-15
  8.49000000e+02   5.27569450e-15
  8.50000000e+02   2.56846731e-15
  8.51000000e+02   6.90506573e-15
  8.52000000e+02   1.92530227e-15
  8.53000000e+02   3.57710810e-15
  8.54000000e+02   3.97180823e-15
  8.55000000e+02   6.80933765e-15
  8.56000000e+02   3.47573509e-15
  8.57000000e+02   1.28677814e-15
  8.58000000e+02   1.39984674e-15
  8.59000000e+02   2.95448781e-15
  8.60000000e+02   4.94074512e-15
  8.61000000e+02   5.00296719e-15
  8.62000000e+02   1.43822421e-15
  8.63000000e+02   6.49677617e-15
  8.64000000e+02   4.45916171e-15
  8.65000000e+02   4.46722542e-15
  8.66000000e+02   7.39750933e-15
  8.67000000e+02   7.38583770e-15
  8.68000000e+02   7.38257912e-15
  8.69000000e+02   6.31273081e-15
  8.70000000e+02   2.26491750e-15
  8.71000000e+02   1.36754405e-15
  8.72000000e+02   8.26908319e-15
  8.73000000e+02   2.26284544e-15
  8.74000000e+02   6.29770628e-15
  8.75000000e+02   3.20579155e-15
  8.76000000e+02   2.96642679e-16
  8.77000000e+02   1.18690411e-15
  8.78000000e+02   1.17008495e-15
  8.79000000e+02   3.12965858e-15
  8.80000000e+02   1.29461594e-15
  8.81000000e+02   6.10940491e-15
  8.82000000e+02   5.05057450e-15
  8.83000000e+02   4.00415203e-15
  8.84000000e+02   6.97146766e-15
  8.85000000e+02   4.12039539e-15
  8.86000000e+02   6.05733828e-15
  8.87000000e+02   3.03590170e-16
  8.88000000e+02   2.15244584e-15
  8.89000000e+02   3.96902213e-15
  8.90000000e+02   5.80654727e-15
  8.91000000e+02   3.05242638e-16
  8.92000000e+02   3.07053177e-15
  8.93000000e+02   3.87785467e-15
  8.94000000e+02   3.93510369e-15
  8.95000000e+02   4.88576377e-15
  8.96000000e+02   1.07829673e-15
  8.97000000e+02  -6.63328832e-16
  8.98000000e+02   2.91384595e-15
  8.99000000e+02   2.86925451e-15
  9.00000000e+02   5.60808057e-15
  9.01000000e+02   1.82650764e-16
  9.02000000e+02   3.89842466e-15
  9.03000000e+02   3.74994793e-15
  9.04000000e+02   3.79840891e-15
  9.05000000e+02   1.97236177e-15
  9.06000000e+02   7.21569348e-15
  9.07000000e+02   3.76468181e-15
  9.08000000e+02   2.77348585e-15
  9.09000000e+02   6.33536956e-15
  9.10000000e+02   4.56409639e-15
  9.11000000e+02   6.38964092e-15
  9.12000000e+02   2.80874380e-15
  9.13000000e+02   6.30088214e-15
  9.14000000e+02   6.22681626e-15
  9.15000000e+02   2.65310225e-15
  9.16000000e+02   2.70883154e-15
  9.17000000e+02   6.15762596e-15
  9.18000000e+02   2.78213733e-15
  9.19000000e+02   4.38944392e-15
  9.20000000e+02   9.08793242e-16
  9.21000000e+02   1.82597452e-15
  9.22000000e+02   9.45482305e-16
  9.23000000e+02   2.55019246e-15
  9.24000000e+02   6.80553659e-15
  9.25000000e+02   3.45895418e-15
  9.26000000e+02   5.20403601e-15
  9.27000000e+02   4.30354287e-15
  9.28000000e+02   2.62378437e-15
  9.29000000e+02   5.08656115e-15
  9.30000000e+02   6.62966499e-15
  9.31000000e+02   3.46694963e-15
  9.32000000e+02   3.46067034e-15
  9.33000000e+02   5.89822815e-15
  9.34000000e+02   2.54944553e-15
  9.35000000e+02   6.52017448e-15
  9.36000000e+02   7.39200375e-15
  9.37000000e+02  -1.58168741e-15
  9.38000000e+02   1.59251691e-16
  9.39000000e+02   1.73447238e-15
  9.40000000e+02   9.06811998e-16
  9.41000000e+02   1.61941236e-15
  9.42000000e+02   9.77546432e-16
  9.43000000e+02   4.89732667e-15
  9.44000000e+02   4.07477669e-15
  9.45000000e+02   4.72119226e-15
  9.46000000e+02   3.89890636e-15
  9.47000000e+02   2.31973437e-15
  9.48000000e+02   5.46213219e-15
  9.49000000e+02   4.71752738e-15
  9.50000000e+02   5.54244546e-15
  9.51000000e+02   3.14561525e-15
  9.52000000e+02   4.68124073e-15
  9.53000000e+02   8.33312214e-16
  9.54000000e+02   1.54496368e-15
  9.55000000e+02   3.18448618e-15
  9.56000000e+02   4.60661523e-15
  9.57000000e+02   6.09524384e-15
  9.58000000e+02   4.57717890e-15
  9.59000000e+02   1.65604370e-15
  9.60000000e+02   2.23781615e-15
  9.61000000e+02   5.97209968e-15
  9.62000000e+02   1.49691633e-15
  9.63000000e+02   3.72284663e-15
  9.64000000e+02   3.74724990e-15
  9.65000000e+02   2.29702855e-15
  9.66000000e+02   2.88868253e-15
  9.67000000e+02   2.96820482e-15
  9.68000000e+02   4.39840590e-15
  9.69000000e+02   3.61693636e-15
  9.70000000e+02   7.41420826e-16
  9.71000000e+02  -8.15468590e-16
  9.72000000e+02   2.26777431e-15
  9.73000000e+02   2.24010374e-15
  9.74000000e+02   8.35120083e-16
  9.75000000e+02   2.92663691e-15
  9.76000000e+02   5.84408760e-15
  9.77000000e+02   3.47367744e-15
  9.78000000e+02   2.06300513e-15
  9.79000000e+02   2.76949696e-15
  9.80000000e+02   4.86325803e-15
  9.81000000e+02   2.86972359e-15
  9.82000000e+02   5.59315669e-15
  9.83000000e+02   3.44410661e-15
  9.84000000e+02   2.05715578e-15
  9.85000000e+02   4.24505462e-15
  9.86000000e+02   1.41676747e-15
  9.87000000e+02   2.72027212e-15
  9.88000000e+02  -7.87841377e-17
  9.89000000e+02   6.84680659e-15
  9.90000000e+02   5.66352117e-16
  9.91000000e+02   5.41476923e-15
  9.92000000e+02   4.73568493e-15
  9.93000000e+02   3.41427803e-15
  9.94000000e+02   1.40495169e-15
  9.95000000e+02   5.42499395e-15
  9.96000000e+02   3.36557409e-15
  9.97000000e+02   3.27369985e-15
  9.98000000e+02   3.26894599e-17
  9.99000000e+02   3.41182125e-15
  1.00000000e+03   3.86315715e-15
  1.00100000e+03   4.03604318e-15
  1.00200000e+03  -7.74911993e-16
  1.00300000e+03   7.33817511e-16
  1.00400000e+03   1.28880010e-15
  1.00500000e+03   1.91808723e-15
  1.00600000e+03   3.85455213e-15
  1.00700000e+03   3.24558192e-15
  1.00800000e+03   3.22005280e-15
  1.00900000e+03   2.46599713e-15
  1.01000000e+03   3.85154524e-15
  1.01100000e+03   4.47476969e-15
  1.01200000e+03   1.35350062e-15
  1.01300000e+03   7.03476919e-15
  1.01400000e+03   2.40623705e-15
  1.01500000e+03   6.40357191e-15
  1.01600000e+03   4.40243823e-15
  1.01700000e+03  -1.33741982e-15
  1.01800000e+03   7.00410451e-15
  1.01900000e+03   3.04768747e-15
  1.02000000e+03   4.35229050e-15
  1.02100000e+03   3.71918232e-15
  1.02200000e+03   5.54020048e-15
  1.02300000e+03   8.66864624e-15
  1.02400000e+03  -1.29183951e-15
  1.02500000e+03   4.90735494e-15
  1.02600000e+03   3.67678497e-15
  1.02700000e+03   1.78004902e-15
  1.02800000e+03   1.17105390e-15
  1.02900000e+03   5.93704979e-16
  1.03000000e+03   2.42739459e-15
  1.03100000e+03  -6.14679751e-16
  1.03200000e+03   4.18806387e-15
  1.03300000e+03   1.68200402e-15
  1.03400000e+03   2.92605227e-15
  1.03500000e+03   3.64409333e-15
  1.03600000e+03   4.08036116e-15
  1.03700000e+03   2.96700969e-15
  1.03800000e+03  -1.35397205e-15
  1.03900000e+03   2.41940601e-15
  1.04000000e+03   2.89713473e-15
  1.04100000e+03   2.82795128e-15
  1.04200000e+03   3.97215909e-15
  1.04300000e+03   2.88561843e-15
  1.04400000e+03   3.92863845e-15
  1.04500000e+03   5.75528262e-15
  1.04600000e+03   2.25035913e-15
  1.04700000e+03   3.33780883e-15
  1.04800000e+03   3.34184208e-15
  1.04900000e+03  -6.79051406e-16
  1.05000000e+03   4.62651977e-15
  1.05100000e+03   1.75840859e-15
  1.05200000e+03  -1.51672989e-16
  1.05300000e+03   5.65690716e-15
  1.05400000e+03  -6.16442083e-16
  1.05500000e+03   3.79988827e-15
  1.05600000e+03   1.08531634e-15
  1.05700000e+03   4.61117962e-16
  1.05800000e+03   2.06967936e-15
  1.05900000e+03   1.02121374e-15
  1.06000000e+03   3.33443115e-15
  1.06100000e+03  -1.53954422e-16
  1.06200000e+03   3.71538457e-15
  1.06300000e+03   2.65310465e-15
  1.06400000e+03   4.43903817e-15
  1.06500000e+03   3.15446407e-15
  1.06600000e+03   2.03660891e-15
  1.06700000e+03   1.11202808e-15
  1.06800000e+03   1.50510686e-15
  1.06900000e+03   2.65686024e-15
  1.07000000e+03   4.28248761e-15
  1.07100000e+03   2.08741844e-15
  1.07200000e+03   2.63566601e-15
  1.07300000e+03   2.02837983e-15
  1.07400000e+03   1.60620908e-15
  1.07500000e+03   5.78759811e-15
  1.07600000e+03   1.48980804e-15
  1.07700000e+03   3.55725136e-15
  1.07800000e+03   3.70924959e-15
  1.07900000e+03   1.44518786e-15
  1.08000000e+03   2.62411136e-15
  1.08100000e+03   4.56435582e-15
  1.08200000e+03   2.43527391e-15
  1.08300000e+03   1.47280402e-15
  1.08400000e+03   2.45482829e-15
  1.08500000e+03  -5.98725278e-16
  1.08600000e+03   1.51987025e-15
  1.08700000e+03  -5.28479983e-16
  1.08800000e+03   2.54301782e-15
  1.08900000e+03   4.63734006e-16
  1.09000000e+03   3.47627278e-15
  1.09100000e+03   4.67420700e-16
  1.09200000e+03   2.45876159e-15
  1.09300000e+03  -6.11530065e-16
  1.09400000e+03   1.51831023e-15
  1.09500000e+03   4.50357488e-15
  1.09600000e+03   1.46199663e-15
  1.09700000e+03   3.37996994e-15
  1.09800000e+03   2.37878431e-15
  1.09900000e+03   4.48045115e-15
  1.10000000e+03   3.46901885e-15
  1.10100000e+03  -6.99326850e-16
  1.10200000e+03   3.50109337e-16
  1.10300000e+03   1.33077261e-15
  1.10400000e+03   3.31219938e-15
  1.10500000e+03   3.35775211e-15
  1.10600000e+03  -1.67317941e-15
  1.10700000e+03   4.27443117e-16
  1.10800000e+03  -2.54149487e-15
  1.10900000e+03   8.31669880e-15
  1.11000000e+03  -6.02373483e-16
  1.11100000e+03   8.08278782e-15
  1.11200000e+03   4.36192657e-15
  1.11300000e+03   1.25344986e-15
  1.11400000e+03  -1.45012680e-15
  1.11500000e+03   4.63726349e-16
  1.11600000e+03   4.13844834e-15
  1.11700000e+03   1.26922896e-15
  1.11800000e+03   1.27505762e-15
  1.11900000e+03   3.14827653e-15
  1.12000000e+03  -4.79613856e-16
  1.12100000e+03   5.02946019e-15
  1.12200000e+03   4.21501904e-15
  1.12300000e+03   4.03112732e-15
  1.12400000e+03   2.68771483e-16
  1.12500000e+03   1.34847495e-15
  1.12600000e+03   2.20936718e-15
  1.12700000e+03   2.26563792e-15
  1.12800000e+03   4.98518406e-15
  1.12900000e+03   1.37479162e-15
  1.13000000e+03   3.10320967e-15
  1.13100000e+03   3.94315086e-15
  1.13200000e+03   2.19223350e-15
  1.13300000e+03   2.28070255e-15
  1.13400000e+03   2.14236177e-15
  1.13500000e+03   2.26509411e-15
  1.13600000e+03   3.90040265e-15
  1.13700000e+03   3.87092429e-15
  1.13800000e+03   2.19509404e-15
  1.13900000e+03   1.17766406e-15
  1.14000000e+03   2.92841148e-15
  1.14100000e+03   4.75505880e-15
  1.14200000e+03  -2.31189311e-15
  1.14300000e+03   1.24728860e-15
  1.14400000e+03   1.17898433e-15
  1.14500000e+03   3.94735961e-16
  1.14600000e+03  -1.34023987e-15
  1.14700000e+03   4.78268402e-15
  1.14800000e+03   2.02389230e-15
  1.14900000e+03   2.05025545e-15
  1.15000000e+03  -5.15632247e-16
  1.15100000e+03   2.13865081e-15
  1.15200000e+03   5.57488202e-15
  1.15300000e+03   2.04885704e-15
  1.15400000e+03   2.91376315e-15
  1.15500000e+03   1.21488676e-15
  1.15600000e+03   1.99562446e-15
  1.15700000e+03   3.65975008e-15
  1.15800000e+03   1.09725279e-15
  1.15900000e+03  -2.18536085e-15
  1.16000000e+03   2.83167113e-16
  1.16100000e+03   6.22336094e-15
  1.16200000e+03   2.90329102e-15
  1.16300000e+03   1.99308766e-15
  1.16400000e+03   3.68477821e-15
  1.16500000e+03   1.20347565e-15
  1.16600000e+03   2.89219165e-15
  1.16700000e+03  -1.33445271e-15
  1.16800000e+03   6.97255289e-15
  1.16900000e+03   4.55918396e-15
  1.17000000e+03   4.45478701e-15
  1.17100000e+03   2.05312875e-15
  1.17200000e+03   2.01918388e-15
  1.17300000e+03   3.57542335e-15
  1.17400000e+03   1.87852361e-15
  1.17500000e+03   1.04113002e-15
  1.17600000e+03   2.78072854e-15
  1.17700000e+03   3.58856631e-15
  1.17800000e+03   2.37061599e-16
  1.17900000e+03   3.46329344e-16
  1.18000000e+03  -4.85803587e-16
  1.18100000e+03   1.00748829e-15
  1.18200000e+03   1.99476074e-15
  1.18300000e+03   1.18266163e-15
  1.18400000e+03   2.61398386e-15
  1.18500000e+03  -1.24711195e-15
  1.18600000e+03   1.97486225e-15
  1.18700000e+03   3.35242590e-15
  1.18800000e+03  -4.98131377e-16
  1.18900000e+03   4.22216758e-15
  1.19000000e+03   2.64064893e-15
  1.19100000e+03   5.75302540e-15
  1.19200000e+03   4.89379155e-15
  1.19300000e+03   4.29509966e-15
  1.19400000e+03   4.09442026e-15
  1.19500000e+03   4.86157629e-15
  1.19600000e+03   6.55998961e-15
  1.19700000e+03   1.10002898e-15
  1.19800000e+03   8.01922888e-15
  1.19900000e+03   2.56221351e-15
  1.20000000e+03   1.70926424e-15
  1.20100000e+03   1.82087489e-15
  1.20200000e+03  -5.10410797e-16
  1.20300000e+03   5.53372219e-15
  1.20400000e+03  -2.76737915e-15
  1.20500000e+03   1.77590779e-15
  1.20600000e+03  -1.33009658e-15
  1.20700000e+03   1.11586089e-15
  1.20800000e+03   9.79507500e-16
  1.20900000e+03   1.65555037e-15
  1.21000000e+03   3.99054944e-15
  1.21100000e+03   3.16962682e-15
  1.21200000e+03  -1.32308890e-15
  1.21300000e+03   6.88098533e-15
  1.21400000e+03   1.83567401e-15
  1.21500000e+03   1.05137057e-15
  1.21600000e+03   1.00792064e-15
  1.21700000e+03   3.96692210e-15
  1.21800000e+03   3.13488550e-15
  1.21900000e+03   3.21679061e-15
  1.22000000e+03   2.43689600e-15
  1.22100000e+03  -1.27966731e-15
  1.22200000e+03   2.47352344e-15
  1.22300000e+03   2.40076753e-15
  1.22400000e+03  -4.97385725e-16
  1.22500000e+03   9.70705552e-16
  1.22600000e+03   1.74343657e-15
  1.22700000e+03   3.06526756e-15
  1.22800000e+03   4.44087031e-15
  1.22900000e+03   5.90541489e-15
  1.23000000e+03   3.02657960e-15
  1.23100000e+03   5.34315447e-15
  1.23200000e+03   1.23864813e-16
  1.23300000e+03  -4.53586690e-16
  1.23400000e+03  -5.90288915e-16
  1.23500000e+03  -1.20470662e-15
  1.23600000e+03  -5.22830455e-16
  1.23700000e+03   2.42871587e-16
  1.23800000e+03   3.06797085e-15
  1.23900000e+03   1.62928603e-15
  1.24000000e+03   2.95165055e-15
  1.24100000e+03   9.15477607e-16
  1.24200000e+03  -1.16666120e-15
  1.24300000e+03   1.61056483e-15
  1.24400000e+03   2.92635297e-15
  1.24500000e+03   6.54137636e-15
  1.24600000e+03   5.78241001e-15
  1.24700000e+03   1.57922060e-15
  1.24800000e+03   1.69613397e-15
  1.24900000e+03   4.30512361e-15
  1.25000000e+03   4.90710921e-15
  1.25100000e+03   3.00241224e-15
  1.25200000e+03  -3.76957720e-16
  1.25300000e+03   2.17681370e-16
  1.25400000e+03  -1.79723186e-15
  1.25500000e+03   2.82289533e-15
  1.25600000e+03   1.26424411e-16
  1.25700000e+03   7.85222678e-16
  1.25800000e+03   2.59854462e-16
  1.25900000e+03   8.86447738e-16
  1.26000000e+03   1.98766649e-16
  1.26100000e+03  -1.13529089e-15
  1.26200000e+03  -4.86162724e-16
  1.26300000e+03   1.45821795e-15
  1.26400000e+03   7.56341443e-16
  1.26500000e+03  -2.44013681e-15
  1.26600000e+03   4.17082783e-15
  1.26700000e+03   2.74139398e-15
  1.26800000e+03   1.49927761e-15
  1.26900000e+03   7.42153456e-16
  1.27000000e+03  -1.19716541e-15
  1.27100000e+03   2.09478845e-15
  1.27200000e+03   3.41278158e-15
  1.27300000e+03   3.45662310e-15
  1.27400000e+03   5.41831506e-15
  1.27500000e+03   3.36379574e-15
  1.27600000e+03   4.02659166e-15
  1.27700000e+03  -5.07146082e-16
  1.27800000e+03   2.01107735e-15
  1.27900000e+03   1.39210044e-15
  1.28000000e+03   3.32988686e-15
  1.28100000e+03   8.24277999e-16
  1.28200000e+03   2.06709450e-15
  1.28300000e+03  -1.11710290e-15
  1.28400000e+03  -4.76695600e-16
  1.28500000e+03   8.36448648e-15
  1.28600000e+03   3.99493966e-15
  1.28700000e+03   1.37176476e-15
  1.28800000e+03  -4.60224972e-16
  1.28900000e+03  -1.74750501e-15
  1.29000000e+03   3.38123167e-15
  1.29100000e+03   7.89387457e-16
  1.29200000e+03   3.89977662e-15
  1.29300000e+03   2.71270025e-15
  1.29400000e+03   8.28741446e-16
  1.29500000e+03   5.18013552e-15
  1.29600000e+03   7.35352846e-16
  1.29700000e+03   1.50335688e-15
  1.29800000e+03  -1.02810114e-15
  1.29900000e+03   3.78292490e-15
  1.30000000e+03   8.65126552e-16
  1.30100000e+03   2.70706659e-15
  1.30200000e+03   6.82388712e-16
  1.30300000e+03   7.97093848e-16
  1.30400000e+03   1.91947597e-15
  1.30500000e+03   5.02715721e-15
  1.30600000e+03   3.11332763e-15
  1.30700000e+03  -4.42473445e-16
  1.30800000e+03  -4.55490561e-16
  1.30900000e+03   5.02440210e-15
  1.31000000e+03   1.98416815e-15
  1.31100000e+03   2.64357044e-15
  1.31200000e+03   2.50305775e-15
  1.31300000e+03   6.03072257e-15
  1.31400000e+03   7.25123489e-15
  1.31500000e+03   4.21916325e-15
  1.31600000e+03   4.87299939e-15
  1.31700000e+03   2.00743895e-16
  1.31800000e+03   2.02574491e-15
  1.31900000e+03  -1.50229584e-15
  1.32000000e+03  -4.39284286e-16
  1.32100000e+03   3.66148353e-15
  1.32200000e+03  -9.88440643e-16
  1.32300000e+03   1.29074253e-15
  1.32400000e+03   4.20512454e-15
  1.32500000e+03   5.40790162e-15
  1.32600000e+03  -1.56716133e-15
  1.32700000e+03   6.84281328e-17
  1.32800000e+03   3.47881000e-15
  1.32900000e+03   1.40630577e-16
  1.33000000e+03   1.79843876e-15
  1.33100000e+03   1.79476087e-15
  1.33200000e+03   1.07495935e-16
  1.33300000e+03   2.40181830e-15
  1.33400000e+03  -8.73596450e-16
  1.33500000e+03   2.35762618e-15
  1.33600000e+03   5.18242356e-15
  1.33700000e+03   5.82872673e-15
  1.33800000e+03  -9.23233999e-16
  1.33900000e+03   4.61386611e-15
  1.34000000e+03   2.29360605e-15
  1.34100000e+03   1.34637217e-15
  1.34200000e+03   2.29184566e-15
  1.34300000e+03   3.47021018e-15
  1.34400000e+03   5.70047139e-15
  1.34500000e+03   4.56068772e-15
  1.34600000e+03   5.61306832e-15
  1.34700000e+03  -1.03302505e-15
  1.34800000e+03   1.93924467e-16
  1.34900000e+03   2.27072387e-15
  1.35000000e+03  -2.06199281e-15
  1.35100000e+03   1.19616914e-15
  1.35200000e+03   1.25505729e-15
  1.35300000e+03   6.60857536e-15
  1.35400000e+03   1.15922402e-15
  1.35500000e+03  -9.45484765e-16
  1.35600000e+03   2.31434440e-16
  1.35700000e+03   2.33237961e-15
  1.35800000e+03   3.33786871e-15
  1.35900000e+03  -3.12197628e-15
  1.36000000e+03   2.25937908e-15
  1.36100000e+03   4.42360551e-15
  1.36200000e+03  -2.07838965e-15
  1.36300000e+03   3.26338918e-15
  1.36400000e+03   4.34917393e-15
  1.36500000e+03   3.28399982e-15
  1.36600000e+03   9.69000951e-17
  1.36700000e+03   1.11307622e-15
  1.36800000e+03   1.50945371e-16
  1.36900000e+03   1.14647980e-15
  1.37000000e+03   4.36534270e-15
  1.37100000e+03   1.22715914e-15
  1.37200000e+03   3.26354971e-15
  1.37300000e+03   3.21491568e-15
  1.37400000e+03   7.24498774e-15
  1.37500000e+03   9.04835494e-17
  1.37600000e+03   1.21095999e-15
  1.37700000e+03   2.07299778e-15
  1.37800000e+03   2.24849843e-16
  1.37900000e+03  -9.32596699e-16
  1.38000000e+03   1.10919636e-15
  1.38100000e+03   1.18602396e-16
  1.38200000e+03   2.17502584e-15
  1.38300000e+03   1.04506967e-15
  1.38400000e+03   2.23190904e-15
  1.38500000e+03   5.16524325e-15
  1.38600000e+03   9.11116747e-15
  1.38700000e+03   3.07533161e-15
  1.38800000e+03  -6.90612034e-15
  1.38900000e+03   5.07797960e-15
  1.39000000e+03   7.38567368e-17
  1.39100000e+03   2.01424180e-15
  1.39200000e+03   2.19700289e-15
  1.39300000e+03   4.00241778e-15
  1.39400000e+03   5.07013779e-15
  1.39500000e+03   1.05115968e-15
  1.39600000e+03   3.12218703e-15
  1.39700000e+03   4.95992077e-15
  1.39800000e+03   1.08050224e-15
  1.39900000e+03   4.06518181e-15
  1.40000000e+03   2.99448955e-15
  1.40100000e+03   1.99124738e-15
  1.40200000e+03  -8.88524040e-16
  1.40300000e+03   3.99411901e-15
  1.40400000e+03   1.86586756e-16
  1.40500000e+03   4.86722235e-15
  1.40600000e+03   3.09057392e-15
  1.40700000e+03   1.05760535e-15
  1.40800000e+03   1.09691941e-15
  1.40900000e+03  -1.76555323e-15
  1.41000000e+03  -1.84463214e-15
  1.41100000e+03   1.09788902e-15
  1.41200000e+03   1.59294084e-16
  1.41300000e+03   1.13432196e-15
  1.41400000e+03   4.80765467e-15
  1.41500000e+03  -8.68776408e-16
  1.41600000e+03  -1.73564533e-15
  1.41700000e+03   1.00076033e-15
  1.41800000e+03  -7.17812637e-16
  1.41900000e+03   1.13294122e-15
  1.42000000e+03   4.88879010e-15
  1.42100000e+03   1.08580250e-15
  1.42200000e+03   3.85609961e-15
  1.42300000e+03   2.01659256e-15
  1.42400000e+03   1.91797097e-15
  1.42500000e+03  -8.54465482e-16
  1.42600000e+03   1.85827107e-15
  1.42700000e+03  -1.71367780e-15
  1.42800000e+03   1.02532113e-15
  1.42900000e+03   1.87883541e-15
  1.43000000e+03   2.03314527e-15
  1.43100000e+03   4.71622945e-15
  1.43200000e+03   4.65953786e-15
  1.43300000e+03   2.78775537e-15
  1.43400000e+03   1.83801691e-15
  1.43500000e+03  -3.60691703e-15
  1.43600000e+03   9.98397376e-16
  1.43700000e+03   4.67507698e-15
  1.43800000e+03   1.11230719e-15
  1.43900000e+03   3.28288736e-17
  1.44000000e+03   3.79359133e-15
  1.44100000e+03   1.14961684e-16
  1.44200000e+03  -3.45537653e-15
  1.44300000e+03   9.01031920e-16
  1.44400000e+03   1.82033037e-15
  1.44500000e+03   1.00041089e-15
  1.44600000e+03   9.79538249e-16
  1.44700000e+03   1.81954255e-15
  1.44800000e+03   5.31421517e-15
  1.44900000e+03  -8.38321908e-16
  1.45000000e+03   1.23127149e-16
  1.45100000e+03   3.60855762e-15
  1.45200000e+03   1.82285654e-15
  1.45300000e+03   1.89569555e-15
  1.45400000e+03  -1.66102562e-15
  1.45500000e+03   9.63453747e-16
  1.45600000e+03   9.41362265e-17
  1.45700000e+03   4.38095259e-15
  1.45800000e+03   1.79919683e-15
  1.45900000e+03   2.71163008e-15
  1.46000000e+03   3.55873886e-15
  1.46100000e+03   2.66106259e-15
  1.46200000e+03   5.99265817e-15
  1.46300000e+03   1.90931730e-17
  1.46400000e+03   2.57246170e-15
  1.46500000e+03   2.60783063e-15
  1.46600000e+03   8.51217198e-16
  1.46700000e+03   9.64521686e-16
  1.46800000e+03   3.40171116e-15
  1.46900000e+03   3.40008847e-15
  1.47000000e+03   2.74156676e-17
  1.47100000e+03   3.54641198e-15
  1.47200000e+03   5.59939876e-17
  1.47300000e+03   3.48371135e-15
  1.47400000e+03   5.98553965e-15
  1.47500000e+03   1.74980252e-15
  1.47600000e+03   1.73484068e-15
  1.47700000e+03  -2.37616042e-15
  1.47800000e+03   1.79140634e-15
  1.47900000e+03   1.83982299e-15
  1.48000000e+03  -1.61723958e-15
  1.48100000e+03   2.28923868e-17
  1.48200000e+03   3.32337578e-15
  1.48300000e+03   2.60325334e-15
  1.48400000e+03  -1.50866446e-15
  1.48500000e+03   1.64872310e-15
  1.48600000e+03   3.29817087e-15
  1.48700000e+03   2.44246404e-15
  1.48800000e+03   1.43052127e-16
  1.48900000e+03   9.08115356e-17
  1.49000000e+03   3.41506434e-15
  1.49100000e+03   1.30315647e-16
  1.49200000e+03   1.75616803e-15
  1.49300000e+03   2.48594314e-15
  1.49400000e+03   9.68719736e-17
  1.49500000e+03   1.59832768e-15
  1.49600000e+03  -6.54354452e-16
  1.49700000e+03  -1.47052091e-15
  1.49800000e+03   4.06575614e-15
  1.49900000e+03   9.25558200e-16
