  0.00000000e+00             -nan
  1.00000000e+00   2.52333271e-02
  2.00000000e+00   2.94550931e-03
  3.00000000e+00   7.17185673e-04
  4.00000000e+00   2.43871338e-04
  5.00000000e+00   1.01353540e-04
  6.00000000e+00   4.82448861e-05
  7.00000000e+00   2.53413546e-05
  8.00000000e+00   1.43469780e-05
  9.00000000e+00   8.61679802e-06
  1.00000000e+01   5.42869903e-06
  1.10000000e+01   3.55803071e-06
  1.20000000e+01   2.41077637e-06
  1.30000000e+01   1.68040958e-06
  1.40000000e+01   1.20033127e-06
  1.50000000e+01   8.75904382e-07
  1.60000000e+01   6.51283069e-07
  1.70000000e+01   4.92399960e-07
  1.80000000e+01   3.77857202e-07
  1.90000000e+01   2.93862030e-07
  2.00000000e+01   2.31315731e-07
  2.10000000e+01   1.84090006e-07
  2.20000000e+01   1.47978932e-07
  2.30000000e+01   1.20046226e-07
  2.40000000e+01   9.82097969e-08
  2.50000000e+01   8.09720270e-08
  2.60000000e+01   6.72414661e-08
  2.70000000e+01   5.62129851e-08
  2.80000000e+01   4.72859617e-08
  2.90000000e+01   4.00076438e-08
  3.00000000e+01   3.40334223e-08
  3.10000000e+01   2.90986177e-08
  3.20000000e+01   2.49982024e-08
  3.30000000e+01   2.15721107e-08
  3.40000000e+01   1.86944182e-08
  3.50000000e+01   1.62653864e-08
  3.60000000e+01   1.42054766e-08
  3.70000000e+01   1.24508688e-08
  3.80000000e+01   1.09500436e-08
  3.90000000e+01   9.66118946e-09
  4.00000000e+01   8.55018184e-09
  4.10000000e+01   7.58903595e-09
  4.20000000e+01   6.75468846e-09
  4.30000000e+01   6.02804251e-09
  4.40000000e+01   5.39322257e-09
  4.50000000e+01   4.83696758e-09
  4.60000000e+01   4.34816577e-09
  4.70000000e+01   3.91746356e-09
  4.80000000e+01   3.53696013e-09
  4.90000000e+01   3.19995905e-09
  5.00000000e+01   2.90076773e-09
  5.10000000e+01   2.63452995e-09
  5.20000000e+01   2.39708384e-09
  5.30000000e+01   2.18486441e-09
  5.40000000e+01   1.99479597e-09
  5.50000000e+01   1.82423226e-09
  5.60000000e+01   1.67087228e-09
  5.70000000e+01   1.53272789e-09
  5.80000000e+01   1.40806691e-09
  5.90000000e+01   1.29537720e-09
  6.00000000e+01   1.19333968e-09
  6.10000000e+01   1.10079693e-09
  6.20000000e+01   1.01673271e-09
  6.30000000e+01   9.40258909e-10
  6.40000000e+01   8.70582703e-10
  6.50000000e+01   8.07014132e-10
  6.60000000e+01   7.48935120e-10
  6.70000000e+01   6.95800207e-10
  6.80000000e+01   6.47124257e-10
  6.90000000e+01   6.02479093e-10
  7.00000000e+01   5.61477830e-10
  7.10000000e+01   5.23784090e-10
  7.20000000e+01   4.89083772e-10
  7.30000000e+01   4.57105466e-10
  7.40000000e+01   4.27605484e-10
  7.50000000e+01   4.00360589e-10
  7.60000000e+01   3.75172368e-10
  7.70000000e+01   3.51861105e-10
  7.80000000e+01   3.30269398e-10
  7.90000000e+01   3.10245171e-10
  8.00000000e+01   2.91660951e-10
  8.10000000e+01   2.74399013e-10
  8.20000000e+01   2.58344922e-10
  8.30000000e+01   2.43407224e-10
  8.40000000e+01   2.29494586e-10
  8.50000000e+01   2.16525003e-10
  8.60000000e+01   2.04425589e-10
  8.70000000e+01   1.93128253e-10
  8.80000000e+01   1.82571412e-10
  8.90000000e+01   1.72699585e-10
  9.00000000e+01   1.63458801e-10
  9.10000000e+01   1.54809469e-10
  9.20000000e+01   1.46703432e-10
  9.30000000e+01   1.39100455e-10
  9.40000000e+01   1.31962949e-10
  9.50000000e+01   1.25263013e-10
  9.60000000e+01   1.18968071e-10
  9.70000000e+01   1.13047837e-10
  9.80000000e+01   1.07474941e-10
  9.90000000e+01   1.02231959e-10
  1.00000000e+02   9.72917087e-11
  1.01000000e+02   9.26366226e-11
  1.02000000e+02   8.82453037e-11
  1.03000000e+02   8.41007739e-11
  1.04000000e+02   8.01869136e-11
  1.05000000e+02   7.64915576e-11
  1.06000000e+02   7.29980082e-11
  1.07000000e+02   6.96945303e-11
  1.08000000e+02   6.65673706e-11
  1.09000000e+02   6.36086210e-11
  1.10000000e+02   6.08061008e-11
  1.11000000e+02   5.81504396e-11
  1.12000000e+02   5.56314465e-11
  1.13000000e+02   5.32444016e-11
  1.14000000e+02   5.09763591e-11
  1.15000000e+02   4.88260367e-11
  1.16000000e+02   4.67844620e-11
  1.17000000e+02   4.48413413e-11
  1.18000000e+02   4.29948846e-11
  1.19000000e+02   4.12383678e-11
  1.20000000e+02   3.95708010e-11
  1.21000000e+02   3.79804969e-11
  1.22000000e+02   3.64674633e-11
  1.23000000e+02   3.50256344e-11
  1.24000000e+02   3.36514415e-11
  1.25000000e+02   3.23419954e-11
  1.26000000e+02   3.10945567e-11
  1.27000000e+02   2.99002013e-11
  1.28000000e+02   2.87621394e-11
  1.29000000e+02   2.76786770e-11
  1.30000000e+02   2.66423523e-11
  1.31000000e+02   2.56498614e-11
  1.32000000e+02   2.47049676e-11
  1.33000000e+02   2.37999345e-11
  1.34000000e+02   2.29336120e-11
  1.35000000e+02   2.21052067e-11
  1.36000000e+02   2.13125234e-11
  1.37000000e+02   2.05549150e-11
  1.38000000e+02   1.98296052e-11
  1.39000000e+02   1.91336736e-11
  1.40000000e+02   1.84645217e-11
  1.41000000e+02   1.78263687e-11
  1.42000000e+02   1.72136825e-11
  1.43000000e+02   1.66258497e-11
  1.44000000e+02   1.60620868e-11
  1.45000000e+02   1.55231867e-11
  1.46000000e+02   1.50034394e-11
  1.47000000e+02   1.45029095e-11
  1.48000000e+02   1.40262968e-11
  1.49000000e+02   1.35644301e-11
  1.50000000e+02   1.31229305e-11
  1.51000000e+02   1.26998423e-11
  1.52000000e+02   1.22907161e-11
  1.53000000e+02   1.18983732e-11
  1.54000000e+02   1.15197558e-11
  1.55000000e+02   1.11549280e-11
  1.56000000e+02   1.08060640e-11
  1.57000000e+02   1.04711872e-11
  1.58000000e+02   1.01458782e-11
  1.59000000e+02   9.83350484e-12
  1.60000000e+02   9.53185192e-12
  1.61000000e+02   9.24227525e-12
  1.62000000e+02   8.96331186e-12
  1.63000000e+02   8.69633266e-12
  1.64000000e+02   8.43493741e-12
  1.65000000e+02   8.18379861e-12
  1.66000000e+02   7.94286662e-12
  1.67000000e+02   7.70818404e-12
  1.68000000e+02   7.48535197e-12
  1.69000000e+02   7.26651200e-12
  1.70000000e+02   7.05867525e-12
  1.71000000e+02   6.85540777e-12
  1.72000000e+02   6.66017025e-12
  1.73000000e+02   6.47242486e-12
  1.74000000e+02   6.28952634e-12
  1.75000000e+02   6.11461418e-12
  1.76000000e+02   5.94448425e-12
  1.77000000e+02   5.77946232e-12
  1.78000000e+02   5.62037176e-12
  1.79000000e+02   5.46661717e-12
  1.80000000e+02   5.31709429e-12
  1.81000000e+02   5.17225603e-12
  1.82000000e+02   5.03288625e-12
  1.83000000e+02   4.89844620e-12
  1.84000000e+02   4.76746563e-12
  1.85000000e+02   4.64183492e-12
  1.86000000e+02   4.51995963e-12
  1.87000000e+02   4.40107771e-12
  1.88000000e+02   4.28482301e-12
  1.89000000e+02   4.17266048e-12
  1.90000000e+02   4.06512414e-12
  1.91000000e+02   3.96177325e-12
  1.92000000e+02   3.85961533e-12
  1.93000000e+02   3.76236606e-12
  1.94000000e+02   3.66701728e-12
  1.95000000e+02   3.57443897e-12
  1.96000000e+02   3.48478670e-12
  1.97000000e+02   3.39863190e-12
  1.98000000e+02   3.31359449e-12
  1.99000000e+02   3.23187039e-12
  2.00000000e+02   3.15315081e-12
  2.01000000e+02   3.07613645e-12
  2.02000000e+02   3.00024463e-12
  2.03000000e+02   2.92889023e-12
  2.04000000e+02   2.85707623e-12
  2.05000000e+02   2.78836760e-12
  2.06000000e+02   2.72314415e-12
  2.07000000e+02   2.65793770e-12
  2.08000000e+02   2.59449847e-12
  2.09000000e+02   2.53312988e-12
  2.10000000e+02   2.47465299e-12
  2.11000000e+02   2.41636983e-12
  2.12000000e+02   2.36039866e-12
  2.13000000e+02   2.30659024e-12
  2.14000000e+02   2.25430629e-12
  2.15000000e+02   2.20201397e-12
  2.16000000e+02   2.15121245e-12
  2.17000000e+02   2.10273590e-12
  2.18000000e+02   2.05599958e-12
  2.19000000e+02   2.00756554e-12
  2.20000000e+02   1.96540630e-12
  2.21000000e+02   1.92207078e-12
  2.22000000e+02   1.87669238e-12
  2.23000000e+02   1.83627918e-12
  2.24000000e+02   1.79696696e-12
  2.25000000e+02   1.75460230e-12
  2.26000000e+02   1.71879590e-12
  2.27000000e+02   1.68235919e-12
  2.28000000e+02   1.64400852e-12
  2.29000000e+02   1.60851547e-12
  2.30000000e+02   1.57324684e-12
  2.31000000e+02   1.54099094e-12
  2.32000000e+02   1.51018703e-12
  2.33000000e+02   1.47715690e-12
  2.34000000e+02   1.44598211e-12
  2.35000000e+02   1.41375662e-12
  2.36000000e+02   1.38578120e-12
  2.37000000e+02   1.35694685e-12
  2.38000000e+02   1.33028916e-12
  2.39000000e+02   1.30064928e-12
  2.40000000e+02   1.27373876e-12
  2.41000000e+02   1.25099982e-12
  2.42000000e+02   1.22468509e-12
  2.43000000e+02   1.19908607e-12
  2.44000000e+02   1.17377148e-12
  2.45000000e+02   1.14965357e-12
  2.46000000e+02   1.12761502e-12
  2.47000000e+02   1.10703006e-12
  2.48000000e+02   1.08286038e-12
  2.49000000e+02   1.06150893e-12
  2.50000000e+02   1.04012949e-12
  2.51000000e+02   1.01968551e-12
  2.52000000e+02   1.00032825e-12
  2.53000000e+02   9.80259079e-13
  2.54000000e+02   9.62261486e-13
  2.55000000e+02   9.42475630e-13
  2.56000000e+02   9.26482064e-13
  2.57000000e+02   9.07293423e-13
  2.58000000e+02   8.89866421e-13
  2.59000000e+02   8.73781782e-13
  2.60000000e+02   8.58092956e-13
  2.61000000e+02   8.39443136e-13
  2.62000000e+02   8.24487494e-13
  2.63000000e+02   8.09594805e-13
  2.64000000e+02   7.94899690e-13
  2.65000000e+02   7.80214355e-13
  2.66000000e+02   7.65749433e-13
  2.67000000e+02   7.52824533e-13
  2.68000000e+02   7.35714166e-13
  2.69000000e+02   7.23047776e-13
  2.70000000e+02   7.09505386e-13
  2.71000000e+02   6.98549019e-13
  2.72000000e+02   6.85293125e-13
  2.73000000e+02   6.73781855e-13
  2.74000000e+02   6.62173872e-13
  2.75000000e+02   6.47447982e-13
  2.76000000e+02   6.36259730e-13
  2.77000000e+02   6.26680323e-13
  2.78000000e+02   6.13173810e-13
  2.79000000e+02   6.04771213e-13
  2.80000000e+02   5.93087290e-13
  2.81000000e+02   5.82245096e-13
  2.82000000e+02   5.73814608e-13
  2.83000000e+02   5.59531766e-13
  2.84000000e+02   5.52968008e-13
  2.85000000e+02   5.42718680e-13
  2.86000000e+02   5.33145527e-13
  2.87000000e+02   5.24081805e-13
  2.88000000e+02   5.14179639e-13
  2.89000000e+02   5.06593592e-13
  2.90000000e+02   4.98377514e-13
  2.91000000e+02   4.88878235e-13
  2.92000000e+02   4.80210693e-13
  2.93000000e+02   4.74231658e-13
  2.94000000e+02   4.66598373e-13
  2.95000000e+02   4.56186793e-13
  2.96000000e+02   4.51917556e-13
  2.97000000e+02   4.43539298e-13
  2.98000000e+02   4.35267591e-13
  2.99000000e+02   4.27495569e-13
  3.00000000e+02   4.20241500e-13
  3.01000000e+02   4.13387930e-13
  3.02000000e+02   4.05568170e-13
  3.03000000e+02   4.00723211e-13
  3.04000000e+02   3.93971147e-13
  3.05000000e+02   3.87709098e-13
  3.06000000e+02   3.80988761e-13
  3.07000000e+02   3.75237287e-13
  3.08000000e+02   3.69615168e-13
  3.09000000e+02   3.63947647e-13
  3.10000000e+02   3.57456382e-13
  3.11000000e+02   3.52043422e-13
  3.12000000e+02   3.46051322e-13
  3.13000000e+02   3.40163292e-13
  3.14000000e+02   3.35199793e-13
  3.15000000e+02   3.30629827e-13
  3.16000000e+02   3.26201904e-13
  3.17000000e+02   3.21279420e-13
  3.18000000e+02   3.16540348e-13
  3.19000000e+02   3.09842984e-13
  3.20000000e+02   3.04662358e-13
  3.21000000e+02   3.01225321e-13
  3.22000000e+02   2.97791597e-13
  3.23000000e+02   2.91824638e-13
  3.24000000e+02   2.86817417e-13
  3.25000000e+02   2.83481243e-13
  3.26000000e+02   2.78390083e-13
  3.27000000e+02   2.74285388e-13
  3.28000000e+02   2.69526997e-13
  3.29000000e+02   2.67324222e-13
  3.30000000e+02   2.63817881e-13
  3.31000000e+02   2.59521192e-13
  3.32000000e+02   2.54189751e-13
  3.33000000e+02   2.50997077e-13
  3.34000000e+02   2.47098741e-13
  3.35000000e+02   2.43530885e-13
  3.36000000e+02   2.38068162e-13
  3.37000000e+02   2.36727170e-13
  3.38000000e+02   2.31559617e-13
  3.39000000e+02   2.27772134e-13
  3.40000000e+02   2.25435417e-13
  3.41000000e+02   2.23602677e-13
  3.42000000e+02   2.19511037e-13
  3.43000000e+02   2.16849316e-13
  3.44000000e+02   2.13712209e-13
  3.45000000e+02   2.08758486e-13
  3.46000000e+02   2.06085711e-13
  3.47000000e+02   2.04713008e-13
  3.48000000e+02   2.02501659e-13
  3.49000000e+02   1.97061161e-13
  3.50000000e+02   1.95014991e-13
  3.51000000e+02   1.91852621e-13
  3.52000000e+02   1.91007746e-13
  3.53000000e+02   1.89445113e-13
  3.54000000e+02   1.85884941e-13
  3.55000000e+02   1.83674228e-13
  3.56000000e+02   1.79023975e-13
  3.57000000e+02   1.76136625e-13
  3.58000000e+02   1.75712520e-13
  3.59000000e+02   1.72895389e-13
  3.60000000e+02   1.68247159e-13
  3.61000000e+02   1.69512896e-13
  3.62000000e+02   1.66738453e-13
  3.63000000e+02   1.62297581e-13
  3.64000000e+02   1.62121872e-13
  3.65000000e+02   1.60466795e-13
  3.66000000e+02   1.56822809e-13
  3.67000000e+02   1.54227638e-13
  3.68000000e+02   1.54183738e-13
  3.69000000e+02   1.51448739e-13
  3.70000000e+02   1.49980001e-13
  3.71000000e+02   1.46541528e-13
  3.72000000e+02   1.45847273e-13
  3.73000000e+02   1.44132504e-13
  3.74000000e+02   1.41823581e-13
  3.75000000e+02   1.38753722e-13
  3.76000000e+02   1.37155328e-13
  3.77000000e+02   1.36459800e-13
  3.78000000e+02   1.33228599e-13
  3.79000000e+02   1.32609363e-13
  3.80000000e+02   1.31198944e-13
  3.81000000e+02   1.28431632e-13
  3.82000000e+02   1.27703356e-13
  3.83000000e+02   1.25466020e-13
  3.84000000e+02   1.23614327e-13
  3.85000000e+02   1.20636306e-13
  3.86000000e+02   1.20155755e-13
  3.87000000e+02   1.19000792e-13
  3.88000000e+02   1.17552398e-13
  3.89000000e+02   1.14949446e-13
  3.90000000e+02   1.14416862e-13
  3.91000000e+02   1.13054159e-13
  3.92000000e+02   1.10083485e-13
  3.93000000e+02   1.10080195e-13
  3.94000000e+02   1.08396528e-13
  3.95000000e+02   1.06669491e-13
  3.96000000e+02   1.05525066e-13
  3.97000000e+02   1.04933219e-13
  3.98000000e+02   1.03639592e-13
  3.99000000e+02   1.03777634e-13
  4.00000000e+02   1.02833429e-13
  4.01000000e+02   9.87572492e-14
  4.02000000e+02   9.95948931e-14
  4.03000000e+02   9.78624192e-14
  4.04000000e+02   9.68075531e-14
  4.05000000e+02   9.63979544e-14
  4.06000000e+02   9.48703386e-14
  4.07000000e+02   9.33740756e-14
  4.08000000e+02   9.26564908e-14
  4.09000000e+02   8.92255863e-14
  4.10000000e+02   9.15440007e-14
  4.11000000e+02   8.80458617e-14
  4.12000000e+02   8.82174535e-14
  4.13000000e+02   8.72360879e-14
  4.14000000e+02   8.40724217e-14
  4.15000000e+02   8.45002388e-14
  4.16000000e+02   8.41936795e-14
  4.17000000e+02   8.16395836e-14
  4.18000000e+02   7.97674531e-14
  4.19000000e+02   8.20977582e-14
  4.20000000e+02   8.00983330e-14
  4.21000000e+02   7.94404626e-14
  4.22000000e+02   7.56512971e-14
  4.23000000e+02   7.62338918e-14
  4.24000000e+02   7.50772611e-14
  4.25000000e+02   7.65405090e-14
  4.26000000e+02   7.49929334e-14
  4.27000000e+02   7.33847601e-14
  4.28000000e+02   7.05760729e-14
  4.29000000e+02   6.90513160e-14
  4.30000000e+02   7.23474266e-14
  4.31000000e+02   7.20784202e-14
  4.32000000e+02   6.93225722e-14
  4.33000000e+02   6.88846452e-14
  4.34000000e+02   6.79688686e-14
  4.35000000e+02   6.69143422e-14
  4.36000000e+02   6.52662755e-14
  4.37000000e+02   6.61976300e-14
  4.38000000e+02   6.41675888e-14
  4.39000000e+02   6.39678554e-14
  4.40000000e+02   6.32915056e-14
  4.41000000e+02   6.17221427e-14
  4.42000000e+02   6.16699920e-14
  4.43000000e+02   6.06868770e-14
  4.44000000e+02   6.05145331e-14
  4.45000000e+02   5.95784632e-14
  4.46000000e+02   6.15299811e-14
  4.47000000e+02   5.84081912e-14
  4.48000000e+02   5.78593541e-14
  4.49000000e+02   5.72474624e-14
  4.50000000e+02   5.58424877e-14
  4.51000000e+02   5.44912878e-14
  4.52000000e+02   5.58616885e-14
  4.53000000e+02   5.61886428e-14
  4.54000000e+02   5.46891579e-14
  4.55000000e+02   5.25982980e-14
  4.56000000e+02   5.29633336e-14
  4.57000000e+02   5.22919018e-14
  4.58000000e+02   5.35260410e-14
  4.59000000e+02   5.13850644e-14
  4.60000000e+02   5.19555115e-14
  4.61000000e+02   5.11638342e-14
  4.62000000e+02   4.85778484e-14
  4.63000000e+02   4.94401910e-14
  4.64000000e+02   4.75688454e-14
  4.65000000e+02   4.71351074e-14
  4.66000000e+02   4.89739272e-14
  4.67000000e+02   4.85360842e-14
  4.68000000e+02   4.43704192e-14
  4.69000000e+02   4.54447747e-14
  4.70000000e+02   4.59517066e-14
  4.71000000e+02   4.53233924e-14
  4.72000000e+02   4.65203286e-14
  4.73000000e+02   4.54138743e-14
  4.74000000e+02   4.35981697e-14
  4.75000000e+02   4.55497018e-14
  4.76000000e+02   3.99096043e-14
  4.77000000e+02   4.31505569e-14
  4.78000000e+02   4.20611529e-14
  4.79000000e+02   4.16242298e-14
  4.80000000e+02   4.20530115e-14
  4.81000000e+02   4.01940663e-14
  4.82000000e+02   3.98076851e-14
  4.83000000e+02   4.09914952e-14
  4.84000000e+02   3.92957254e-14
  4.85000000e+02   3.88623999e-14
  4.86000000e+02   3.76709904e-14
  4.87000000e+02   3.95367412e-14
  4.88000000e+02   3.77773735e-14
  4.89000000e+02   3.75389703e-14
  4.90000000e+02   3.85939792e-14
  4.91000000e+02   3.54340180e-14
  4.92000000e+02   3.70799951e-14
  4.93000000e+02   3.55924423e-14
  4.94000000e+02   3.59824479e-14
  4.95000000e+02   3.50801620e-14
  4.96000000e+02   3.40351603e-14
  4.97000000e+02   3.61275394e-14
  4.98000000e+02   3.42076106e-14
  4.99000000e+02   3.61172693e-14
  5.00000000e+02   3.41460916e-14
  5.01000000e+02   3.32477459e-14
  5.02000000e+02   3.43023674e-14
  5.03000000e+02   3.19771237e-14
  5.04000000e+02   3.19204138e-14
  5.05000000e+02   3.15971411e-14
  5.06000000e+02   3.13219763e-14
  5.07000000e+02   3.10855876e-14
  5.08000000e+02   3.13823300e-14
  5.09000000e+02   3.04774270e-14
  5.10000000e+02   3.08647042e-14
  5.11000000e+02   3.00098385e-14
  5.12000000e+02   2.98841029e-14
  5.13000000e+02   2.97636861e-14
  5.14000000e+02   2.75579728e-14
  5.15000000e+02   2.96035693e-14
  5.16000000e+02   2.82619026e-14
  5.17000000e+02   2.72932994e-14
  5.18000000e+02   2.91024677e-14
  5.19000000e+02   2.86527396e-14
  5.20000000e+02   2.79332343e-14
  5.21000000e+02   2.60100146e-14
  5.22000000e+02   2.58849835e-14
  5.23000000e+02   2.77206258e-14
  5.24000000e+02   2.76028792e-14
  5.25000000e+02   2.79428654e-14
  5.26000000e+02   2.54398105e-14
  5.27000000e+02   2.48852743e-14
  5.28000000e+02   2.51356825e-14
  5.29000000e+02   2.70330445e-14
  5.30000000e+02   2.74714037e-14
  5.31000000e+02   2.77257370e-14
  5.32000000e+02   2.57955809e-14
  5.33000000e+02   2.58096271e-14
  5.34000000e+02   2.28347237e-14
  5.35000000e+02   2.63543438e-14
  5.36000000e+02   2.31512396e-14
  5.37000000e+02   2.34181843e-14
  5.38000000e+02   2.21769844e-14
  5.39000000e+02   2.20827867e-14
  5.40000000e+02   2.26251863e-14
  5.41000000e+02   2.30848917e-14
  5.42000000e+02   2.50529624e-14
  5.43000000e+02   2.33276087e-14
  5.44000000e+02   2.13036081e-14
  5.45000000e+02   2.34425769e-14
  5.46000000e+02   2.37177621e-14
  5.47000000e+02   2.30974373e-14
  5.48000000e+02   2.24407834e-14
  5.49000000e+02   2.18290825e-14
  5.50000000e+02   2.01371783e-14
  5.51000000e+02   2.27485455e-14
  5.52000000e+02   2.20886686e-14
  5.53000000e+02   1.88329234e-14
  5.54000000e+02   2.05229171e-14
  5.55000000e+02   2.31417162e-14
  5.56000000e+02   2.02827339e-14
  5.57000000e+02   2.00294708e-14
  5.58000000e+02   2.26355095e-14
  5.59000000e+02   2.14503863e-14
  5.60000000e+02   2.12873522e-14
  5.61000000e+02   1.93810813e-14
  5.62000000e+02   2.02965990e-14
  5.63000000e+02   1.91320229e-14
  5.64000000e+02   1.90998525e-14
  5.65000000e+02   1.97656089e-14
  5.66000000e+02   1.87601842e-14
  5.67000000e+02   1.77374035e-14
  5.68000000e+02   1.85231515e-14
  5.69000000e+02   1.68181736e-14
  5.70000000e+02   1.83055234e-14
  5.71000000e+02   1.91521759e-14
  5.72000000e+02   1.80382310e-14
  5.73000000e+02   1.77935963e-14
  5.74000000e+02   1.76862035e-14
  5.75000000e+02   1.85149184e-14
  5.76000000e+02   1.67050852e-14
  5.77000000e+02   1.65203115e-14
  5.78000000e+02   1.71928270e-14
  5.79000000e+02   1.47482530e-14
  5.80000000e+02   1.68847029e-14
  5.81000000e+02   1.69912127e-14
  5.82000000e+02   1.59354487e-14
  5.83000000e+02   1.58362399e-14
  5.84000000e+02   1.65082442e-14
  5.85000000e+02   1.62521338e-14
  5.86000000e+02   1.78040228e-14
  5.87000000e+02   1.59250305e-14
  5.88000000e+02   1.45134244e-14
  5.89000000e+02   1.58001521e-14
  5.90000000e+02   1.59538612e-14
  5.91000000e+02   1.47511300e-14
  5.92000000e+02   1.33081110e-14
  5.93000000e+02   1.47129805e-14
  5.94000000e+02   1.54864081e-14
  5.95000000e+02   1.46214063e-14
  5.96000000e+02   1.37608981e-14
  5.97000000e+02   1.58685862e-14
  5.98000000e+02   1.34892216e-14
  5.99000000e+02   1.41309705e-14
  6.00000000e+02   1.39955897e-14
  6.01000000e+02   1.24885962e-14
  6.02000000e+02   1.39140206e-14
  6.03000000e+02   1.09047704e-14
  6.04000000e+02   1.36151520e-14
  6.05000000e+02   1.34380738e-14
  6.06000000e+02   1.56332180e-14
  6.07000000e+02   1.40952682e-14
  6.08000000e+02   1.34145315e-14
  6.09000000e+02   1.19162498e-14
  6.10000000e+02   1.31660782e-14
  6.11000000e+02   1.31753026e-14
  6.12000000e+02   1.35755856e-14
  6.13000000e+02   1.14581267e-14
  6.14000000e+02   1.07588625e-14
  6.15000000e+02   1.20380333e-14
  6.16000000e+02   1.32446574e-14
  6.17000000e+02   1.11097022e-14
  6.18000000e+02   1.24270901e-14
  6.19000000e+02   1.31061101e-14
  6.20000000e+02   1.16440062e-14
  6.21000000e+02   1.21840969e-14
  6.22000000e+02   1.33623388e-14
  6.23000000e+02   1.09577253e-14
  6.24000000e+02   1.18651671e-14
  6.25000000e+02   9.93164517e-15
  6.26000000e+02   1.04638096e-14
  6.27000000e+02   9.79147326e-15
  6.28000000e+02   9.80744718e-15
  6.29000000e+02   1.21108841e-14
  6.30000000e+02   1.08038036e-14
  6.31000000e+02   1.20204782e-14
  6.32000000e+02   1.00916222e-14
  6.33000000e+02   1.37233186e-14
  6.34000000e+02   1.18291656e-14
  6.35000000e+02   1.10845121e-14
  6.36000000e+02   1.09144962e-14
  6.37000000e+02   1.14475475e-14
  6.38000000e+02   8.41956142e-15
  6.39000000e+02   1.08539751e-14
  6.40000000e+02   1.01005124e-14
  6.41000000e+02   1.17847601e-14
  6.42000000e+02   1.12011327e-14
  6.43000000e+02   1.01496264e-14
  6.44000000e+02   1.10877108e-14
  6.45000000e+02   1.10030408e-14
  6.46000000e+02   1.09947990e-14
  6.47000000e+02   1.31896648e-14
  6.48000000e+02   1.01263604e-14
  6.49000000e+02   8.49667375e-15
  6.50000000e+02   8.36103341e-15
  6.51000000e+02   9.94064362e-15
  6.52000000e+02   7.79948461e-15
  6.53000000e+02   1.04066766e-14
  6.54000000e+02   8.14432179e-15
  6.55000000e+02   1.04531612e-14
  6.56000000e+02   9.08344868e-15
  6.57000000e+02   9.13612752e-15
  6.58000000e+02   8.01521614e-15
  6.59000000e+02   6.87853690e-15
  6.60000000e+02   1.16382522e-14
  6.61000000e+02   1.00216463e-14
  6.62000000e+02   7.69849418e-15
  6.63000000e+02   8.04922168e-15
  6.64000000e+02   9.27580347e-15
  6.65000000e+02   7.15345439e-15
  6.66000000e+02   7.92798243e-15
  6.67000000e+02   9.63956090e-15
  6.68000000e+02   9.02529228e-15
  6.69000000e+02   8.50685829e-15
  6.70000000e+02   1.01028709e-14
  6.71000000e+02   1.09294869e-14
  6.72000000e+02   1.00243898e-14
  6.73000000e+02   8.64901024e-15
  6.74000000e+02   9.91079744e-15
  6.75000000e+02   8.71599392e-15
  6.76000000e+02   9.21651078e-15
  6.77000000e+02   9.20110348e-15
  6.78000000e+02   9.96987902e-15
  6.79000000e+02   6.86042698e-15
  6.80000000e+02   8.40446988e-15
  6.81000000e+02   9.42805579e-15
  6.82000000e+02   8.31339899e-15
  6.83000000e+02   8.17518975e-15
  6.84000000e+02   8.77497448e-15
  6.85000000e+02   6.65205675e-15
  6.86000000e+02   7.75561887e-15
  6.87000000e+02   7.59782545e-15
  6.88000000e+02   7.40655777e-15
  6.89000000e+02   6.92527685e-15
  6.90000000e+02   8.35351523e-15
  6.91000000e+02   5.91099559e-15
  6.92000000e+02   8.69544442e-15
  6.93000000e+02   6.70480536e-15
  6.94000000e+02   9.44375204e-15
  6.95000000e+02   7.60699171e-15
  6.96000000e+02   8.60196780e-15
  6.97000000e+02   7.63956070e-15
  6.98000000e+02   7.67947077e-15
  6.99000000e+02   5.63221246e-15
  7.00000000e+02   7.49356684e-15
  7.01000000e+02   4.65845046e-15
  7.02000000e+02   7.22190882e-15
  7.03000000e+02   5.49363291e-15
  7.04000000e+02   7.25484556e-15
  7.05000000e+02   8.96620533e-15
  7.06000000e+02   8.15679614e-15
  7.07000000e+02   7.97419490e-15
  7.08000000e+02   8.06550706e-15
  7.09000000e+02   8.78302293e-15
  7.10000000e+02   6.97659355e-15
  7.11000000e+02   8.01460068e-15
  7.12000000e+02   6.09051410e-15
  7.13000000e+02   5.23754165e-15
  7.14000000e+02   6.09244366e-15
  7.15000000e+02   5.93966946e-15
  7.16000000e+02   5.03881264e-15
  7.17000000e+02   5.95458153e-15
  7.18000000e+02   6.74239745e-15
  7.19000000e+02   6.10480678e-15
  7.20000000e+02   4.19438933e-15
  7.21000000e+02   7.44324909e-15
  7.22000000e+02   6.80377709e-15
  7.23000000e+02   5.69209873e-15
  7.24000000e+02   6.62027923e-15
  7.25000000e+02   6.64274330e-15
  7.26000000e+02   5.64694328e-15
  7.27000000e+02   6.30562480e-15
  7.28000000e+02   3.20844498e-15
  7.29000000e+02   5.55690304e-15
  7.30000000e+02   4.75545909e-15
  7.31000000e+02   5.48938894e-15
  7.32000000e+02   5.47003975e-15
  7.33000000e+02   4.75067555e-15
  7.34000000e+02   6.27375852e-15
  7.35000000e+02   5.50560343e-15
  7.36000000e+02   6.05145591e-15
  7.37000000e+02   6.11589250e-15
  7.38000000e+02   5.09878330e-15
  7.39000000e+02   6.20788921e-15
  7.40000000e+02   5.19228922e-15
  7.41000000e+02   5.86810557e-15
  7.42000000e+02   6.01742023e-15
  7.43000000e+02   5.08835127e-15
  7.44000000e+02   3.63640766e-15
  7.45000000e+02   5.09860486e-15
  7.46000000e+02   4.09273666e-15
  7.47000000e+02   6.60015495e-15
  7.48000000e+02   6.18820699e-15
  7.49000000e+02   6.52510887e-15
  7.50000000e+02   5.51367712e-15
  7.51000000e+02   6.45662495e-15
  7.52000000e+02   6.23156902e-15
  7.53000000e+02   4.90249059e-15
  7.54000000e+02   5.80995989e-15
  7.55000000e+02   6.36477883e-15
  7.56000000e+02   3.42917978e-15
  7.57000000e+02   4.65277533e-15
  7.58000000e+02   4.81593934e-15
  7.59000000e+02   6.18021950e-15
  7.60000000e+02   6.10457063e-15
  7.61000000e+02   6.84092234e-15
  7.62000000e+02   3.16748656e-15
  7.63000000e+02   4.66819807e-15
  7.64000000e+02   5.92504699e-15
  7.65000000e+02   5.18576365e-15
  7.66000000e+02   4.63474287e-15
  7.67000000e+02   5.87823343e-15
  7.68000000e+02   3.71548378e-15
  7.69000000e+02   5.98019429e-15
  7.70000000e+02   3.15112497e-15
  7.71000000e+02   5.10472937e-15
  7.72000000e+02   6.45598482e-15
  7.73000000e+02   5.14237960e-15
  7.74000000e+02   4.95240686e-15
  7.75000000e+02   4.93672879e-15
  7.76000000e+02   3.69558743e-15
  7.77000000e+02   4.24414596e-15
  7.78000000e+02   4.88881666e-15
  7.79000000e+02   4.23900087e-15
  7.80000000e+02   6.83650130e-15
  7.81000000e+02   4.77335440e-15
  7.82000000e+02   4.72792537e-15
  7.83000000e+02   6.61018425e-15
  7.84000000e+02   4.02462277e-15
  7.85000000e+02   5.30638312e-15
  7.86000000e+02   4.78792195e-15
  7.87000000e+02   4.67684375e-15
  7.88000000e+02   2.13367867e-15
  7.89000000e+02   3.56709654e-15
  7.90000000e+02   4.71806014e-15
  7.91000000e+02   3.88964262e-15
  7.92000000e+02   6.43351287e-15
  7.93000000e+02   3.93992398e-15
  7.94000000e+02   3.81896875e-15
  7.95000000e+02   4.59851857e-15
  7.96000000e+02   4.55188418e-15
  7.97000000e+02   5.03075027e-15
  7.98000000e+02   3.26382125e-15
  7.99000000e+02   5.14238734e-15
  8.00000000e+02   2.71085100e-15
  8.01000000e+02   5.77163351e-15
  8.02000000e+02   1.25953927e-15
  8.03000000e+02   3.78844969e-15
  8.04000000e+02   3.07645012e-15
  8.05000000e+02   4.97868259e-15
  8.06000000e+02   4.22875826e-15
  8.07000000e+02   3.68409823e-15
  8.08000000e+02   5.27277470e-15
  8.09000000e+02   4.15105438e-15
  8.10000000e+02   4.30970250e-15
  8.11000000e+02   6.00839247e-15
  8.12000000e+02   3.45217632e-15
  8.13000000e+02   4.62760332e-15
  8.14000000e+02   2.33391822e-15
  8.15000000e+02   2.87747594e-15
  8.16000000e+02   5.18793092e-15
  8.17000000e+02   6.58182464e-15
  8.18000000e+02   5.80546463e-15
  8.19000000e+02   2.34244928e-15
  8.20000000e+02   2.33440950e-15
  8.21000000e+02   2.82757352e-15
  8.22000000e+02   4.03435948e-15
  8.23000000e+02   4.06045318e-15
  8.24000000e+02   1.03440182e-15
  8.25000000e+02   5.47186426e-15
  8.26000000e+02   3.21642005e-15
  8.27000000e+02   2.66431296e-15
  8.28000000e+02   1.52942191e-15
  8.29000000e+02   1.69537998e-15
  8.30000000e+02   2.26005798e-15
  8.31000000e+02   3.44660949e-15
  8.32000000e+02   5.00913172e-15
  8.33000000e+02   2.32603978e-15
  8.34000000e+02   4.79175654e-15
  8.35000000e+02   5.26277357e-15
  8.36000000e+02   1.03104509e-15
  8.37000000e+02   3.76117942e-15
  8.38000000e+02   3.55170414e-15
  8.39000000e+02   3.79249119e-15
  8.40000000e+02   4.66609911e-15
  8.41000000e+02   3.00898125e-15
  8.42000000e+02   3.08649810e-15
  8.43000000e+02   1.17262594e-15
  8.44000000e+02   5.18321340e-15
  8.45000000e+02   1.00786582e-15
  8.46000000e+02   5.71020265e-15
  8.47000000e+02   3.52509641e-15
  8.48000000e+02   4.46818896e-15
  8.49000000e+02   4.07514420e-15
  8.50000000e+02   2.56837980e-15
  8.51000000e+02   4.52087692e-15
  8.52000000e+02   1.92516399e-15
  8.53000000e+02   2.39330353e-15
  8.54000000e+02   2.79217039e-15
  8.55000000e+02   4.45828624e-15
  8.56000000e+02   3.47570800e-15
  8.57000000e+02   2.45411685e-15
  8.58000000e+02   2.56314796e-15
  8.59000000e+02   2.95461443e-15
  8.60000000e+02   2.63048199e-15
  8.61000000e+02   3.85163519e-15
  8.62000000e+02   1.43827583e-15
  8.63000000e+02   5.35358776e-15
  8.64000000e+02   3.31999382e-15
  8.65000000e+02   3.33196234e-15
  8.66000000e+02   5.13468383e-15
  8.67000000e+02   5.13094653e-15
  8.68000000e+02   5.13545168e-15
  8.69000000e+02   4.07336304e-15
  8.70000000e+02   2.26486126e-15
  8.71000000e+02   1.36743252e-15
  8.72000000e+02   4.94435922e-15
  8.73000000e+02   2.26284434e-15
  8.74000000e+02   4.09639726e-15
  8.75000000e+02   3.20579877e-15
  8.76000000e+02   1.38975573e-15
  8.77000000e+02   1.18694744e-15
  8.78000000e+02   1.16999828e-15
  8.79000000e+02   2.04772039e-15
  8.80000000e+02   2.37300525e-15
  8.81000000e+02   3.95997348e-15
  8.82000000e+02   2.90859365e-15
  8.83000000e+02   2.93665550e-15
  8.84000000e+02   3.78006861e-15
  8.85000000e+02   3.06010312e-15
  8.86000000e+02   3.94424142e-15
  8.87000000e+02   1.35654485e-15
  8.88000000e+02   1.10292760e-15
  8.89000000e+02   2.92300354e-15
  8.90000000e+02   3.72156979e-15
  8.91000000e+02   1.34418491e-15
  8.92000000e+02   3.07056823e-15
  8.93000000e+02   2.84577645e-15
  8.94000000e+02   2.90632826e-15
  8.95000000e+02   3.86065426e-15
  8.96000000e+02   1.07820344e-15
  8.97000000e+02   1.37316123e-15
  8.98000000e+02   1.89900755e-15
  8.99000000e+02   2.86921177e-15
  9.00000000e+02   3.59187165e-15
  9.01000000e+02   1.18737218e-15
  9.02000000e+02   2.89682087e-15
  9.03000000e+02   1.75355418e-15
  9.04000000e+02   2.80345752e-15
  9.05000000e+02   1.97221923e-15
  9.06000000e+02   4.25080125e-15
  9.07000000e+02   2.77949512e-15
  9.08000000e+02   1.79171379e-15
  9.09000000e+02   4.37830446e-15
  9.10000000e+02   2.61331446e-15
  9.11000000e+02   4.44536800e-15
  9.12000000e+02   2.80858172e-15
  9.13000000e+02   3.40346214e-15
  9.14000000e+02   3.33905688e-15
  9.15000000e+02   1.69354171e-15
  9.16000000e+02   2.70888942e-15
  9.17000000e+02   4.25117085e-15
  9.18000000e+02   2.78204954e-15
  9.19000000e+02   3.44243770e-15
  9.20000000e+02   9.08646839e-16
  9.21000000e+02   2.76678356e-15
  9.22000000e+02   9.45411643e-16
  9.23000000e+02   1.61536703e-15
  9.24000000e+02   4.01006939e-15
  9.25000000e+02   2.53016991e-15
  9.26000000e+02   3.35246986e-15
  9.27000000e+02   2.45798524e-15
  9.28000000e+02   1.70415677e-15
  9.29000000e+02   3.25293300e-15
  9.30000000e+02   3.88785305e-15
  9.31000000e+02   1.64500301e-15
  9.32000000e+02   2.55260913e-15
  9.33000000e+02   4.08805554e-15
  9.34000000e+02   2.54928495e-15
  9.35000000e+02   3.82232215e-15
  9.36000000e+02   4.70259799e-15
  9.37000000e+02  -6.88096230e-16
  9.38000000e+02   1.04985142e-15
  9.39000000e+02   8.46509492e-16
  9.40000000e+02   9.06906377e-16
  9.41000000e+02   1.61944922e-15
  9.42000000e+02   9.77570300e-16
  9.43000000e+02   3.14414293e-15
  9.44000000e+02   3.20087583e-15
  9.45000000e+02   2.97897482e-15
  9.46000000e+02   3.03041896e-15
  9.47000000e+02   1.45408618e-15
  9.48000000e+02   2.87337003e-15
  9.49000000e+02   2.99715545e-15
  9.50000000e+02   3.82749938e-15
  9.51000000e+02   2.29069367e-15
  9.52000000e+02   2.97705618e-15
  9.53000000e+02   1.68281829e-15
  9.54000000e+02   1.54505526e-15
  9.55000000e+02   2.34038579e-15
  9.56000000e+02   2.92380081e-15
  9.57000000e+02   4.41756404e-15
  9.58000000e+02   3.74112028e-15
  9.59000000e+02   8.22437730e-16
  9.60000000e+02   2.23792275e-15
  9.61000000e+02   3.48681160e-15
  9.62000000e+02   1.49691386e-15
  9.63000000e+02   2.07623634e-15
  9.64000000e+02   2.92653606e-15
  9.65000000e+02   1.47886210e-15
  9.66000000e+02   2.07296811e-15
  9.67000000e+02   2.15505915e-15
  9.68000000e+02   3.58761205e-15
  9.69000000e+02   2.80883034e-15
  9.70000000e+02   1.54704826e-15
  9.71000000e+02  -1.22963067e-17
  9.72000000e+02   2.26770192e-15
  9.73000000e+02   1.44175686e-15
  9.74000000e+02   1.63079354e-15
  9.75000000e+02   2.13338127e-15
  9.76000000e+02   3.47141046e-15
  9.77000000e+02   2.68535245e-15
  9.78000000e+02   1.27700391e-15
  9.79000000e+02   1.98592674e-15
  9.80000000e+02   3.30059751e-15
  9.81000000e+02   2.09083181e-15
  9.82000000e+02   3.26371980e-15
  9.83000000e+02   1.89592425e-15
  9.84000000e+02   2.05720204e-15
  9.85000000e+02   1.93659139e-15
  9.86000000e+02   2.18380317e-15
  9.87000000e+02   1.95559672e-15
  9.88000000e+02   6.83668014e-16
  9.89000000e+02   3.80619766e-15
  9.90000000e+02   5.66362930e-16
  9.91000000e+02   3.14814827e-15
  9.92000000e+02   3.22908845e-15
  9.93000000e+02   2.66319569e-15
  9.94000000e+02   1.40499874e-15
  9.95000000e+02   2.43901153e-15
  9.96000000e+02   2.62131014e-15
  9.97000000e+02   2.53161504e-15
  9.98000000e+02   7.72404605e-16
  9.99000000e+02   1.93665113e-15
  1.00000000e+03   2.39254724e-15
  1.00100000e+03   2.56956088e-15
  1.00200000e+03  -4.38428118e-17
  1.00300000e+03   7.33883024e-16
  1.00400000e+03   1.28879965e-15
  1.00500000e+03   1.91806872e-15
  1.00600000e+03   3.85440593e-15
  1.00700000e+03   1.80519648e-15
  1.00800000e+03   1.78396231e-15
  1.00900000e+03   1.03432856e-15
  1.01000000e+03   2.42387740e-15
  1.01100000e+03   3.05132051e-15
  1.01200000e+03   1.35335861e-15
  1.01300000e+03   4.20492076e-15
  1.01400000e+03   9.95385622e-16
  1.01500000e+03   3.59032412e-15
  1.01600000e+03   2.99993125e-15
  1.01700000e+03   6.09172676e-17
  1.01800000e+03   4.21549646e-15
  1.01900000e+03   1.65742203e-15
  1.02000000e+03   2.96608018e-15
  1.02100000e+03   2.33709500e-15
  1.02200000e+03   2.78428440e-15
  1.02300000e+03   4.54672603e-15
  1.02400000e+03   7.81479754e-17
  1.02500000e+03   3.54130381e-15
  1.02600000e+03   2.31483784e-15
  1.02700000e+03   1.78004976e-15
  1.02800000e+03   1.17106540e-15
  1.02900000e+03   5.93731834e-16
  1.03000000e+03   2.42743984e-15
  1.03100000e+03   7.27554621e-16
  1.03200000e+03   2.84964299e-15
  1.03300000e+03   1.68204940e-15
  1.03400000e+03   1.59535876e-15
  1.03500000e+03   2.31730238e-15
  1.03600000e+03   2.75742530e-15
  1.03700000e+03   1.64783681e-15
  1.03800000e+03  -3.85572725e-17
  1.03900000e+03   2.41935345e-15
  1.04000000e+03   2.89718176e-15
  1.04100000e+03   1.52392868e-15
  1.04200000e+03   2.67178648e-15
  1.04300000e+03   1.58915544e-15
  1.04400000e+03   2.63570591e-15
  1.04500000e+03   3.17688948e-15
  1.04600000e+03   2.25026547e-15
  1.04700000e+03   2.05599181e-15
  1.04800000e+03   2.06374275e-15
  1.04900000e+03   5.95327875e-16
  1.05000000e+03   3.35571300e-15
  1.05100000e+03   1.75837275e-15
  1.05200000e+03  -1.51750106e-16
  1.05300000e+03   3.13678478e-15
  1.05400000e+03   6.40010356e-16
  1.05500000e+03   2.54695564e-15
  1.05600000e+03   1.08527471e-15
  1.05700000e+03   4.61029699e-16
  1.05800000e+03   2.06973157e-15
  1.05900000e+03   1.02128360e-15
  1.06000000e+03   2.09918278e-15
  1.06100000e+03   1.07780870e-15
  1.06200000e+03   2.48706012e-15
  1.06300000e+03   2.65320870e-15
  1.06400000e+03   1.99625612e-15
  1.06500000e+03   1.93647983e-15
  1.06600000e+03   2.03664575e-15
  1.06700000e+03   1.11199643e-15
  1.06800000e+03   1.50508587e-15
  1.06900000e+03   1.45252687e-15
  1.07000000e+03   3.08143804e-15
  1.07100000e+03   2.08731888e-15
  1.07200000e+03   1.44132778e-15
  1.07300000e+03   2.02840052e-15
  1.07400000e+03   1.60620386e-15
  1.07500000e+03   3.41880499e-15
  1.07600000e+03   1.48979891e-15
  1.07700000e+03   2.37943563e-15
  1.07800000e+03   2.53469911e-15
  1.07900000e+03   1.44515548e-15
  1.08000000e+03   1.45611255e-15
  1.08100000e+03   2.23472521e-15
  1.08200000e+03   1.12109877e-16
  1.08300000e+03   1.47281767e-15
  1.08400000e+03   1.29962830e-15
  1.08500000e+03   5.53150234e-16
  1.08600000e+03   1.51990703e-15
  1.08700000e+03   6.17107612e-16
  1.08800000e+03   2.54308245e-15
  1.08900000e+03   4.63765808e-16
  1.09000000e+03   1.20388001e-15
  1.09100000e+03   4.67357688e-16
  1.09200000e+03   2.45882670e-15
  1.09300000e+03   5.15497142e-16
  1.09400000e+03   1.51833657e-15
  1.09500000e+03   2.26207939e-15
  1.09600000e+03   1.46196173e-15
  1.09700000e+03   1.15063187e-15
  1.09800000e+03   1.26715677e-15
  1.09900000e+03   2.26330901e-15
  1.10000000e+03   2.36344465e-15
  1.10100000e+03  -6.99265203e-16
  1.10200000e+03   1.44962518e-15
  1.10300000e+03   1.33077376e-15
  1.10400000e+03   2.21845978e-15
  1.10500000e+03   2.26714076e-15
  1.10600000e+03  -5.85436700e-16
  1.10700000e+03   4.27464897e-16
  1.10800000e+03  -1.45964452e-15
  1.10900000e+03   5.07997318e-15
  1.11000000e+03   4.73674720e-16
  1.11100000e+03   4.86344109e-15
  1.11200000e+03   3.29169840e-15
  1.11300000e+03   2.32080559e-15
  1.11400000e+03  -3.85619629e-16
  1.11500000e+03   4.63731452e-16
  1.11600000e+03   3.07977642e-15
  1.11700000e+03   1.26921570e-15
  1.11800000e+03   1.27511188e-15
  1.11900000e+03   2.09794235e-15
  1.12000000e+03   5.67876478e-16
  1.12100000e+03   2.94007801e-15
  1.12200000e+03   2.13125650e-15
  1.12300000e+03   1.95290824e-15
  1.12400000e+03   2.68735078e-16
  1.12500000e+03   1.34847864e-15
  1.12600000e+03   2.20932319e-15
  1.12700000e+03   1.23763068e-15
  1.12800000e+03   2.93436048e-15
  1.12900000e+03   3.52144790e-16
  1.13000000e+03   2.08328344e-15
  1.13100000e+03   2.92596235e-15
  1.13200000e+03   1.17756839e-15
  1.13300000e+03   1.26882190e-15
  1.13400000e+03   2.14231685e-15
  1.13500000e+03   1.25845647e-15
  1.13600000e+03   2.89647913e-15
  1.13700000e+03   1.86822787e-15
  1.13800000e+03   1.19648554e-15
  1.13900000e+03   1.17757620e-15
  1.14000000e+03   1.93495127e-15
  1.14100000e+03   2.77344980e-15
  1.14200000e+03  -1.32355413e-15
  1.14300000e+03   1.24721129e-15
  1.14400000e+03   1.17902429e-15
  1.14500000e+03   1.37523327e-15
  1.14600000e+03   6.15507916e-16
  1.14700000e+03   2.83184015e-15
  1.14800000e+03   2.02400563e-15
  1.14900000e+03   1.08006907e-15
  1.15000000e+03   4.52224323e-16
  1.15100000e+03   1.17331908e-15
  1.15200000e+03   2.68670877e-15
  1.15300000e+03   1.08864145e-15
  1.15400000e+03   1.95592804e-15
  1.15500000e+03   1.21487598e-15
  1.15600000e+03   1.99558272e-15
  1.15700000e+03   1.75908053e-15
  1.15800000e+03   1.09727708e-15
  1.15900000e+03  -1.23992694e-15
  1.16000000e+03   2.83249904e-16
  1.16100000e+03   3.40170317e-15
  1.16200000e+03   2.90328723e-15
  1.16300000e+03   1.05741221e-15
  1.16400000e+03   1.81820727e-15
  1.16500000e+03   1.20341730e-15
  1.16600000e+03   1.03512060e-15
  1.16700000e+03  -4.08282616e-16
  1.16800000e+03   3.27755262e-15
  1.16900000e+03   3.63776755e-15
  1.17000000e+03   2.61676978e-15
  1.17100000e+03   1.13641465e-15
  1.17200000e+03   2.01923123e-15
  1.17300000e+03   2.66339438e-15
  1.17400000e+03   9.68929214e-16
  1.17500000e+03   1.33711946e-16
  1.17600000e+03   1.87562990e-15
  1.17700000e+03   2.68571819e-15
  1.17800000e+03   1.13757738e-15
  1.17900000e+03   3.46236987e-16
  1.18000000e+03  -4.85799963e-16
  1.18100000e+03   1.00754522e-15
  1.18200000e+03   1.99481916e-15
  1.18300000e+03   1.18265460e-15
  1.18400000e+03   1.72703480e-15
  1.18500000e+03   5.22158968e-16
  1.18600000e+03   1.97489483e-15
  1.18700000e+03   2.47219823e-15
  1.18800000e+03   3.79881639e-16
  1.18900000e+03   2.47054738e-15
  1.19000000e+03   1.76722031e-15
  1.19100000e+03   3.13893354e-15
  1.19200000e+03   3.15542097e-15
  1.19300000e+03   2.56123060e-15
  1.19400000e+03   2.36481047e-15
  1.19500000e+03   2.27372350e-15
  1.19600000e+03   3.97852962e-15
  1.19700000e+03   1.09995273e-15
  1.19800000e+03   4.59455552e-15
  1.19900000e+03   1.70819550e-15
  1.20000000e+03   8.57315480e-16
  1.20100000e+03   1.82096958e-15
  1.20200000e+03  -5.10507651e-16
  1.20300000e+03   3.84257813e-15
  1.20400000e+03  -1.08040162e-15
  1.20500000e+03   9.34512365e-16
  1.20600000e+03   3.48479369e-16
  1.20700000e+03   2.78546200e-16
  1.20800000e+03   1.44378879e-16
  1.20900000e+03   8.22534997e-16
  1.21000000e+03   2.32845594e-15
  1.21100000e+03   2.34067050e-15
  1.21200000e+03  -4.96301386e-16
  1.21300000e+03   4.40633464e-15
  1.21400000e+03   1.01286758e-15
  1.21500000e+03   1.05146481e-15
  1.21600000e+03   1.00798686e-15
  1.21700000e+03   2.33343897e-15
  1.21800000e+03   1.50530296e-15
  1.21900000e+03   2.40412136e-15
  1.22000000e+03   1.62622549e-15
  1.22100000e+03  -4.70951712e-16
  1.22200000e+03   1.66678062e-15
  1.22300000e+03   1.59593802e-15
  1.22400000e+03   3.05488656e-16
  1.22500000e+03   9.70674792e-16
  1.22600000e+03   9.44462019e-16
  1.22700000e+03   1.47132282e-15
  1.22800000e+03   2.05581921e-15
  1.22900000e+03   3.52611902e-15
  1.23000000e+03   2.23539080e-15
  1.23100000e+03   2.97536540e-15
  1.23200000e+03   1.23945700e-16
  1.23300000e+03   3.31748832e-16
  1.23400000e+03   1.93227645e-16
  1.23500000e+03  -4.23053167e-16
  1.23600000e+03   2.56913084e-16
  1.23700000e+03   2.42833881e-16
  1.23800000e+03   2.29208662e-15
  1.23900000e+03   1.62925589e-15
  1.24000000e+03   2.17943414e-15
  1.24100000e+03   1.45141494e-16
  1.24200000e+03   3.70307437e-16
  1.24300000e+03   1.61053183e-15
  1.24400000e+03   2.92630523e-15
  1.24500000e+03   3.48953209e-15
  1.24600000e+03   4.26014658e-15
  1.24700000e+03   1.57924693e-15
  1.24800000e+03   9.38596509e-16
  1.24900000e+03   2.03806404e-15
  1.25000000e+03   2.64543822e-15
  1.25100000e+03   1.49819879e-15
  1.25200000e+03  -3.76884539e-16
  1.25300000e+03   2.17729642e-16
  1.25400000e+03  -3.03816738e-16
  1.25500000e+03   1.33302212e-15
  1.25600000e+03   1.26439751e-16
  1.25700000e+03   7.85150775e-16
  1.25800000e+03   2.59837154e-16
  1.25900000e+03   8.86384246e-16
  1.26000000e+03   1.98768253e-16
  1.26100000e+03   3.33274964e-16
  1.26200000e+03  -4.86223298e-16
  1.26300000e+03   1.45820242e-15
  1.26400000e+03   7.56274538e-16
  1.26500000e+03  -9.85313266e-16
  1.26600000e+03   2.71948702e-15
  1.26700000e+03   1.29342984e-15
  1.26800000e+03   1.49922010e-15
  1.26900000e+03   7.42141246e-16
  1.27000000e+03   2.40518930e-16
  1.27100000e+03   2.09473484e-15
  1.27200000e+03   1.98179684e-15
  1.27300000e+03   2.02902220e-15
  1.27400000e+03   2.56987269e-15
  1.27500000e+03   1.94284224e-15
  1.27600000e+03   2.60905312e-15
  1.27700000e+03  -5.07137657e-16
  1.27800000e+03   2.01106601e-15
  1.27900000e+03   1.39208872e-15
  1.28000000e+03   1.92558282e-15
  1.28100000e+03   8.24215904e-16
  1.28200000e+03   6.69336424e-16
  1.28300000e+03  -1.11706563e-15
  1.28400000e+03  -4.76707739e-16
  1.28500000e+03   4.20046607e-15
  1.28600000e+03   2.61016771e-15
  1.28700000e+03   1.37178111e-15
  1.28800000e+03  -4.60270160e-16
  1.28900000e+03  -3.72267116e-16
  1.29000000e+03   2.00921888e-15
  1.29100000e+03   7.89436966e-16
  1.29200000e+03   2.53411646e-15
  1.29300000e+03   1.35028619e-15
  1.29400000e+03  -5.30527912e-16
  1.29500000e+03   2.46775373e-15
  1.29600000e+03   7.35341787e-16
  1.29700000e+03   1.50335735e-15
  1.29800000e+03   3.18600497e-16
  1.29900000e+03   2.43918006e-15
  1.30000000e+03   8.65069332e-16
  1.30100000e+03   1.36951246e-15
  1.30200000e+03   6.82446589e-16
  1.30300000e+03   7.97099851e-16
  1.30400000e+03   1.91939005e-15
  1.30500000e+03   2.37666573e-15
  1.30600000e+03   4.68867394e-16
  1.30700000e+03   8.76688961e-16
  1.30800000e+03  -4.55520761e-16
  1.30900000e+03   2.39815660e-15
  1.31000000e+03   6.73992929e-16
  1.31100000e+03   2.64361172e-15
  1.31200000e+03   1.19885813e-15
  1.31300000e+03   3.42832329e-15
  1.31400000e+03   4.65477676e-15
  1.31500000e+03   2.92385796e-15
  1.31600000e+03   2.28825185e-15
  1.31700000e+03   2.00729409e-16
  1.31800000e+03   2.02567195e-15
  1.31900000e+03  -2.18767804e-16
  1.32000000e+03  -4.39358993e-16
  1.32100000e+03   2.38378710e-15
  1.32200000e+03   2.86475072e-16
  1.32300000e+03   1.29082514e-15
  1.32400000e+03   2.93609516e-15
  1.32500000e+03   2.87543438e-15
  1.32600000e+03  -3.03828652e-16
  1.32700000e+03   6.83692371e-17
  1.32800000e+03   2.22107502e-15
  1.32900000e+03   1.40645980e-16
  1.33000000e+03   5.46358144e-16
  1.33100000e+03   1.79468345e-15
  1.33200000e+03   1.07500922e-16
  1.33300000e+03   1.15814030e-15
  1.33400000e+03  -8.73626231e-16
  1.33500000e+03   1.11953750e-15
  1.33600000e+03   3.94714689e-15
  1.33700000e+03   3.36368434e-15
  1.33800000e+03   3.06487071e-16
  1.33900000e+03   2.15990968e-15
  1.34000000e+03   2.29357400e-15
  1.34100000e+03   1.34642176e-15
  1.34200000e+03   1.07309024e-15
  1.34300000e+03   2.25412623e-15
  1.34400000e+03   3.27371773e-15
  1.34500000e+03   3.35003800e-15
  1.34600000e+03   1.98915683e-15
  1.34700000e+03   1.72245679e-16
  1.34800000e+03   1.93900476e-16
  1.34900000e+03   1.07075434e-15
  1.35000000e+03  -8.64660206e-16
  1.35100000e+03   1.19609647e-15
  1.35200000e+03   6.29997691e-17
  1.35300000e+03   4.22988785e-15
  1.35400000e+03   1.15916206e-15
  1.35500000e+03   2.38647747e-16
  1.35600000e+03   2.31450166e-16
  1.35700000e+03   2.33245234e-15
  1.35800000e+03   2.16159141e-15
  1.35900000e+03  -1.94831408e-15
  1.36000000e+03   1.08836343e-15
  1.36100000e+03   2.08658086e-15
  1.36200000e+03   2.53442754e-16
  1.36300000e+03   2.09997532e-15
  1.36400000e+03   3.18837474e-15
  1.36500000e+03   2.12577596e-15
  1.36600000e+03   9.68427942e-17
  1.36700000e+03  -4.01755257e-17
  1.36800000e+03   1.50954129e-16
  1.36900000e+03   1.14649816e-15
  1.37000000e+03   2.07398029e-15
  1.37100000e+03   8.39682261e-17
  1.37200000e+03   2.12286132e-15
  1.37300000e+03   2.07669520e-15
  1.37400000e+03   3.83787874e-15
  1.37500000e+03   9.05119922e-17
  1.37600000e+03   1.21097231e-15
  1.37700000e+03   2.07300055e-15
  1.37800000e+03   2.24940633e-16
  1.37900000e+03  -9.32624631e-16
  1.38000000e+03   1.10919700e-15
  1.38100000e+03   1.23711290e-15
  1.38200000e+03   1.05891137e-15
  1.38300000e+03  -6.85570704e-17
  1.38400000e+03   1.12055293e-15
  1.38500000e+03   2.94747826e-15
  1.38600000e+03   4.68524041e-15
  1.38700000e+03   1.97119256e-15
  1.38800000e+03  -3.60090816e-15
  1.38900000e+03   2.87919976e-15
  1.39000000e+03   1.17081306e-15
  1.39100000e+03   2.01419714e-15
  1.39200000e+03   1.10474341e-15
  1.39300000e+03   2.91250793e-15
  1.39400000e+03   2.89500483e-15
  1.39500000e+03   1.05116340e-15
  1.39600000e+03   2.03926104e-15
  1.39700000e+03   2.79870240e-15
  1.39800000e+03   1.08048830e-15
  1.39900000e+03   1.91324136e-15
  1.40000000e+03   1.92086412e-15
  1.40100000e+03   9.19851328e-16
  1.40200000e+03  -8.88538262e-16
  1.40300000e+03   1.86046189e-15
  1.40400000e+03   1.86614345e-16
  1.40500000e+03   2.74265013e-15
  1.40600000e+03   3.09065165e-15
  1.40700000e+03   1.05763180e-15
  1.40800000e+03   4.13687104e-17
  1.40900000e+03  -7.12287754e-16
  1.41000000e+03  -7.93649929e-16
  1.41100000e+03   1.09792318e-15
  1.41200000e+03   1.20583418e-15
  1.41300000e+03   1.13432598e-15
  1.41400000e+03   2.72334469e-15
  1.41500000e+03   1.71105819e-16
  1.41600000e+03  -6.97889585e-16
  1.41700000e+03   1.00073788e-15
  1.41800000e+03   3.15564122e-16
  1.41900000e+03   1.13289256e-15
  1.42000000e+03   2.83082553e-15
  1.42100000e+03   1.08586327e-15
  1.42200000e+03   2.83139764e-15
  1.42300000e+03   2.01664929e-15
  1.42400000e+03   8.97597143e-16
  1.42500000e+03   1.63705926e-16
  1.42600000e+03   8.42224915e-16
  1.42700000e+03  -6.99688914e-16
  1.42800000e+03   1.02531860e-15
  1.42900000e+03   1.87881969e-15
  1.43000000e+03   1.02556398e-15
  1.43100000e+03   2.70526803e-15
  1.43200000e+03   2.65276858e-15
  1.43300000e+03   7.85209408e-16
  1.43400000e+03   1.83806098e-15
  1.43500000e+03  -1.61276394e-15
  1.43600000e+03   9.98336583e-16
  1.43700000e+03   3.68214493e-15
  1.43800000e+03   1.11221550e-15
  1.43900000e+03   1.02169337e-15
  1.44000000e+03   2.80675809e-15
  1.44100000e+03   1.15080247e-16
  1.44200000e+03  -5.07438750e-16
  1.44300000e+03   9.01089483e-16
  1.44400000e+03   1.82035024e-15
  1.44500000e+03   1.00029413e-15
  1.44600000e+03   9.79625985e-16
  1.44700000e+03   8.47028469e-16
  1.44800000e+03   3.37314892e-15
  1.44900000e+03   1.30171763e-16
  1.45000000e+03   1.23131315e-16
  1.45100000e+03   2.64410735e-15
  1.45200000e+03   8.60374337e-16
  1.45300000e+03   9.35184441e-16
  1.45400000e+03   2.56140020e-16
  1.45500000e+03   6.79641609e-18
  1.45600000e+03   9.42342660e-17
  1.45700000e+03   1.52281549e-15
  1.45800000e+03   1.79921572e-15
  1.45900000e+03   1.76288869e-15
  1.46000000e+03   1.66510687e-15
  1.46100000e+03   1.71616722e-15
  1.46200000e+03   3.16372114e-15
  1.46300000e+03   1.89986952e-17
  1.46400000e+03   1.63331087e-15
  1.46500000e+03   1.67064368e-15
  1.46600000e+03   8.51145401e-16
  1.46700000e+03   3.11497111e-17
  1.46800000e+03   2.47019952e-15
  1.46900000e+03   2.47059690e-15
  1.47000000e+03   9.55167833e-16
  1.47100000e+03   1.69487318e-15
  1.47200000e+03   9.79794723e-16
  1.47300000e+03   2.56166031e-15
  1.47400000e+03   3.22503340e-15
  1.47500000e+03   8.31457752e-16
  1.47600000e+03   1.73479597e-15
  1.47700000e+03  -1.46164545e-15
  1.47800000e+03   8.78698817e-16
  1.47900000e+03   9.28971812e-16
  1.48000000e+03  -7.08207986e-16
  1.48100000e+03   2.28815531e-17
  1.48200000e+03   1.51280492e-15
  1.48300000e+03   1.69971240e-15
  1.48400000e+03  -6.07004757e-16
  1.48500000e+03   7.48844091e-16
  1.48600000e+03   2.40004733e-15
  1.48700000e+03   1.54625438e-15
  1.48800000e+03   1.03744638e-15
  1.48900000e+03  -8.01825441e-16
  1.49000000e+03   2.52419160e-15
  1.49100000e+03   1.30283002e-16
  1.49200000e+03   1.75625170e-15
  1.49300000e+03   1.60049015e-15
  1.49400000e+03   9.68696167e-17
  1.49500000e+03   7.16378280e-16
  1.49600000e+03   2.25839958e-16
  1.49700000e+03  -5.92152528e-16
  1.49800000e+03   2.31244543e-15
  1.49900000e+03   9.25538023e-16
