         0   6.04959114e-08   6.66385214e+01
         1   1.20991823e-07   5.22766071e+02
         2   1.81487734e-07             -nan
         3   2.41983646e-07             -nan
         4   3.02479557e-07             -nan
         5   3.62975468e-07   3.15893661e+01
         6   4.23471380e-07   3.00188992e+01
         7   4.83967291e-07   2.86586253e+01
         8   5.44463203e-07   2.74660703e+01
         9   6.04959114e-07   2.64097134e+01
        10   6.65455025e-07   2.54656639e+01
        11   7.25950937e-07   2.46154672e+01
        12   7.86446848e-07   2.38446256e+01
        13   8.46942760e-07   2.31415769e+01
        14   9.07438671e-07   2.24969769e+01
        15   9.67934582e-07   2.19031837e+01
        16   1.02843049e-06   2.13538788e+01
        17   1.08892641e-06   2.08437886e+01
        18   1.14942232e-06   2.03684719e+01
        19   1.20991823e-06   1.99241601e+01
        20   1.27041414e-06   1.95076324e+01
        21   1.33091005e-06   1.91161137e+01
        22   1.39140596e-06   1.87472024e+01
        23   1.45190187e-06   1.83988084e+01
        24   1.51239779e-06   1.80691022e+01
        25   1.57289370e-06   1.77564715e+01
        26   1.63338961e-06   1.74594945e+01
        27   1.69388552e-06   1.71769087e+01
        28   1.75438143e-06   1.69075921e+01
        29   1.81487734e-06   1.66505347e+01
        30   1.87537325e-06   1.64048385e+01
        31   1.93586916e-06   1.61696873e+01
        32   1.99636508e-06   1.59443537e+01
        33   2.05686099e-06   1.57281666e+01
        34   2.11735690e-06   1.55205275e+01
        35   2.17785281e-06   1.53208932e+01
        36   2.23834872e-06   1.51287543e+01
        37   2.29884463e-06   1.49436570e+01
        38   2.35934054e-06   1.47651790e+01
        39   2.41983646e-06   1.45929357e+01
        40   2.48033237e-06   1.44265759e+01
        41   2.54082828e-06   1.42657734e+01
        42   2.60132419e-06   1.41102186e+01
        43   2.66182010e-06   1.39596348e+01
        44   2.72231601e-06   1.38137640e+01
        45   2.78281192e-06   1.36723540e+01
        46   2.84330784e-06   1.35352116e+01
        47   2.90380375e-06   1.34020986e+01
        48   2.96429966e-06   1.32728270e+01
        49   3.02479557e-06   1.31472286e+01
        50   3.08529148e-06   1.30251074e+01
        51   3.14578739e-06   1.29063263e+01
        52   3.20628330e-06   1.27907278e+01
        53   3.26677922e-06   1.26781635e+01
        54   3.32727513e-06   1.25685217e+01
        55   3.38777104e-06   1.24616525e+01
        56   3.44826695e-06   1.23574567e+01
        57   3.50876286e-06   1.22558558e+01
        58   3.56925877e-06   1.21567168e+01
        59   3.62975468e-06   1.20598786e+01
        60   3.69025060e-06   1.19653517e+01
        61   3.75074651e-06   1.18729825e+01
        62   3.81124242e-06   1.17827439e+01
        63   3.87173833e-06   1.16945019e+01
        64   3.93223424e-06   1.16082057e+01
        65   3.99273015e-06   1.15238323e+01
        66   4.05322606e-06   1.14411738e+01
        67   4.11372198e-06   1.13602903e+01
        68   4.17421789e-06   1.12810778e+01
        69   4.23471380e-06   1.12035531e+01
        70   4.29520971e-06   1.11275598e+01
        71   4.35570562e-06   1.10530973e+01
        72   4.41620153e-06   1.09800502e+01
        73   4.47669744e-06   1.09085046e+01
        74   4.53719336e-06   1.08382343e+01
        75   4.59768927e-06   1.07693655e+01
        76   4.65818518e-06   1.07017516e+01
        77   4.71868109e-06   1.06353658e+01
        78   4.77917700e-06   1.05702021e+01
        79   4.83967291e-06   1.05062264e+01
        80   4.90016882e-06   1.04433739e+01
        81   4.96066473e-06   1.03816319e+01
        82   5.02116065e-06   1.03210141e+01
        83   5.08165656e-06   1.02613588e+01
        84   5.14215247e-06   1.02026912e+01
        85   5.20264838e-06   1.01450818e+01
        86   5.26314429e-06   1.00884348e+01
        87   5.32364020e-06   1.00326481e+01
        88   5.38413611e-06   9.97777908e+00
        89   5.44463203e-06   9.92383445e+00

