940.43	1.5e17 
926.72	1.5e17 
939.32	1.5e17 
943.65	1.5e17 
927.11  1.5e17
912.71  1.5e17
896.79  1.5e17
924.45  1.5e17
1838.77 1.5e17
873.95  1.5e17
909.38  1.5e17
912.07  1.5e17
896.08  1.5e17
911.79  1.5e17
923.50  1.5e17
866.45  1.5e17
854.95  1.5e17
866.22  1.5e17
919.85  1.5e17
879.88  1.5e17
901.45  1.5e17
884.90  1.5e17
850.78  1.5e17
896.50  1.5e17
920.09  1.5e17
913.43  1.5e17
872.86  1.5e17
892.88  1.5e17
886.18  1.5e17
890.73  1.5e17
906.49  1.5e17
898.74  1.5e17
946.87  1.5e17
887.02  1.5e17
870.03  1.5e17
921.44  1.5e17
920.51  1.5e17
948.83  1.5e17
876.02  1.5e17
863.75  1.5e17
865.13  1.5e17
871.54  1.5e17
848.97  1.5e17
846.14  1.5e17
861.56  1.5e17
862.87  1.5e17
855.56  1.5e17
853.68  1.5e17
830.44  1.5e17
841.52  1.5e17
859.69  1.5e17
902.67  1.5e17
899.00  1.5e17
871.93  1.5e17
929.25  1.5e17
905.88  1.5e17
922.52  1.5e17
937.04  1.5e17
944.37  1.5e17
900.89  1.5e17
854.95  1.5e17
870.33  1.5e17
920.34  1.5e17







