201.45516700	-47.67383300	232.050	0.721       
201.35533300    -47.89608300    228.183 1.008   
201.51570800    -47.77761100    235.758 0.464   
201.41195800    -47.63111100    227.539 0.754   
201.30970800    -47.86486100    240.939 0.717   
201.33879200    -47.61500000    242.474 0.377   
201.49412500    -47.72644400    243.190 0.446   
201.35012500    -47.65572200    238.045 0.392   
201.46879200    -47.68711100    231.529 0.811   
201.32220800    -47.69325000    238.903 0.498   
201.07800000    -47.75186100    237.405 0.497   
201.26308300    -47.70975000    239.061 0.521   
201.44179200    -47.77925000    233.471 1.337   
201.30075000    -47.60250000    228.949 0.924   
201.50329200    -47.71525000    233.914 0.857   
201.22575000    -47.73152800    235.758 0.428   
201.33825000    -47.73441700    241.842 0.748   
201.39416700    -47.74244400    237.296 1.030   
201.54850000    -47.78261100    237.480 0.873   
201.51700000    -47.75411100    230.565 0.450   
201.16016700    -47.61627800    238.040 0.441   
201.42141700    -47.63925000    231.837 0.734   
201.38462500    -47.72258300    244.324 1.123   
201.40166700    -47.75883300    231.996 0.852   
201.36104200    -47.60569400    226.572 0.470   
201.37708300    -47.80141700    236.955 0.709   
201.31354200    -47.66430600    241.354 0.625   
201.01158300    -46.52975000    263.993 0.631   
201.37068800    -47.22029500    226.515 0.514   
201.38227500    -47.38910700    238.339 0.792   
201.30586200    -47.35314600    220.828 0.604   
201.46612500    -47.25975400    244.117 0.470   
201.44237900    -47.18859900    217.812 0.416   
201.12809200    -47.40736000    226.915 0.344   
201.10723800    -47.42122700    235.091 0.653   
201.43868800    -47.30789200    233.619 0.676   
201.46504200    -47.25512300    230.459 0.422   
201.42215800    -47.39160500    229.788 0.427   
201.29168300    -47.34208700    239.160 0.458   
201.27462100    -47.34685500    236.398 0.709   
201.44175400    -47.25617200    225.395 0.374   
201.36544200    -47.41273900    230.330 0.613   
201.30094600    -47.32022900    224.356 0.453   
201.30867900    -47.44355400    230.514 0.431   
201.08507100    -47.32646200    227.130 0.409   
201.07100000    -47.22092400    242.079 0.500   
201.39293800    -47.15268300    218.811 0.447   
201.32302900    -47.40739800    228.357 0.515   
201.27799600    -47.44796800    229.700 0.303   
201.17425400    -47.47495700    233.058 0.331   
201.21047100    -47.42779200    229.306 0.472   
201.30631300    -47.34440600    220.324 0.618   
201.44917500    -47.18782400    232.322 0.332   
201.33450800    -47.23342900    219.514 0.431   
201.46390800    -47.27780200    226.138 0.364   
201.19485400    -47.41351300    232.716 0.505   
201.40679600    -47.26977200    223.675 0.481   
201.13716200    -47.36509700    234.295 0.841   
201.46516200    -47.36891600    234.590 0.620   
201.16299600    -47.23366900    237.515 0.778   
201.43344200    -47.35416800    227.639 0.577   
201.44247500    -47.34422300    224.025 0.655   
201.14197500    -47.47924800    229.841 0.511   
201.31202100    -47.41262100    220.452 0.537   
201.18685800    -47.34618000    230.819 0.707   
201.16495400    -47.36337300    238.047 0.618   
201.35135800    -47.25143800    231.127 0.424   
201.28436300    -47.33880600    223.684 0.498   
201.25288300    -47.33072700    242.851 0.713   
201.36772500    -47.26079900    250.589 0.650   
201.24750000    -47.11921700    221.462 0.557   
201.32542500    -47.32492800    234.356 0.568   
201.48120800    -47.28945500    236.065 0.409   
201.41360000    -47.30925800    240.200 0.869   
201.44446700    -47.37107500    236.711 0.488   
201.29036700    -47.45515800    228.016 0.620   
201.47519200    -47.28507200    227.229 0.310   
201.25274200    -47.47403300    239.759 0.304   
201.39505000    -47.39662600    259.527 0.563   
201.37249600    -47.30977600    247.341 0.694   
201.16230800    -47.26480100    223.734 0.856   
201.97183300    -47.50750000    248.670 0.525   
201.94329200    -47.50719400    244.535 0.688   
202.10108300    -47.45666700    223.276 0.605   
202.33854200    -47.44080600    239.423 0.339   
201.97825000    -47.59472200    244.727 0.575   
202.14833300    -47.43283300    238.847 0.294   
202.13104200    -47.64841700    228.508 0.276   
201.93750000    -47.66158300    227.007 0.377   
202.15475000    -47.64794400    223.069 0.374   
202.16820800    -47.50633300    226.739 0.400   
202.06316700    -47.57108300    231.042 0.417   
202.08191700    -47.41541700    235.445 0.729   
201.95237500    -47.52850000    255.631 0.708   
202.07908300    -47.53111100    247.007 0.320   
201.99262500    -47.45580600    236.406 0.393   
202.13379200    -47.57152800    241.530 0.376   
201.93787500    -47.62936100    246.931 0.623   
201.92583300    -47.64588900    242.988 0.335   
202.10475000    -47.45347200    245.277 0.993   
201.98833300    -47.49238900    246.170 0.659   
202.01720800    -47.41386100    234.646 0.399   
202.08608300    -47.62566700    250.927 0.318   
202.11400000    -47.47875000    232.452 0.525   
202.16637500    -47.44247200    231.710 0.997   
201.91116700    -47.54316700    241.517 0.711   
202.25575000    -47.72163900    234.098 0.420   
201.98450000    -47.55552800    236.608 0.479   
202.14979200    -47.72677800    238.616 0.274   
202.14087500    -47.53486100    242.930 0.333   
201.98875000    -47.61055600    251.281 0.491   
202.27962500    -47.46366700    237.328 0.439   
201.93208300    -47.68536100    239.178 0.248   
201.99358300    -47.50763900    226.079 0.499   
202.01020800    -47.64041700    233.515 0.361   
202.21262500    -47.52633300    240.180 0.376   
202.07037500    -47.49888900    242.357 0.369   
201.91916700    -47.59938900    227.030 0.566   
202.05654200    -47.40652800    231.425 0.383   
202.39420800    -47.60897200    238.041 0.697   
202.29816700    -47.59125000    232.851 0.582   
202.07454200    -47.47686100    232.929 0.758   
202.16300000    -47.55652800    244.824 0.624   
202.00208300    -47.52919400    239.060 0.444   
202.11775000    -47.46191700    228.589 0.507   
202.19000000    -47.65169400    223.203 0.404   
202.12508300    -47.45636100    241.375 0.321   
201.97850000    -47.58838900    238.455 0.537   
202.09170800    -47.50122200    239.033 0.427   
202.40904200    -47.70783300    221.713 0.256   
202.09229200    -47.50552800    244.361 0.540   
201.92854200    -47.57222200    241.579 0.923   
203.28989200    -48.06358700    210.133 0.466   
201.63702500    -48.40182500    238.217 0.351   
202.10799600    -47.35226400    224.409 0.562   
202.16241200    -47.35918000    234.278 0.445   
201.98408700    -47.35736800    219.495 0.587   
201.93747900    -47.37784600    230.877 0.487   
202.23619200    -47.17246200    245.960 0.466   
201.98648800    -47.49560500    244.975 0.654   
202.01154200    -47.40343100    239.578 0.505   
201.93736700    -47.43410500    250.653 0.398   
202.02768700    -47.46752900    251.146 0.583   
202.13090800    -47.51141700    232.394 0.606   
202.12846300    -47.38630700    243.792 0.636   
201.97707100    -47.29041700    225.826 0.640   
202.01438300    -47.29990400    241.059 0.545   
201.98567100    -47.48296400    232.689 0.457   
202.32370400    -47.25526000    232.870 0.640   
201.97382500    -47.41170500    232.559 0.428   
202.00845000    -47.49849300    226.642 0.504   
202.06390400    -47.36478400    222.602 0.595   
201.97594200    -47.37812800    238.239 0.407   
202.06967100    -47.27947600    219.775 0.559   
202.17933800    -47.48424500    233.884 0.512   
201.91933800    -47.38861100    233.925 0.536   
201.93465400    -47.41865500    252.145 0.459   
202.08559600    -47.39527100    233.071 0.726   
202.11075000    -47.38760400    245.800 0.425   
202.17766700    -47.35387800    233.945 0.490   
202.13812500    -47.36646700    241.646 0.525   
201.98592900    -47.30211300    226.204 0.455   
200.52395000    -47.27526100    371.454 0.891   
200.34081200    -47.28197900    282.887 0.362   
201.75450800    -47.26985900    232.294 0.498   
201.74332100    -47.27266700    226.900 0.370   
202.10096700    -47.08874900    221.825 0.467   
201.82697100    -47.26186800    221.240 0.527   
201.92762900    -47.20913300    241.802 0.671   
201.72947500    -47.24695600    233.807 0.524   
201.60215800    -47.15314900    208.918 0.316   
201.63740400    -47.21752900    238.950 0.441   
201.86418300    -47.30603800    220.316 0.521   
201.57170000    -47.04886600    231.641 0.445   
201.72090800    -47.05511900    234.882 0.736   
202.06921200    -47.22665000    228.520 0.669   
201.66230000    -47.20454000    250.818 0.291   
201.57327100    -47.19196700    230.912 0.374   
201.70250800    -47.25532200    229.548 0.632   
201.92312500    -47.26073500    236.310 0.533   
201.69235800    -47.23755300    221.785 0.319   
201.97281700    -47.04639100    229.077 0.535   
201.67136700    -47.24063100    229.531 0.298   
201.95821300    -47.12404300    242.777 0.586   
201.81863700    -47.26623900    232.457 0.412   
201.99266300    -47.01479700    226.466 0.707   
201.90405800    -47.20618100    228.409 0.572   
201.88257900    -47.28207000    235.280 0.708   
201.80604600    -47.29052400    240.113 0.509   
201.86263800    -47.16172000    235.477 0.501   
201.67652900    -47.03025400    233.853 0.969   
201.93951700    -47.26227200    231.405 0.646   
201.74115000    -47.15400300    239.204 0.410   
202.10570800    -47.15986300    224.376 0.488   
201.77442100    -47.18726700    230.009 0.426   
201.83562900    -47.29857600    229.805 0.595   
201.65618300    -47.22411700    221.887 0.383   
201.78477500    -47.21678900    229.217 0.633   
201.76544200    -47.30443200    220.815 0.575   
201.84962500    -46.96722000    233.173 0.574   
201.58504200    -47.19643400    237.446 0.456   
201.66630400    -47.12095600    225.618 0.520   
201.66660400    -47.21653700    243.442 0.426   
201.74107900    -47.28843700    235.467 0.404   
201.95995800    -47.26192900    221.783 0.597   
201.85074600    -47.12558000    225.162 0.441   
201.67292900    -47.27269400    208.872 0.802   
201.90052900    -47.30550800    232.369 0.500   
201.96070000    -47.09828200    236.168 0.494   
201.79644200    -47.04185900    230.939 0.452   
201.73325400    -47.13717700    229.228 0.573   
202.01087500    -47.76588900    239.495 0.372   
201.58179200    -47.75936100    231.886 0.531   
201.79958300    -47.77744400    235.298 0.730   
201.68766700    -47.79319400    246.721 0.539   
201.74829200    -47.73344400    228.048 1.144   
201.74920800    -47.79975000    238.912 0.442   
201.76066700    -47.63847200    240.573 0.540   
201.83191700    -47.77213900    227.012 2.901   
201.83929200    -47.84883300    231.185 0.518   
201.66233300    -47.73288900    224.372 0.444   
201.93850000    -47.77727800    241.496 0.373   
201.89600000    -47.76119400    227.794 0.394   
201.84600000    -47.73208300    229.777 0.340   
201.71579200    -47.67191700    241.569 0.532   
201.63062500    -47.67986100    227.334 0.550   
201.55325000    -47.94047200    227.219 0.838   
201.62516700    -47.83827800    231.042 0.583   
201.79054200    -47.64608300    247.999 0.557   
201.88233300    -47.96869400    236.558 0.400   
201.84295800    -47.77838900    238.372 0.822   
201.88270800    -47.68900000    252.891 0.323   
201.68300000    -47.68158300    231.950 0.448   
201.59858300    -47.71177800    230.568 0.548   
201.66529200    -47.83113900    231.181 0.474   
201.80841700    -47.65366700    234.723 0.441   
201.76708300    -47.73777800    230.613 0.508   
201.92087500    -47.79925000    235.054 0.333   
201.52304200    -47.88208300    228.874 0.611   
201.69641700    -47.74627800    238.625 1.117   
201.56758300    -47.70350000    233.379 0.618   
201.63991700    -47.71966700    239.677 0.491   
201.87958300    -47.98225000    227.984 0.470   
201.67954200    -47.72630600    253.119 0.413   
201.88370800    -47.83777800    223.133 0.371   
201.71991700    -47.73902800    246.769 0.503   
201.74504200    -47.65416700    247.172 0.418   
201.72641700    -47.76808300    238.686 0.518   
201.73879200    -47.76580600    237.800 0.436   
201.89129200    -47.92255600    241.178 0.244   
201.68825000    -47.64188900    229.467 0.546   
201.85016700    -47.86747200    235.610 0.587   
201.94604200    -47.72322200    231.406 0.359   
201.86000000    -47.73150000    242.877 0.681   
201.65045800    -47.86213900    230.575 0.600   
201.60650000    -47.74813900    239.897 0.643   
201.89895800    -47.72947200    237.517 0.654   
201.71229200    -47.63677800    221.334 0.470   
201.79716700    -47.75836100    232.604 0.791   
202.34299200    -47.85992100    239.782 0.667   
202.36875000    -47.63336200    221.881 0.913   
202.21257500    -47.69871500    235.234 0.350   
200.31563700    -46.96863600    285.250 0.566   
201.69778800    -46.88399100    231.340 0.686   
201.57964600    -46.84177000    229.575 0.666   
202.53224200    -46.86032900    197.406 0.366   
202.74672100    -46.87807500    240.803 0.289   
202.06441700    -48.05156700    283.910 0.424   
201.73384200    -48.14135700    246.115 0.498   
201.64067500    -47.97140900    230.508 0.577   
201.74594600    -48.03923400    228.241 0.847   
201.99285000    -48.16976500    228.343 0.352   
201.27543300    -47.49768100    227.973 0.837   
201.30742500    -47.52533700    217.978 0.414   
201.32498300    -47.55714000    234.679 0.571   
201.28638700    -47.48939900    226.328 0.752   
201.29230400    -47.51375200    234.414 0.453   
201.08975000    -47.64429900    226.066 0.521   
201.12930800    -47.50262800    241.107 0.925   
201.36525800    -47.56880600    245.002 0.424   
201.21013800    -47.54528400    231.781 0.628   
201.33033700    -47.58528500    237.748 0.614   
201.09177100    -47.53953600    220.924 0.671   
201.23534600    -47.74131800    238.330 0.434   
201.24971700    -47.46905500    218.158 0.452   
201.30222100    -47.57484800    245.320 0.665   
201.28865000    -47.50941100    223.511 0.759   
201.69970800    -48.18983300    238.369 0.603   
201.97459200    -47.74075300    236.986 0.841   
202.16055400    -47.64653000    243.882 0.485   
201.93351300    -47.65831000    244.506 0.422   
201.88694600    -47.70005400    233.312 0.666   
202.21047500    -47.67639500    234.666 0.811   
201.62275000    -47.28105600    226.127 0.553   
201.63287500    -47.31377800    225.321 0.401   
201.48170800    -47.26050000    228.873 0.576   
201.60245800    -47.28727800    250.945 0.762   
201.65533300    -47.29266700    227.404 0.602   
201.49320800    -47.14905600    234.415 0.580   
201.41458300    -47.23486100    235.234 0.521   
201.54641700    -47.31127800    226.247 0.675   
201.54904200    -47.23811100    243.394 0.373   
201.52462500    -47.20511100    229.245 0.789   
201.77800000    -47.20119400    232.541 0.679   
201.50812500    -47.14238900    227.428 0.784   
201.60875000    -47.31450000    231.950 1.134   
201.39516700    -47.14133300    221.868 0.786   
201.56925000    -47.33302800    222.296 0.486   
201.47066700    -47.21866700    228.089 0.674   
201.62254200    -47.22166700    243.332 0.738   
201.49212500    -47.13866700    233.985 0.431   
201.50429200    -47.28647200    225.654 0.547   
201.58141700    -47.27625000    228.770 0.523   
201.55450000    -47.21413900    230.359 0.526   
201.55516700    -47.29938900    230.737 0.618   
201.49862500    -47.29663900    217.376 0.430   
201.46204200    -47.04797200    227.154 0.473   
201.51170800    -46.98733300    227.455 0.693   
201.51679200    -47.12480600    239.521 0.441   
201.70175000    -47.50290000    200.838 0.175   
201.54885000    -47.47451000    214.843 0.181   
201.56741000    -47.51552000    219.638 0.394   
201.70705000    -47.42538000    255.741 0.246   
201.56077000    -47.35629000    240.671 0.351   
201.83384000    -47.50767000    266.765 0.166   
201.60477000    -47.48052000    246.482 0.359   
201.69224000    -47.48244000    217.769 0.166   
201.77883000    -47.53184000    228.711 0.474   
201.54467000    -47.52223000    224.428 0.503   
201.67204000    -47.53312000    233.122 0.230   
201.53187000    -47.54829000    217.241 0.525   
201.55206000    -47.48144000    231.155 0.262   
201.84578000    -47.42179000    232.007 0.438   
201.61732000    -47.48773000    245.175 0.210   
201.81686000    -47.59584000    247.283 0.226   
201.81738000    -47.51784000    223.697 0.483   
201.77468000    -47.45082000    240.349 0.389   
201.74808000    -47.43848000    219.693 0.184   
201.63413000    -47.45323000    218.823 0.295   
201.81601000    -47.46516000    239.138 0.913   
201.63587000    -47.45847000    234.756 0.258   
201.76083000    -47.55169000    232.182 0.382   
201.73647000    -47.34791000    227.106 0.246   
201.77340000    -47.56271000    234.743 0.441   
201.65641000    -47.49286000    251.390 0.147   
201.88523000    -47.55208000    254.764 0.122   
201.66964000    -47.55210000    214.819 0.383   
201.77034000    -47.43624000    224.215 0.229   
201.50672000    -47.55158000    224.759 2.719   
201.72900000    -47.40611000    248.010 0.284   
201.65578000    -47.58459000    226.548 0.629   
201.85831000    -47.51654000    261.330 0.214   
201.45277000    -47.47640000    227.283 0.429   
201.65531000    -47.47521000    249.350 0.155   
201.60456000    -47.48331000    225.849 0.381   
201.66374000    -47.34294000    216.066 0.362   
201.61864000    -47.55506000    242.066 0.429   
201.73669000    -47.44745000    250.281 0.318   
201.72295000    -47.53927000    229.012 0.474   
201.51051000    -47.47491000    226.250 0.265   
201.66790000    -47.44827000    219.339 0.138   
201.87043000    -47.36085000    246.084 0.863   
201.90291000    -47.35418000    248.624 0.193   
201.82783000    -47.51408000    220.352 0.309   
201.63784000    -47.51666000    213.883 0.569   
201.47395000    -47.51814000    237.997 0.227   
201.61999000    -47.53403000    237.446 0.223   
201.69116000    -47.44547000    227.382 0.836   
201.65010000    -47.44167000    229.725 0.544   
201.61736000    -47.39451000    239.052 0.659   
201.62202000    -47.41175000    220.118 0.476   
201.67955000    -47.44405000    219.197 0.338   
201.73474000    -47.48754000    249.629 0.466   
201.63030000    -47.45996000    218.385 0.616   
201.67479000    -47.49119000    211.414 0.170   
201.73159000    -47.57311000    214.970 0.412   
201.44647000    -47.46954000    227.133 0.214   
201.53785000    -47.45534000    236.839 0.358   
201.62719000    -47.57435000    224.632 0.874   
201.64892000    -47.50637000    241.802 0.284   
201.90436000    -47.37572000    229.809 0.650   
201.73826000    -47.36857000    223.692 0.280   
201.53052000    -47.46973000    220.357 0.301   
201.78526000    -47.53029000    247.496 0.388   
201.51840000    -47.42072000    239.405 0.214   
201.66700000    -47.60256000    245.045 0.749   
201.60850000    -47.50371000    234.280 0.806   
201.70916000    -47.44411000    239.875 0.351   
201.60079000    -47.51605000    231.930 0.575   
201.61377000    -47.47512000    228.707 0.458   
201.76541000    -47.41051000    248.866 0.237   
201.62354000    -47.61699000    228.516 0.806   
201.69847000    -47.55869000    224.328 0.494   
201.60962000    -47.42213000    222.110 0.573   
201.73037000    -47.47060000    239.989 1.025   
201.66551000    -47.48779000    230.884 0.332   
201.67262000    -47.50345000    211.743 0.256   
201.72434000    -47.57343000    207.955 0.281   
201.43823000    -47.54390000    215.993 0.370   
201.72950000    -47.37413000    218.205 0.704   
201.72893000    -47.50410000    221.499 0.359   
201.75152000    -47.56479000    237.438 0.231   
201.53918000    -47.46416000    234.127 0.194   
201.65497000    -47.54059000    243.025 0.209   
201.66605000    -47.51855000    230.733 1.098   
201.66248000    -47.44625000    251.564 0.233   
201.74863000    -47.46866000    245.375 1.157   
201.67679000    -47.56945000    221.066 0.377   
201.54213000    -47.42509000    236.707 0.564   
201.76025000    -47.51733000    248.338 0.432   
201.67078000    -47.51027000    230.758 0.915   
201.71356000    -47.58559000    241.775 0.338   
201.73943000    -47.49296000    238.646 0.438   
201.86840000    -47.63689000    228.348 0.208   
201.49475000    -47.60266000    233.399 1.126   
201.72316000    -47.53278000    223.515 1.145   
201.84969000    -47.40951000    224.831 0.538   
201.71401000    -47.52197000    249.262 0.799   
201.49607000    -47.42414000    226.802 0.234   
201.62265000    -47.36922000    209.140 0.134   
201.75256000    -47.45282000    242.199 1.000   
201.80921000    -47.51075000    244.208 0.357   
201.57405000    -47.62041000    230.913 0.094   
201.70331000    -47.44693000    213.974 0.341   
201.57874000    -47.44507000    225.636 1.081   
201.75716000    -47.39748000    227.437 0.262   
201.64001000    -47.45909000    199.909 0.520   
201.82471000    -47.38924000    236.640 0.263   
201.70092000    -47.49966000    206.017 0.465   
201.73308000    -47.37253000    230.019 0.523   
201.60905000    -47.41079000    216.596 0.331   
201.51834000    -47.41683000    209.108 0.377   
201.78771000    -47.52740000    260.365 0.308   
201.83155000    -47.55249000    266.256 0.167   
201.68418000    -47.58848000    236.879 0.280   
201.68569000    -47.60898000    215.945 0.431   
201.66872000    -47.47689000    250.689 1.213   
201.65349000    -47.51381000    254.989 1.237   
201.55358000    -47.48605000    207.715 0.397   
201.83370000    -47.53497000    232.482 0.231   
201.66223000    -47.48386000    243.050 0.926   
201.90041000    -47.40054000    232.227 0.444   
201.72886000    -47.35137000    221.808 0.405   
201.68650000    -47.40535000    237.818 0.926   
201.69151000    -47.53932000    237.858 0.278   
201.74344000    -47.53725000    257.365 0.632   
201.72058000    -47.39205000    251.709 0.561   
201.44140000    -47.46736000    226.980 0.472   
201.75489000    -47.50168000    237.558 0.480   
201.65067000    -47.51472000    207.205 0.375   
201.73748000    -47.52862000    259.516 0.306   
201.70301000    -47.58724000    237.973 0.356   
201.76488000    -47.44406000    236.127 0.303   
201.74995000    -47.47590000    259.989 0.378   
201.75512000    -47.57257000    238.306 1.312   
201.70459000    -47.46167000    206.545 0.246   
201.93437000    -47.43197000    249.035 0.204   
201.76429000    -47.46060000    238.710 0.553   
201.76974000    -47.42428000    232.759 0.180   
201.64222000    -47.43914000    246.892 1.656   
201.63250000    -47.44255000    241.525 0.155   
201.73055000    -47.42879000    243.363 1.473   
201.67150000    -47.45893000    216.480 0.484   
201.56356000    -47.50674000    236.245 0.290   
201.74627000    -47.49712000    224.946 0.822   
201.84828000    -47.46860000    234.514 0.846   
201.62680000    -47.35917000    242.174 0.564   
201.72694000    -47.44002000    261.059 0.419   
201.73449000    -47.55849000    237.548 0.467   
201.81363000    -47.47746000    241.459 0.351   
201.92044000    -47.54116000    215.528 0.419   
201.77235000    -47.47016000    256.687 0.336   
201.84490000    -47.36546000    236.959 0.267   
201.67162000    -47.52882000    218.202 0.328   
201.68844000    -47.49594000    248.155 0.900   
201.66880000    -47.43625000    220.891 0.560   
201.50680000    -47.57489000    227.963 0.730   
201.63708000    -47.53855000    228.020 0.546   
201.63971000    -47.44910000    219.720 1.309   
201.70454000    -47.44857000    261.136 0.341   
201.89409000    -47.47622000    249.277 0.507   
201.67533000    -47.48115000    227.969 0.573   
201.54554000    -47.46471000    235.599 0.256   
201.65853000    -47.50608000    228.984 0.263   
201.88374000    -47.47293000    241.869 0.403   
201.50181000    -47.57516000    240.119 0.782   
201.74289000    -47.52561000    240.637 0.643   
201.68280000    -47.46172000    224.464 1.652   
201.75499000    -47.34464000    232.435 1.561   
201.76487000    -47.50745000    223.708 0.801   
201.78229000    -47.50482000    257.456 0.300   
201.72093000    -47.42298000    252.891 1.206   
201.64008000    -47.68460000    234.078 0.144   
201.55093000    -47.52359000    241.876 0.830   
201.57891000    -47.48053000    207.705 0.287   
201.74793000    -47.39282000    218.475 0.235   
201.67809000    -47.48871000    223.537 0.617   
201.94361000    -47.42367000    251.443 0.281   
201.65775000    -47.49682000    227.484 0.207   
201.73748000    -47.45755000    233.599 0.919   
201.77287000    -47.62651000    233.866 0.510   
201.64528000    -47.56968000    234.259 1.472   
201.64884000    -47.48632000    206.033 0.258   
201.64935000    -47.47014000    238.299 0.897   
201.65752000    -47.52439000    253.496 0.733   
201.71166000    -47.55097000    228.098 0.730   
201.75156000    -47.53438000    251.564 0.288   
201.71755000    -47.43268000    240.234 0.614   
201.67093000    -47.54712000    240.888 0.884   
201.51691000    -47.50988000    212.200 0.273   
201.82817000    -47.51176000    247.321 0.407   
201.72247000    -47.60966000    231.770 1.141   
201.75328000    -47.42146000    238.898 1.020   
201.72081000    -47.52193000    236.876 0.364   
201.65712000    -47.42738000    218.398 0.307   
201.74845000    -47.45021000    249.831 0.249   
201.72696000    -47.52772000    220.346 0.309   
201.81717000    -47.52238000    230.730 0.235   
201.71899000    -47.53577000    239.117 0.551   
201.69258000    -47.52794000    238.056 0.204   
201.69176000    -47.44286000    200.509 0.356   
201.57003000    -47.47866000    236.373 0.433   
201.86066000    -47.50892000    241.685 0.638   
201.65918000    -47.54726000    252.809 0.492   
201.73738000    -47.50678000    226.902 0.552   
201.65176000    -47.50884000    239.930 0.875   
201.78117000    -47.41651000    246.203 0.443   
201.87631000    -47.48934000    239.627 0.162   
201.67314000    -47.43869000    216.661 0.227   
201.75494000    -47.41111000    229.853 0.771   
201.56920000    -47.34613000    229.400 0.445   
201.62849000    -47.41436000    225.535 0.696   
201.60177000    -47.48300000    238.166 0.580   
201.75674000    -47.62896000    240.545 0.419   
201.81381000    -47.44066000    239.760 0.426   
201.83452000    -47.53410000    242.888 0.278   
201.67088000    -47.51443000    244.302 1.360   
201.60187000    -47.49938000    216.053 0.676   
201.66231000    -47.42500000    229.891 0.347   
201.76196000    -47.58086000    241.142 0.261   
201.71592000    -47.52270000    244.157 1.384   
201.63373000    -47.55863000    228.360 0.563   
201.74071000    -47.42220000    244.705 0.429   
201.61116000    -47.59133000    222.489 0.420   
201.62244000    -47.54041000    227.849 1.346   
201.87636000    -47.57052000    242.406 0.539   
201.75198000    -47.41248000    221.354 0.302   
201.69224000    -47.52512000    238.580 0.706   
201.81436000    -47.41899000    224.532 0.427   
201.81850000    -47.54905000    248.596 0.401   
201.68477000    -47.52241000    230.808 0.427   
201.82862000    -47.47190000    225.250 0.812   
201.88776000    -47.43659000    239.936 0.769   
201.57637000    -47.37446000    239.485 0.281   
201.72785000    -47.52223000    230.779 0.025   
201.71631000    -47.39629000    230.084 0.387   
201.90303000    -47.51419000    240.880 0.488   
201.65437000    -47.45710000    235.689 0.536   
201.85010000    -47.51380000    235.039 0.415   
201.74631000    -47.52541000    241.675 0.434   
201.50325000    -47.53400000    235.805 0.263   
201.70549000    -47.56408000    229.709 0.841   
201.46699000    -47.61581000    242.430 0.242   
201.70255000    -47.54912000    231.245 0.382   
201.50086000    -47.56420000    226.368 0.787   
201.65023000    -47.57686000    256.386 0.364   
201.61969000    -47.48749000    236.511 0.031   
201.80509000    -47.45571000    262.119 0.198   
201.73247000    -47.38308000    247.005 0.585   
201.66041000    -47.48923000    232.074 0.945   
201.57867000    -47.51871000    228.575 0.416   
201.55119000    -47.63398000    235.700 0.353   
201.84120000    -47.52330000    257.274 0.186   
201.61724000    -47.56361000    236.176 0.437   
201.70267000    -47.53186000    250.175 0.543   
201.53656000    -47.47198000    243.837 0.410   
201.64803000    -47.44400000    232.543 0.467   
201.73300000    -47.58848000    245.932 0.440   
201.65318000    -47.50621000    202.798 0.085   
201.78289000    -47.49137000    232.460 0.281   
201.60904000    -47.51060000    234.610 0.346   
201.65220000    -47.51147000    204.701 0.191   
201.62197000    -47.51919000    238.576 1.093   
201.80755000    -47.49449000    233.059 0.274   
201.75134000    -47.46130000    226.893 1.487   
201.71323000    -47.41439000    252.315 1.179   
201.71143000    -47.61694000    228.320 1.203   
201.53294000    -47.48843000    223.786 0.661   
201.45277000    -47.48423000    229.547 0.450   
201.63995000    -47.48853000    239.827 0.826   
201.83738000    -47.49594000    228.599 0.349   
201.74680000    -47.47780000    260.457 0.311   
201.42755000    -47.46804000    232.777 0.994   
201.71476000    -47.51088000    200.954 0.663   
201.72791000    -47.53427000    258.082 0.346   
201.53710000    -47.35425000    235.056 0.268   
201.94347000    -47.45421000    238.928 0.526   
201.42082000    -47.44625000    219.987 0.383   
201.69693000    -47.57001000    228.243 1.256   
201.93749000    -47.47421000    248.769 0.508   
201.60119000    -47.45246000    249.300 0.526   
201.73181000    -47.58485000    225.789 0.452   
201.90067000    -47.41921000    234.947 0.222   
201.67587000    -47.43307000    228.693 0.772   
201.84986000    -47.39813000    233.345 0.252   
201.60978000    -47.42614000    218.319 0.459   
201.78011000    -47.47929000    222.787 0.375   
201.97625000    -47.55429000    240.573 0.354   
201.63964000    -47.42963000    242.255 0.266   
201.48389000    -47.48721000    220.339 0.439   
201.85092000    -47.57241000    237.502 0.949   
201.71859000    -47.49189000    210.012 0.032   
201.65207000    -47.47091000    247.517 0.318   
201.43643000    -47.42035000    234.341 0.295   
201.52711000    -47.53612000    227.008 0.258   
201.78692000    -47.50603000    256.643 0.363   
201.49226000    -47.40418000    229.989 0.432   
201.70106000    -47.54474000    234.788 0.818   
201.68014000    -47.47549000    223.072 0.306   
201.63085000    -47.40520000    228.152 0.065   
201.68893000    -47.50708000    244.905 0.480   
201.66133000    -47.42942000    250.047 0.320   
201.67020000    -47.61299000    227.543 0.244   
201.57045000    -47.43502000    243.191 0.226   
201.54472000    -47.48102000    227.849 0.364   
201.70041000    -47.49194000    271.339 1.095   
201.63047000    -47.50741000    240.222 0.922   
201.68418000    -47.44862000    213.160 0.036   
201.66370000    -47.58827000    237.458 0.279   
201.66985000    -47.54969000    235.192 0.431   
201.70154000    -47.42340000    228.257 0.949   
201.61239000    -47.54352000    215.101 0.382   
201.63245000    -47.44391000    224.014 0.130   
201.82117000    -47.50610000    227.110 0.282   
201.63445000    -47.51555000    228.347 1.654   
201.73316000    -47.68661000    238.332 0.369   
201.51377000    -47.52020000    235.477 0.377   
201.54971000    -47.50992000    236.908 0.451   
201.67073000    -47.46148000    212.373 0.323   
201.70824000    -47.61156000    234.506 0.641   
201.57647000    -47.44038000    238.903 0.732   
201.92393000    -47.47774000    241.705 0.619   
201.60940000    -47.51198000    232.730 0.397   
201.61536000    -47.52936000    235.423 0.276   
201.87586000    -47.47959000    248.360 0.228   
201.45653000    -47.63364000    224.737 0.443   
201.64852000    -47.45503000    229.814 0.238   
201.60651000    -47.50779000    206.614 0.328   
201.85304000    -47.63850000    235.294 0.684   
201.44314000    -47.43316000    229.789 1.723   
201.89233000    -47.53270000    240.583 0.261   
201.56221000    -47.48634000    263.164 0.240   
201.70785000    -47.55326000    249.516 0.171   
201.89036000    -47.37886000    231.970 0.618   
201.82367000    -47.57775000    234.722 0.197   
201.61115000    -47.41915000    228.637 0.323   
201.57235000    -47.49380000    215.727 0.311   
201.63991000    -47.41544000    214.700 0.810   
201.80981000    -47.47474000    255.139 0.318   
201.63877000    -47.50480000    206.684 0.551   
201.50104000    -47.53942000    238.596 0.323   
201.47650000    -47.42038000    218.566 0.492   
201.69769000    -47.57919000    214.805 0.403   
201.66447000    -47.51304000    214.946 0.292   
201.88722000    -47.46656000    241.613 0.587   
201.63110000    -47.40880000    229.963 0.450   
201.67842000    -47.46319000    237.837 0.306   
201.67489000    -47.49701000    275.564 0.578   
201.76861000    -47.50774000    249.374 1.211   
201.90952000    -47.40681000    244.669 0.221   
201.63433000    -47.46914000    226.819 0.295   
201.61185000    -47.48826000    211.481 0.562   
201.74420000    -47.51192000    248.966 0.721   
201.60771000    -47.49820000    217.495 0.452   
201.63304000    -47.51029000    239.204 0.211   
201.66171000    -47.42143000    257.224 0.349   
201.74604000    -47.42487000    224.911 0.559   
201.66030000    -47.49149000    238.334 0.122   
201.71954000    -47.50682000    239.755 1.195   
201.61030000    -47.49304000    231.427 0.613   
201.88063000    -47.40412000    243.698 1.433   
201.82390000    -47.44552000    220.541 0.737   
201.63337000    -47.52570000    219.131 1.337   
201.73215000    -47.51452000    218.082 0.462   
201.86752000    -47.50401000    249.972 0.528   
201.66055000    -47.48210000    242.345 0.557   
201.61226000    -47.48931000    215.434 0.488   
201.60270000    -47.57928000    234.918 0.266   
201.63269000    -47.39018000    223.144 0.402   
201.93308000    -47.50672000    252.821 0.408   
201.60251000    -47.56947000    209.290 0.470   
201.68472000    -47.49001000    226.619 0.982   
201.84398000    -47.58797000    258.800 0.455   
201.56157000    -47.35869000    231.538 0.201   
201.90733000    -47.42142000    248.388 1.301   
201.86190000    -47.42828000    240.081 0.230   
201.75717000    -47.58590000    231.178 0.338   
201.77264000    -47.56807000    249.450 0.329   
201.88831000    -47.39644000    227.477 1.105   
201.68378000    -47.57216000    254.692 0.052   
201.61427000    -47.49087000    225.122 0.531   
201.56020000    -47.46808000    243.982 1.098   
201.78300000    -47.55179000    225.104 0.077   
201.73938000    -47.49703000    243.191 1.178   
201.75929000    -47.40861000    238.012 0.713   
201.89978000    -47.47616000    235.851 0.214   
201.63385000    -47.33654000    236.202 0.516   
201.62406000    -47.42180000    229.818 0.804   
201.55044000    -47.49329000    215.949 0.406   
201.77285000    -47.41022000    238.109 1.138   
201.76763000    -47.57723000    231.553 0.067   
201.63250000    -47.53457000    256.467 1.005   
201.77364000    -47.51797000    242.186 0.955   
201.69824000    -47.53678000    225.274 0.072   
201.90307000    -47.64228000    242.770 0.077   
201.89427000    -47.49624000    240.651 0.214   
201.62016000    -47.42313000    221.154 1.467   
201.62592000    -47.40763000    238.747 1.064   
201.66998000    -47.61208000    234.304 1.298   
201.59188000    -47.59868000    246.775 0.079   
201.54131000    -47.55018000    240.990 0.461   
201.69975000    -47.35180000    232.718 0.025   
201.74683000    -47.60971000    223.919 0.066   
201.73352000    -47.48189000    229.710 0.540   
201.68700000    -47.48448000    209.816 0.793   
201.70444000    -47.39346000    225.177 0.619   
201.84634000    -47.51492000    238.683 0.543   
201.84954000    -47.44583000    235.427 0.490   
201.47387000    -47.44382000    224.236 1.123   
201.64907000    -47.42333000    214.631 0.139   
201.65554000    -47.42275000    225.035 0.160   
201.86038000    -47.56709000    236.483 0.628   
201.45658000    -47.41751000    240.307 0.313   
201.65319000    -47.54871000    227.439 0.235   
201.71140000    -47.44078000    236.451 0.095   
201.78309000    -47.47443000    228.847 0.742   
201.65059000    -47.51324000    249.589 1.227   
201.56881000    -47.54398000    211.784 0.102   
201.61652000    -47.44272000    203.899 0.066   
201.59383000    -47.41040000    219.592 0.118   
201.45031000    -47.40831000    241.258 0.454   
201.81492000    -47.43005000    229.732 0.093   
201.75998000    -47.52424000    257.540 0.069   
201.62542000    -47.54692000    220.518 0.053   
201.53442000    -47.57959000    222.854 0.137   
201.84920000    -47.48671000    233.927 0.066   
201.75042000    -47.50613000    265.406 0.267   
201.77531000    -47.55751000    242.663 0.497   
201.39736000    -47.53208000    223.565 0.132   
201.70863000    -47.51360000    233.615 0.405   
201.71325000    -47.46238000    215.058 0.511   
201.73882000    -47.62728000    238.382 0.067   
201.69913000    -47.51507000    247.105 0.085   
201.62300000    -47.61172000    232.048 0.289   
201.85413000    -47.47918000    256.341 0.263   
201.66225000    -47.42608000    214.948 0.464   
201.42584000    -47.56209000    237.579 1.031   
201.72258000    -47.49572000    232.850 0.155   
201.68724000    -47.51435000    212.505 1.037   
201.63859000    -47.57742000    222.928 0.179   
201.68277000    -47.52595000    231.716 0.874   
201.75146000    -47.46895000    251.911 0.737   
201.70385000    -47.45775000    229.381 1.596   
201.71292000    -47.45400000    221.135 0.399   
201.75512000    -47.54232000    235.146 1.211   
201.73972000    -47.44398000    221.988 0.082   
201.44601000    -47.46230000    230.551 0.252   
201.57332000    -47.68437000    235.338 0.242   
201.71431000    -47.56176000    234.227 0.156   
201.68461000    -47.57428000    239.424 0.301   
201.63478000    -47.43690000    254.187 0.331   
201.81071000    -47.39746000    235.742 0.827   
201.88476000    -47.43141000    249.971 0.267   
201.77891000    -47.40642000    237.650 0.916   
201.83461000    -47.49347000    239.643 0.276   
201.50347000    -47.58690000    237.831 0.206   
201.73121000    -47.56739000    226.124 0.067   
201.77693000    -47.51881000    255.700 0.115   
201.72457000    -47.62917000    253.487 0.063   
201.87986000    -47.45929000    241.959 0.156   
201.69557000    -47.40004000    233.324 0.406   
201.57772000    -47.41723000    208.670 0.181   
201.84058000    -47.54850000    257.853 0.087   
201.58961000    -47.39355000    213.653 0.452   
201.59636000    -47.49036000    219.305 0.131   
201.51608000    -47.47568000    224.920 1.472   
201.54433000    -47.58036000    226.757 0.263   
201.64275000    -47.54394000    221.588 0.643   
201.74299000    -47.54363000    248.713 0.245   
201.75344000    -47.62311000    245.754 0.579   
201.71136000    -47.35179000    245.819 1.397   
201.63525000    -47.53772000    217.725 0.194   
201.68211000    -47.44085000    230.259 0.280   
201.67779000    -47.61069000    214.413 0.146   
201.78175000    -47.38159000    215.999 0.301   
201.80605000    -47.44556000    221.065 0.148   
201.75907000    -47.58690000    244.466 0.428   
201.68996000    -47.55925000    221.413 0.506   
201.65363000    -47.54078000    219.561 0.131   
201.70687000    -47.42093000    211.220 0.729   
201.67220000    -47.48101000    225.119 0.340   
201.67167000    -47.41960000    237.434 1.108   
201.68085000    -47.54927000    241.319 0.222   
201.82291000    -47.51654000    252.056 0.172   
201.77804000    -47.63665000    221.345 0.221   
201.66509000    -47.46011000    224.442 1.838   
201.73853000    -47.50653000    218.951 0.489   
201.52229000    -47.49875000    222.336 0.384   
201.92595000    -47.43347000    228.817 0.527   
201.63319000    -47.52853000    227.612 1.203   
201.49989000    -47.44180000    225.130 0.491   
201.80604000    -47.45404000    233.908 0.094   
201.48592000    -47.42517000    224.903 0.426   
201.71455000    -47.42807000    232.317 0.810   
201.90458000    -47.56882000    221.347 0.317   
201.84287000    -47.50608000    252.425 0.069   
201.88969000    -47.52212000    240.098 0.356   
201.66562000    -47.35633000    229.855 0.978   
201.62405000    -47.52883000    231.515 0.119   
201.67100000    -47.45683000    236.437 1.305   
201.89121000    -47.65214000    253.300 0.050   
201.93998000    -47.51807000    249.837 0.135   
201.53863000    -47.43623000    216.357 0.265   
201.73373000    -47.49359000    230.743 0.143   
201.68308000    -47.55505000    215.460 0.535   
201.71220000    -47.52843000    232.010 0.164   
201.70315000    -47.71464000    228.654 0.465   
201.63609000    -47.42345000    226.068 1.234   
201.83821000    -47.42440000    242.388 0.124   
201.68976000    -47.53248000    215.258 0.388   
201.48996000    -47.53682000    232.451 0.238   
201.68913000    -47.49969000    222.459 0.194   
201.55231000    -47.37279000    235.129 0.420   
201.61702000    -47.59026000    224.613 0.422   
201.55987000    -47.56128000    231.407 0.279   
201.86671000    -47.67110000    242.891 0.275   
201.87530000    -47.67934000    235.860 0.467   
201.87329000    -47.53890000    234.977 0.640   
201.71115000    -47.63916000    214.721 0.459   
201.85495000    -47.46623000    236.501 0.986   
201.86429000    -47.57538000    243.823 0.464   
201.76166000    -47.40048000    251.706 0.762   
201.83053000    -47.49926000    243.221 1.384   
201.66787000    -47.51659000    224.159 0.500   
201.67385000    -47.50973000    243.250 0.285   
201.77460000    -47.52844000    237.785 0.234   
201.88001000    -47.49237000    239.122 0.185   
201.73545000    -47.51949000    222.114 0.154   
201.62192000    -47.40484000    250.313 0.185   
201.67383000    -47.55550000    229.873 0.113   
201.48971000    -47.43179000    207.631 0.469   
201.48967000    -47.55965000    239.493 0.565   
201.77489000    -47.40953000    245.099 0.285   
201.74212000    -47.42641000    245.779 0.121   
201.92148000    -47.64084000    233.443 0.336   
201.75336000    -47.55722000    237.675 0.217   
201.76863000    -47.55934000    223.361 0.345   
201.74155000    -47.47537000    256.415 1.064   
201.65132000    -47.52300000    223.504 0.185   
201.47791000    -47.52751000    243.293 0.314   
201.74397000    -47.56251000    248.815 0.861   
201.47443000    -47.51170000    226.065 0.287   
201.51847000    -47.44111000    207.775 0.358   
201.68779000    -47.35565000    248.964 0.103   
201.88196000    -47.49815000    227.109 0.121   
201.51247000    -47.53561000    211.991 0.503   
201.70741000    -47.52930000    247.203 0.604   
201.72743000    -47.42261000    208.625 0.519   
201.87586000    -47.52057000    244.194 0.636   
201.66105000    -47.61358000    238.243 0.592   
201.72529000    -47.57522000    215.697 0.275   
201.63306000    -47.63914000    232.588 0.248   
201.58966000    -47.38771000    217.483 0.624   
201.78290000    -47.53716000    214.039 0.398   
201.61172000    -47.49908000    228.394 0.377   
201.77137000    -47.55882000    253.944 0.191   
201.83088000    -47.57697000    239.873 0.781   
201.60951000    -47.40668000    204.599 0.206   
201.63824000    -47.59580000    240.885 0.360   
201.71687000    -47.44262000    217.068 0.125   
201.48588000    -47.46398000    228.697 1.282   
201.47490000    -47.43451000    245.768 0.132   
201.69281000    -47.60028000    233.780 0.339   
201.73711000    -47.37365000    235.272 1.095   
201.52374000    -47.56334000    228.591 0.216   
201.60515000    -47.49737000    211.973 0.648   
201.64345000    -47.50677000    235.276 0.810   
201.88768000    -47.46290000    256.615 0.367   
201.80691000    -47.47966000    204.690 0.678   
201.73681000    -47.52794000    258.152 0.537   
201.49507000    -47.48914000    222.345 0.991   
201.71045000    -47.50028000    236.024 0.388   
201.75945000    -47.51858000    240.468 1.002   
201.76184000    -47.41753000    245.956 0.166   
201.82383000    -47.56248000    248.409 0.368   
201.86268000    -47.50579000    232.280 0.250   
201.52715000    -47.62515000    239.891 0.567   
201.65613000    -47.43086000    222.187 1.141   
201.83954000    -47.43187000    239.397 0.965   
201.71775000    -47.57755000    228.632 0.565   
201.74597000    -47.58747000    229.844 0.658   
201.90229000    -47.48950000    229.453 0.599   
201.47018000    -47.50578000    231.675 0.815   
201.86307000    -47.38062000    222.628 0.366   
201.64337000    -47.49123000    223.176 1.099   
201.78060000    -47.35095000    237.508 0.504   
201.86590000    -47.51226000    235.741 0.794   
201.54453000    -47.55865000    231.623 0.888   
201.81601000    -47.50451000    256.503 1.139   
201.80489000    -47.46115000    224.920 0.615   
201.85994000    -47.48007000    254.450 0.575   
201.86069000    -47.43983000    226.973 0.220   
201.52172000    -47.60687000    231.384 0.493   
201.67998000    -47.53669000    214.730 0.315   
201.74489000    -47.53942000    252.211 0.782   
201.65739000    -47.46726000    232.413 0.575   
201.78176000    -47.45909000    237.207 0.514   
201.55922000    -47.49824000    227.722 0.743   
201.62865000    -47.61652000    237.502 0.360   
201.68026000    -47.33748000    225.094 0.687   
201.69210760    -47.51002130    206.192 0.156   
201.81803240    -47.43051690    212.534 0.391   
201.81852690    -47.42998620    233.135 0.219   
201.71761490    -47.47730650    246.001 1.416   
201.72809240    -47.44118660    243.756 0.985   
201.71269280    -47.43783780    238.483 0.535   
201.71520320    -47.46182350    246.710 0.510   
201.67133640    -47.47441450    214.142 0.478   
201.72515620    -47.48480640    248.728 0.412   
201.76863010    -47.47080820    210.155 0.434   
201.62332850    -47.44866650    233.748 0.405   
201.70174040    -47.40137680    229.126 0.319   
201.75249260    -47.47605450    225.694 1.494   
201.66648710    -47.47605050    235.956 0.528   
201.68895980    -47.45088560    207.474 1.113   
201.67895380    -47.52113120    205.344 0.742   
201.68284350    -47.46129550    225.682 1.448   
201.49545270    -47.39025230    221.264 0.119   
201.72793200    -47.44923900    216.684 1.160   
201.43175910    -47.45083860    225.848 0.159   
201.67006010    -47.54286430    225.015 1.420   
201.75316820    -47.45254910    212.297 0.177   
201.84883240    -47.51466210    241.781 0.476   
201.56998190    -47.36513100    229.676 0.470   
201.66191010    -47.39124510    231.141 0.321   
201.77611290    -47.47295570    252.558 0.391   
201.69535770    -47.45053580    238.436 0.646   