1	13 24 30.78	-47 24 26.2	1	226.9149	0.3438	8.924	8.064	7.929	201.12825	-47.40729
2	13 26 46.18	-47 14 15.0	2	221.7848	0.3193	9.294	8.639	8.410	201.69243	-47.23749
3	13 25 39.53	-47 14 05.2	3	235.2341	0.5210	8.684	7.895	7.706	201.41469	-47.23478
4	13 25 21.35	-47 36 53.8	4	242.4739	0.3770	8.667	7.854	7.694	201.33894	-47.61495
5	13 25 08.27	-47 20 19.4	5	223.6837	0.4980	8.816	7.991	7.801	201.28448	-47.33872
6	13 25 17.55	-47 24 26.3	6	228.3571	0.5150	9.537	8.844	8.715	201.32314	-47.40731
7	13 26 58.41	-47 16 21.4	7	226.9003	0.3700	9.730	9.087	8.952	201.74339	-47.27260
8	13 26 19.56	-47 16 34.2	8	228.7701	0.5230	9.979	9.373	9.210	201.58149	-47.27617
9	13 27 45.02	-47 22 40.0	9	230.8766	0.4870	9.657	9.007	8.827	201.93757	-47.37778
10	13 25 59.69	-47 17 47.6	10	217.3764	0.4300	9.529	8.838	8.681	201.49870	-47.29655
11	13 25 10.19	-47 30 49.3	11	234.4142	0.4530	9.480	8.791	8.588	201.29244	-47.51369
12	13 27 40.64	-47 35 57.6	12	227.0296	0.5660	10.091	9.527	9.386	201.91932	-47.59933
13	13 27 01.10	-47 16 11.3	13	232.2942	0.4980	9.964	9.352	9.231	201.75457	-47.26979
14	13 26 50.98	-47 38 12.2	14	221.3338	0.4700	9.769	9.130	8.952	201.71243	-47.63673
15	13 27 14.06	-47 39 13.0	15	234.7233	0.4410	9.908	9.226	9.123	201.80856	-47.65362
16	13 27 44.08	-47 39 29.7	16	244.5060	0.4220	9.756	9.056	8.873	201.93367	-47.65825
17	13 25 51.36	-47 16 39.8	17	226.1378	0.3635	9.915	9.286	9.117	201.46400	-47.27772
18	13 26 54.38	-47 46 05.0	18	238.6860	0.5180	10.015	9.377	9.244	201.72657	-47.76805
19	13 25 54.07	-47 17 06.0	19	227.2287	0.3096	9.747	9.077	8.936	201.47528	-47.28499
20	13 26 23.69	-47 42 42.2	20	230.5679	0.5480	9.194	8.360	8.166	201.59873	-47.71174
21	13 27 16.49	-47 15 58.3	21	232.4572	0.4120	9.853	9.120	9.004	201.81870	-47.26618
22	13 25 06.75	-47 26 52.4	22	229.6996	0.3026	9.940	9.250	9.092	201.27812	-47.44789
23	13 26 01.05	-47 17 11.0	23	225.6538	0.5470	10.235	9.610	9.497	201.50437	-47.28639
24	13 25 13.81	-47 31 31.0	24	217.9784	0.4140	10.046	9.399	9.231	201.30756	-47.52527
25	13 26 59.85	-47 47 59.0	25	238.9123	0.4420	10.035	9.358	9.217	201.74937	-47.79973
26	13 26 39.00	-47 43 58.3	26	224.3721	0.4440	10.049	9.389	9.249	201.66248	-47.73285
27	13 26 38.97	-47 12 16.1	27	250.8182	0.2913	9.717	8.982	8.808	201.66238	-47.20448
28	13 27 13.47	-47 17 25.7	28	240.1127	0.5090	10.450	9.844	9.698	201.80611	-47.29046
29	13 27 41.05	-47 47 57.2	29	235.0536	0.3329	10.389	9.771	9.615	201.92103	-47.79923
30	13 26 52.82	-47 44 20.4	30	246.7689	0.5030	10.384	9.788	9.665	201.72007	-47.73899
31	13 28 04.16	-47 24 49.6	31	234.6460	0.3985	10.521	9.936	9.815	202.01732	-47.41379
32	13 25 51.66	-47 22 07.8	32	234.5902	0.6200	10.638	10.062	9.972	201.46524	-47.36883
33	13 25 44.05	-47 21 14.7	33	227.6389	0.5770	10.517	9.923	9.808	201.43353	-47.35408
34	13 26 51.82	-47 40 18.7	34	241.5691	0.5320	10.744	10.184	10.064	201.71593	-47.67187
35	13 25 55.51	-47 17 21.7	35	236.0650	0.4094	10.620	10.061	9.899	201.48129	-47.28937
36	13 27 43.74	-47 41 07.1	36	239.1784	0.2477	10.417	9.806	9.651	201.93224	-47.68530
37	13 27 57.34	-47 36 37.7	37	251.2811	0.4910	10.579	9.962	9.830	201.98891	-47.61048
38	13 26 24.55	-47 09 11.2	38	208.9179	0.3164	10.382	9.755	9.627	201.60227	-47.15311
39	13 26 33.61	-47 43 10.7	39	239.6772	0.4910	10.473	9.863	9.718	201.64006	-47.71963
40	13 27 24.08	-47 52 03.0	40	235.6102	0.5870	10.777	10.192	10.101	201.85033	-47.86749
41	13 24 46.80	-47 24 48.4	41	232.7165	0.5050	10.510	9.897	9.749	201.19500	-47.41344
42	13 25 18.03	-47 33 25.5	42	234.6788	0.5710	10.657	10.063	9.977	201.32512	-47.55708
43	13 25 34.83	-47 23 47.6	43	259.5274	0.5630	10.732	10.174	10.048	201.39514	-47.39654
44	13 26 41.15	-47 14 26.0	44	229.5306	0.2983	10.285	9.621	9.464	201.67144	-47.24056
45	13 25 24.35	-47 15 04.9	45	231.1267	0.4240	10.242	9.560	9.402	201.35147	-47.25136
46	13 26 19.67	-47 45 33.6	46	231.8863	0.5310	10.702	10.084	9.950	201.58194	-47.75933
47	13 27 23.08	-47 43 55.3	47	229.7774	0.3401	10.009	9.238	9.049	201.84616	-47.73204
48	13 27 56.64	-47 18 07.4	48	226.2036	0.4550	10.601	10.001	9.872	201.98599	-47.30205
49	13 26 05.57	-47 52 55.5	49	228.8744	0.6110	11.027	10.514	10.416	201.52322	-47.88208
50	13 25 13.43	-47 21 11.0	50	220.8277	0.6040	11.088	10.571	10.442	201.30597	-47.35306
51	13 26 57.88	-47 17 18.1	51	235.4672	0.4040	10.448	9.736	9.596	201.74115	-47.28837
52	13 26 17.61	-47 11 30.9	52	230.9117	0.3740	10.752	10.185	10.040	201.57337	-47.19191
53	13 24 59.97	-47 28 08.3	53	218.1578	0.4520	10.904	10.305	10.180	201.24986	-47.46898
54	13 27 09.76	-47 38 45.7	54	247.9988	0.5570	10.873	10.312	10.193	201.79069	-47.64603
55	13 26 13.26	-47 17 57.5	55	230.7375	0.6180	11.212	10.689	10.576	201.55524	-47.29931
56	13 25 26.68	-47 36 20.3	56	226.5722	0.4695	11.135	10.587	10.479	201.36119	-47.60564
57	13 26 58.84	-47 39 14.8	57	247.1721	0.4180	10.452	9.779	9.628	201.74518	-47.65412
58	13 27 03.72	-47 18 15.7	58	220.8150	0.5750	11.099	10.541	10.402	201.76551	-47.30437
59	13 27 31.83	-47 16 55.2	59	235.2805	0.7080	11.364	10.858	10.738	201.88264	-47.28201
60	13 24 18.78	-47 45 06.7	60	237.4047	0.4974	11.340	10.809	10.672	201.07823	-47.75185
61	13 24 21.59	-47 38 39.4	61	226.0663	0.5210	11.011	10.377	10.269	201.08997	-47.64427
62	13 25 00.69	-47 28 26.3	62	239.7591	0.3041	10.879	10.249	10.105	201.25288	-47.47396
63	13 26 43.95	-47 40 53.5	63	231.9498	0.4480	10.850	10.177	10.035	201.68314	-47.68154
64	13 25 46.69	-47 22 15.6	64	236.7112	0.4880	11.077	10.481	10.371	201.44455	-47.37099
65	13 28 02.65	-47 45 57.0	65	239.4952	0.3719	11.312	10.712	10.580	202.01103	-47.76585
66	13 27 40.66	-47 23 18.8	66	233.9250	0.5360	11.170	10.576	10.442	201.91944	-47.38855
67	13 26 37.50	-47 13 26.6	67	221.8871	0.3829	11.261	10.717	10.603	201.65626	-47.22405
68	13 27 53.74	-47 24 41.9	68	232.5589	0.4280	10.608	9.932	9.820	201.97393	-47.41164
69	13 26 03.81	-47 46 39.3	69	235.7576	0.4638	11.383	10.818	10.702	201.51587	-47.77758
70	13 25 05.94	-47 20 48.4	70	236.3982	0.7090	11.620	11.106	11.016	201.27474	-47.34677
71	13 27 11.94	-47 46 38.7	71	235.2979	0.7300	11.608	11.070	10.973	201.79974	-47.77742
72	13 25 17.37	-47 41 35.6	72	238.9030	0.4979	11.574	11.028	10.963	201.32238	-47.69321
73	13 24 54.23	-47 43 53.4	73	235.7582	0.4278	11.345	10.782	10.659	201.22595	-47.73150
74	13 27 36.14	-47 18 19.6	74	232.3693	0.5000	11.184	10.559	10.464	201.90060	-47.30545
75	13 25 28.99	-47 13 12.8	75	226.5150	0.5140	11.353	10.781	10.705	201.37081	-47.22023
76	13 25 24.07	-47 39 20.4	76	238.0455	0.3920	11.444	10.872	10.787	201.35028	-47.65568
77	13 27 21.47	-47 50 55.8	77	231.1853	0.5185	11.778	11.315	11.184	201.83945	-47.84884
78	13 27 44.34	-47 25 06.9	78	252.1450	0.4590	11.239	10.599	10.488	201.93476	-47.41859
79	13 28 02.80	-47 24 12.1	79	239.5781	0.5050	11.349	10.789	10.688	202.01165	-47.40336
80	13 27 35.79	-47 43 45.9	80	237.5169	0.6540	11.747	11.237	11.101	201.89912	-47.72943
81	13 26 30.08	-47 50 17.7	81	231.0419	0.5830	11.537	11.018	10.911	201.62533	-47.83826
82	13 28 02.49	-47 38 25.2	82	233.5152	0.3610	11.418	10.848	10.719	202.01037	-47.64034
83	13 24 41.86	-47 28 29.6	83	233.0578	0.3313	11.299	10.705	10.613	201.17441	-47.47489
84	13 27 45.28	-47 46 38.1	84	241.4962	0.3729	11.523	10.958	10.810	201.93866	-47.77725
85	13 27 53.27	-47 30 26.7	85	248.6702	0.5250	11.471	10.893	10.791	201.97197	-47.50743
86	13 24 38.49	-47 36 58.5	86	238.0400	0.4410	11.533	10.947	10.890	201.16036	-47.61624
87	13 27 54.88	-47 35 17.9	87	238.4548	0.5370	11.454	10.892	10.787	201.97866	-47.58832
88	13 27 02.59	-47 38 18.3	88	240.5733	0.5400	11.579	11.025	10.906	201.76081	-47.63842
89	13 26 57.35	-47 45 56.8	89	237.7999	0.4360	11.336	10.747	10.618	201.73895	-47.76577
90	13 26 05.93	-47 12 18.2	90	229.2448	0.7890	11.881	11.406	11.278	201.52473	-47.20505
91	13 24 39.16	-47 14 01.0	91	237.5150	0.7780	11.887	11.413	11.300	201.16315	-47.23362
92	13 25 27.69	-47 34 07.5	92	245.0023	0.4240	11.363	10.779	10.646	201.36539	-47.56875
93	13 27 42.24	-47 38 45.0	93	242.9880	0.3350	11.441	10.802	10.675	201.92599	-47.64583
94	13 27 54.51	-47 17 25.3	94	225.8257	0.6400	11.781	11.312	11.190	201.97713	-47.29036
95	13 25 28.28	-47 15 38.6	95	250.5892	0.6500	11.911	11.432	11.370	201.36783	-47.26072
96	13 25 18.13	-47 19 29.4	96	234.3561	0.5680	11.712	11.166	11.118	201.32553	-47.32484
97	13 25 58.63	-47 43 35.1	97	243.1901	0.4455	11.609	11.048	10.925	201.49428	-47.72640
98	13 27 27.05	-47 09 42.1	98	235.4766	0.5010	11.544	10.975	10.886	201.86270	-47.16170
99	13 25 25.33	-47 53 45.9	99	228.1828	1.0080	12.034	11.552	11.471	201.35552	-47.89608
100	13 26 45.21	-47 38 30.6	100	229.4669	0.5460	11.557	11.020	10.912	201.68838	-47.64184
101	13 26 41.52	-47 16 21.4	101	208.8717	0.8020	11.987	11.519	11.402	201.67300	-47.27262
102	13 26 45.08	-47 47 35.4	102	246.7214	0.5390	11.697	11.115	11.030	201.68782	-47.79317
103	13 26 24.61	-47 17 13.9	103	250.9449	0.7620	12.073	11.590	11.509	201.60253	-47.28720
104	13 26 39.71	-47 49 52.0	104	231.1815	0.4740	11.639	11.055	10.967	201.66545	-47.83112
105	13 25 31.77	-47 23 20.5	105	238.3393	0.7920	12.040	11.577	11.464	201.38237	-47.38902
106	13 26 57.90	-47 09 14.3	106	239.2037	0.4104	11.979	11.514	11.393	201.74124	-47.15398
107	13 27 45.04	-47 39 41.5	107	227.0072	0.3770	11.426	10.780	10.613	201.93766	-47.66152
108	13 27 54.25	-47 22 41.0	108	238.2390	0.4070	11.500	10.908	10.763	201.97604	-47.37806
109	13 27 31.89	-47 41 20.2	109	252.8905	0.3229	11.546	10.960	10.823	201.88287	-47.68895
110	13 25 19.32	-47 35 06.8	110	237.7480	0.6140	11.798	11.239	11.141	201.33048	-47.58523
111	13 25 09.72	-47 27 18.3	111	228.0164	0.6200	11.835	11.277	11.197	201.29049	-47.45508
112	13 27 35.08	-47 45 40.2	112	227.7936	0.3941	11.850	11.277	11.187	201.89616	-47.76116
113	13 26 37.30	-47 17 33.3	113	227.4044	0.6020	11.830	11.304	11.176	201.65540	-47.29259
114	13 25 41.17	-47 38 21.1	114	231.8369	0.7340	11.859	11.358	11.199	201.42156	-47.63920
115	13 27 45.00	-47 26 02.5	115	250.6529	0.3980	11.597	11.016	10.860	201.93748	-47.43404
116	13 25 49.27	-47 40 25.6	116	232.0497	0.7210	11.929	11.393	11.252	201.45531	-47.67379
117	13 26 31.38	-47 40 47.3	117	227.3341	0.5500	10.944	10.229	10.050	201.63076	-47.67982
118	13 27 56.32	-47 33 19.6	118	236.6080	0.4790	11.858	11.312	11.166	201.98465	-47.55546
119	13 25 10.03	-47 20 31.2	119	239.1602	0.4580	11.784	11.181	11.087	201.29180	-47.34200
120	13 26 43.13	-47 43 34.6	120	253.1193	0.4130	11.567	10.935	10.842	201.67969	-47.72627
121	13 26 26.12	-47 18 51.9	121	231.9498	1.1340	12.452	12.010	11.925	201.60882	-47.31442
122	13 24 20.45	-47 19 35.0	122	227.1297	0.4090	11.843	11.221	11.077	201.08523	-47.32640
123	13 25 46.21	-47 20 38.9	123	224.0251	0.6550	12.044	11.501	11.414	201.44256	-47.34414
124	13 27 32.13	-47 50 16.0	124	223.1334	0.3713	12.049	11.500	11.392	201.88387	-47.83778
125	13 25 46.20	-47 11 18.7	125	217.8123	0.4163	12.111	11.579	11.511	201.44250	-47.18854
126	13 27 56.59	-47 28 58.4	126	232.6891	0.4570	11.886	11.322	11.176	201.98580	-47.48289
127	13 26 16.64	-47 19 58.6	127	222.2958	0.4860	11.221	10.521	10.353	201.56932	-47.33295
128	13 28 02.06	-47 29 54.3	128	226.6425	0.5040	11.993	11.471	11.331	202.00859	-47.49842
129	13 26 40.00	-47 12 59.3	129	243.4421	0.4260	12.085	11.561	11.454	201.66668	-47.21648
130	13 26 31.91	-47 18 49.3	130	225.3214	0.4010	11.715	11.089	10.942	201.63294	-47.31370
131	13 25 45.31	-47 18 28.1	131	233.6194	0.6760	12.253	11.720	11.610	201.43877	-47.30780
132	13 25 20.31	-47 14 00.1	132	219.5142	0.4310	11.963	11.394	11.249	201.33463	-47.23336
133	13 24 56.53	-47 44 28.6	133	238.3299	0.4340	11.886	11.269	11.133	201.23554	-47.74129
134	13 25 29.42	-47 18 34.9	134	247.3411	0.6940	12.241	11.720	11.628	201.37259	-47.30969
135	13 24 25.78	-47 25 16.2	135	235.0913	0.6530	12.371	11.800	11.703	201.10740	-47.42116
136	13 26 29.48	-47 16 51.5	136	226.1270	0.5530	12.087	11.534	11.434	201.62282	-47.28098
137	13 27 56.20	-47 21 26.3	137	219.4953	0.5870	12.171	11.691	11.530	201.98418	-47.35730
138	13 28 06.68	-47 28 02.8	138	251.1463	0.5830	12.239	11.705	11.632	202.02782	-47.46745
139	13 24 44.88	-47 20 46.0	139	230.8190	0.7070	12.393	11.852	11.762	201.18699	-47.34610
140	13 27 19.70	-47 46 19.6	140	227.0116	2.9010	12.684	12.215	12.130	201.83208	-47.77211
141	13 25 14.11	-47 26 36.5	141	230.5136	0.4310	11.936	11.336	11.232	201.30880	-47.44348
142	13 27 18.49	-47 15 42.5	142	221.2396	0.5270	12.243	11.676	11.618	201.82703	-47.26181
143	13 27 04.14	-47 44 15.9	143	230.6129	0.5080	12.132	11.572	11.443	201.76724	-47.73774
144	13 27 48.60	-47 31 42.4	144	255.6313	0.7080	12.517	12.040	11.938	201.95252	-47.52843
145	13 27 20.57	-47 17 54.7	145	229.8055	0.5950	12.325	11.798	11.719	201.83570	-47.29851
146	13 25 46.04	-47 15 21.9	146	225.3947	0.3739	12.239	11.718	11.598	201.44185	-47.25609
147	13 27 42.89	-47 34 19.8	147	241.5787	0.9230	12.400	11.873	11.777	201.92869	-47.57216
148	13 27 47.09	-47 43 23.4	148	231.4058	0.3589	12.218	11.585	11.490	201.94620	-47.72317
149	13 26 55.09	-47 14 48.8	149	233.8069	0.5240	12.406	11.859	11.781	201.72954	-47.24689
150	13 25 37.65	-47 16 10.9	150	223.6748	0.4805	12.411	11.891	11.778	201.40689	-47.26969
151	13 25 39.29	-47 18 33.0	151	240.2002	0.8690	12.494	12.014	11.904	201.41369	-47.30917
152	13 27 42.64	-47 12 32.8	152	241.8021	0.6710	12.399	11.854	11.790	201.92767	-47.20910
153	13 25 08.77	-47 29 21.6	153	226.3276	0.7520	12.436	11.853	11.791	201.28652	-47.48933
154	13 27 38.71	-47 32 35.2	154	241.5174	0.7110	12.438	11.927	11.819	201.91131	-47.54310
155	13 27 27.42	-47 18 21.5	155	220.3158	0.5210	12.346	11.797	11.734	201.86425	-47.30598
156	13 27 08.36	-47 13 00.3	156	229.2168	0.6330	12.397	11.901	11.785	201.78484	-47.21674
157	13 27 46.42	-47 30 25.7	157	244.5346	0.6880	12.462	11.964	11.839	201.94343	-47.50713
158	13 25 15.29	-47 39 51.3	158	241.3536	0.6250	12.390	11.862	11.741	201.31371	-47.66426
159	13 26 20.43	-47 11 47.0	159	237.4457	0.4560	12.403	11.907	11.826	201.58514	-47.19637
160	13 27 41.56	-47 15 38.5	160	236.3104	0.5330	12.388	11.831	11.745	201.92318	-47.26068
161	13 27 32.91	-47 42 00.0	161	233.3121	0.6660	12.459	11.944	11.807	201.88710	-47.70000
162	13 25 14.38	-47 51 53.4	162	240.9389	0.7170	12.462	11.911	11.842	201.30990	-47.86485
163	13 25 47.83	-47 11 16.0	163	232.3218	0.3321	12.368	11.838	11.723	201.44930	-47.18777
164	13 27 57.23	-47 29 32.3	164	246.1700	0.6590	12.474	11.931	11.846	201.98847	-47.49232
165	13 26 11.16	-47 18 40.3	165	226.2469	0.6750	12.533	12.068	11.924	201.54649	-47.31119
166	13 26 11.68	-47 46 57.3	166	237.4798	0.8730	12.449	11.926	11.835	201.54866	-47.78258
167	13 26 04.12	-47 45 14.7	167	230.5655	0.4503	12.443	11.914	11.762	201.51715	-47.75407
168	13 24 39.62	-47 21 47.9	168	238.0475	0.6180	12.519	12.046	11.911	201.16510	-47.36330
169	13 25 12.22	-47 36 08.8	169	228.9487	0.9240	12.430	11.901	11.806	201.30091	-47.60245
170	13 27 06.74	-47 12 04.1	170	232.5410	0.6790	12.426	11.929	11.827	201.77807	-47.20115
171	13 25 52.54	-47 41 13.4	171	231.5291	0.8110	12.500	11.972	11.899	201.46894	-47.68707
172	13 25 36.44	-47 45 31.7	172	231.9963	0.8520	12.481	11.989	11.896	201.40183	-47.75880
173	13 27 58.26	-47 27 20.6	173	236.4063	0.3927	12.434	11.941	11.809	201.99275	-47.45573
174	13 25 34.64	-47 44 32.7	174	237.2960	1.0300	12.595	12.152	12.011	201.39433	-47.74241
175	13 25 38.90	-47 37 51.8	175	227.5394	0.7540	12.548	12.013	11.914	201.41210	-47.63106
176	13 25 13.54	-47 20 39.5	176	220.3236	0.6180	12.568	12.026	11.983	201.30642	-47.34432
177	13 25 14.91	-47 24 45.1	177	220.4521	0.5370	12.560	12.018	11.942	201.31213	-47.41254
178	13 26 48.62	-47 15 18.9	178	229.5484	0.6320	12.627	12.110	12.030	201.70258	-47.25526
179	13 27 54.82	-47 35 40.7	179	244.7271	0.5750	12.516	11.956	11.894	201.97841	-47.59465
180	13 25 06.14	-47 29 51.4	180	227.9729	0.8370	12.582	12.024	11.980	201.27557	-47.49761
181	13 27 58.49	-47 30 27.2	181	226.0788	0.4987	12.455	11.958	11.833	201.99372	-47.50756
182	13 26 00.83	-47 42 54.7	182	233.9139	0.8570	12.504	11.982	11.891	201.50344	-47.71521
183	13 26 25.60	-47 44 53.2	183	239.8965	0.6430	12.586	12.036	11.940	201.60665	-47.74810
184	13 27 45.50	-47 15 44.0	184	231.4053	0.6460	12.588	12.023	11.947	201.93957	-47.26222
185	13 25 51.63	-47 15 18.2	185	230.4595	0.4224	12.509	12.031	11.903	201.46513	-47.25504
186	13 24 34.11	-47 28 45.1	186	229.8411	0.5111	12.597	12.113	11.956	201.14214	-47.47919
187	13 27 26.44	-47 43 53.2	187	242.8771	0.6810	12.643	12.130	12.021	201.86016	-47.73146
188	13 27 56.79	-47 29 43.9	188	244.9752	0.6540	12.560	12.042	11.958	201.98663	-47.49553
189	13 26 36.15	-47 51 43.7	189	230.5748	0.6000	12.620	12.107	12.031	201.65062	-47.86214
190	13 25 03.18	-47 42 35.0	190	239.0611	0.5211	12.658	12.108	12.038	201.26327	-47.70971
191	13 27 53.94	-47 44 26.5	191	236.9861	0.8410	12.692	12.154	12.050	201.97475	-47.74071
192	13 25 12.57	-47 34 29.3	192	245.3196	0.6650	12.573	12.046	11.954	201.30237	-47.57479
193	13 24 50.55	-47 25 39.8	193	229.3060	0.4716	12.599	12.118	11.986	201.21061	-47.42772
194	13 25 09.31	-47 30 33.6	194	223.5112	0.7590	12.615	12.104	12.013	201.28879	-47.50935
195	13 27 22.35	-47 46 42.1	195	238.3722	0.8220	12.738	12.220	12.108	201.84312	-47.77836
196	13 24 50.47	-47 32 42.8	196	231.7806	0.6280	12.605	12.090	11.983	201.21031	-47.54523
197	13 24 17.08	-47 13 15.3	197	242.0786	0.5000	12.687	12.110	12.007	201.07117	-47.22091
198	13 25 00.72	-47 19 50.3	198	242.8510	0.7130	12.611	12.107	12.011	201.25301	-47.33064
199	13 25 30.54	-47 48 05.0	199	236.9553	0.7090	12.560	11.982	11.923	201.37726	-47.80139
200	13 25 51.89	-47 15 34.8	200	244.1174	0.4695	12.609	12.091	12.003	201.46622	-47.25967
201	13 28 03.47	-47 17 59.4	201	241.0585	0.5450	12.641	12.104	12.004	202.01444	-47.29985
202	13 25 55.63	-47 15 37.5	202	228.8735	0.5760	12.603	12.105	12.001	201.48180	-47.26042
203	13 27 05.88	-47 11 14.0	203	230.0092	0.4260	12.606	12.069	11.967	201.77449	-47.18723
204	13 26 33.00	-47 13 02.9	204	238.9500	0.4409	12.614	12.082	11.978	201.63748	-47.21747
205	13 25 52.99	-47 13 06.9	205	228.0885	0.6740	12.755	12.303	12.172	201.47077	-47.21860
206	13 27 45.13	-47 37 45.5	206	246.9313	0.6230	12.633	12.079	12.018	201.93803	-47.62930
207	13 26 16.25	-47 42 12.4	207	233.3790	0.6180	12.665	12.120	12.016	201.56772	-47.70346
208	13 25 27.73	-47 24 45.6	208	230.3299	0.6130	12.556	12.036	11.914	201.36554	-47.41266
209	13 26 13.10	-47 12 50.7	209	230.3594	0.5260	12.580	12.061	11.958	201.55459	-47.21407
210	13 27 50.40	-47 15 42.8	210	221.7834	0.5970	12.452	11.943	11.853	201.96001	-47.26188
211	13 28 00.54	-47 31 44.8	211	239.0603	0.4440	12.539	11.961	11.885	202.00223	-47.52912
212	13 27 11.36	-47 45 30.0	212	232.6042	0.7910	12.878	12.412	12.274	201.79732	-47.75833
213	13 26 11.79	-47 14 16.9	213	243.3944	0.3730	12.647	12.117	11.981	201.54913	-47.23804
214	13 25 21.22	-47 44 03.8	214	241.8422	0.7480	12.839	12.355	12.231	201.33842	-47.73438
215	13 24 31.08	-47 30 09.3	215	241.1067	0.9250	13.073	12.578	12.455	201.12949	-47.50257
216	13 24 32.95	-47 21 54.1	216	234.2950	0.8410	13.133	12.664	12.549	201.13731	-47.36502
217	13 24 38.99	-47 15 53.1	217	223.7339	0.8560	13.110	12.634	12.552	201.16246	-47.26474
218	13 26 59.63	-47 44 00.3	218	228.0482	1.1440	13.212	12.723	12.658	201.74844	-47.73340
219	13 25 41.34	-47 23 29.5	219	229.7881	0.4270	12.628	12.019	11.921	201.42225	-47.39152
220	13 26 29.43	-47 13 17.8	220	243.3320	0.7380	13.023	12.506	12.397	201.62262	-47.22160
221	13 25 12.25	-47 19 12.5	221	224.3561	0.4530	13.078	12.577	12.473	201.30106	-47.32014
222	13 27 36.99	-47 12 22.1	222	228.4093	0.5720	13.107	12.548	12.454	201.90411	-47.20615
223	13 25 32.35	-47 43 21.2	223	244.3240	1.1230	13.362	12.836	12.728	201.38479	-47.72254
224	13 26 47.18	-47 44 46.5	224	238.6253	1.1170	13.528	13.063	12.960	201.69657	-47.74624
225	13 25 46.07	-47 46 45.2	225	233.4708	1.3370	13.558	13.059	12.947	201.44196	-47.77922
226	13 24 22.07	-47 32 22.2	226	220.9240	0.6710	13.551	13.005	12.913	201.09197	-47.53949
227	13 28 39.95	-47 26 32.5	227	231.7099	0.9970	8.823	8.051	7.834	202.16648	-47.44236
228	13 25 50.95	-47 02 53.0	228	227.1539	0.4730	8.843	8.083	7.885	201.46231	-47.04806
229	13 28 33.84	-47 32 05.1	229	242.9303	0.3334	8.845	8.082	7.833	202.14101	-47.53475
230	13 28 16.92	-47 29 55.7	230	242.3567	0.3693	9.023	8.352	8.165	202.07051	-47.49880
231	13 26 04.07	-47 07 29.3	231	239.5208	0.4410	9.288	8.551	8.420	201.51695	-47.12479
232	13 28 13.60	-47 24 23.2	232	231.4254	0.3829	9.411	8.668	8.413	202.05665	-47.40645
233	13 28 19.69	-47 24 55.2	233	235.4453	0.7290	9.911	9.106	8.852	202.08202	-47.41533
234	13 25 58.15	-47 08 19.1	234	233.9847	0.4310	10.136	9.511	9.362	201.49228	-47.13864
235	13 28 26.60	-47 23 15.1	235	245.7997	0.4250	10.293	9.637	9.474	202.11084	-47.38752
236	13 21 21.56	-47 16 56.3	236	282.8866	0.3623	10.320	9.670	9.534	200.33982	-47.28230
237	13 28 32.14	-47 34 17.1	237	241.5305	0.3762	10.655	10.039	9.939	202.13394	-47.57142
238	13 28 51.06	-47 31 34.3	238	240.1799	0.3755	10.812	10.199	10.133	202.21274	-47.52620
239	13 28 43.07	-47 29 02.9	239	233.8839	0.5120	10.898	10.314	10.182	202.17945	-47.48413
240	13 28 45.63	-47 39 05.7	240	223.2026	0.4043	10.907	10.335	10.200	202.19012	-47.65157
241	13 27 31.80	-47 58 07.8	241	236.5582	0.4003	10.957	10.378	10.291	201.88249	-47.96883
242	13 28 35.62	-47 25 57.8	242	238.8471	0.2940	10.971	10.287	10.086	202.14844	-47.43273
243	13 28 38.57	-47 38 47.1	243	243.8816	0.4850	10.979	10.402	10.252	202.16069	-47.64642
244	13 25 58.40	-47 08 56.5	244	234.4154	0.5800	10.984	10.416	10.334	201.49335	-47.14902
245	13 28 16.73	-47 16 45.9	245	219.7747	0.5590	11.094	10.526	10.399	202.06971	-47.27942
246	13 29 21.25	-47 26 26.2	246	239.4233	0.3390	11.175	10.604	10.458	202.33853	-47.44062
247	13 27 31.14	-47 58 56.7	247	227.9845	0.4702	11.202	10.657	10.539	201.87974	-47.98241
248	13 33 07.41	-48 03 49.8	248	210.1327	0.4660	11.264	10.721	10.594	203.28089	-48.06382
249	13 27 58.32	-48 10 14.0	249	228.3429	0.3521	11.278	10.714	10.568	201.99299	-48.17056
250	13 26 33.03	-48 24 13.1	250	238.2170	0.3513	11.305	10.720	10.614	201.63763	-48.40364
251	13 28 37.17	-47 38 52.2	251	223.0685	0.3740	11.383	10.883	10.729	202.15489	-47.64784
252	13 28 56.65	-47 10 20.8	252	245.9600	0.4660	11.404	10.808	10.684	202.23604	-47.17244
253	13 28 19.02	-47 31 51.7	253	247.0070	0.3200	11.455	10.760	10.626	202.07923	-47.53102
254	13 24 59.45	-47 07 09.3	254	221.4615	0.5570	11.473	10.896	10.819	201.24772	-47.11925
255	13 28 28.29	-47 27 42.6	255	228.5893	0.5071	11.613	11.081	11.011	202.11787	-47.46182
256	13 27 33.95	-47 55 21.5	256	241.1780	0.2436	11.642	11.026	10.925	201.89145	-47.92263
257	13 28 20.57	-47 23 42.7	257	233.0706	0.7260	11.644	11.101	11.044	202.08569	-47.39519
258	13 28 40.40	-47 30 22.4	258	226.7388	0.3999	11.780	11.236	11.122	202.16833	-47.50622
259	13 28 38.99	-47 21 32.7	259	234.2784	0.4450	11.859	11.244	11.144	202.16247	-47.35909
260	13 29 38.14	-47 42 27.4	260	221.7131	0.2557	11.869	11.314	11.187	202.40892	-47.70762
261	13 26 39.94	-47 07 15.4	261	225.6181	0.5197	11.894	11.430	11.300	201.66643	-47.12095
262	13 28 30.05	-47 27 22.5	262	241.3754	0.3214	11.912	11.280	11.205	202.12520	-47.45626
263	13 27 23.95	-46 58 02.8	263	233.1732	0.5740	11.918	11.376	11.278	201.84980	-46.96745
264	13 27 24.20	-47 07 32.1	264	225.1621	0.4410	11.932	11.381	11.259	201.85081	-47.12558
265	13 28 25.94	-47 21 07.9	265	224.4095	0.5620	11.947	11.430	11.318	202.10807	-47.35219
266	13 28 15.20	-47 34 15.6	266	231.0425	0.4170	11.981	11.340	11.230	202.06332	-47.57100
267	13 28 39.15	-47 33 23.1	267	244.8240	0.6240	11.982	11.449	11.343	202.16314	-47.55641
268	13 26 33.81	-47 58 17.4	268	230.5085	0.5770	12.055	11.479	11.366	201.64086	-47.97149
269	13 26 01.98	-47 08 32.5	269	227.4276	0.7840	12.086	11.617	11.511	201.50827	-47.14236
270	13 24 03.54	-46 32 06.0	270	263.9927	0.6310	12.117	11.514	11.436	201.01475	-46.53499
271	13 28 31.45	-47 30 40.7	271	232.3941	0.6060	12.118	11.600	11.519	202.13104	-47.51131
272	13 28 24.29	-47 27 23.7	272	223.2757	0.6050	12.123	11.571	11.507	202.10121	-47.45658
273	13 29 17.65	-47 15 18.6	273	232.8696	0.6400	12.145	11.606	11.517	202.32354	-47.25515
274	13 29 11.58	-47 35 27.9	274	232.8511	0.5820	12.190	11.632	11.510	202.29823	-47.59107
275	13 26 17.26	-47 02 56.2	275	231.6408	0.4448	12.266	11.782	11.643	201.57193	-47.04894
276	13 28 33.17	-47 21 59.0	276	241.6463	0.5250	12.286	11.721	11.634	202.13820	-47.36638
277	13 27 50.57	-47 05 54.0	277	236.1678	0.4940	12.307	11.835	11.688	201.96072	-47.09832
278	13 28 35.98	-47 43 36.1	278	238.6164	0.2743	12.318	11.762	11.641	202.14992	-47.72669
279	13 29 34.60	-47 36 31.4	279	238.0411	0.6970	12.334	11.813	11.669	202.39416	-47.60873
280	13 26 47.58	-46 53 04.1	280	231.3401	0.6860	12.353	11.833	11.727	201.69827	-46.88446
281	13 28 24.21	-47 05 19.7	281	221.8254	0.4670	12.366	11.823	11.710	202.10088	-47.08881
282	13 28 16.61	-47 13 35.8	282	228.5199	0.6690	12.389	11.876	11.789	202.06922	-47.22661
283	13 29 01.39	-47 43 17.5	283	234.0980	0.4204	12.402	11.875	11.781	202.25581	-47.72152
284	13 28 31.49	-47 38 53.9	284	228.5078	0.2756	12.408	11.830	11.711	202.13119	-47.64832
285	13 29 22.28	-47 51 35.6	285	239.7821	0.6670	12.418	11.911	11.850	202.34285	-47.85990
286	13 28 15.36	-47 21 53.0	286	222.6016	0.5950	12.426	11.930	11.804	202.06399	-47.36471
287	13 30 07.35	-46 51 39.0	287	197.4056	0.3660	12.434	11.906	11.849	202.53061	-46.86083
288	13 27 49.98	-47 07 26.6	288	242.7770	0.5860	12.441	11.944	11.807	201.95824	-47.12406
289	13 28 15.47	-48 03 07.0	289	283.9103	0.4240	12.454	11.846	11.765	202.06448	-48.05195
290	13 26 19.29	-46 50 32.8	290	229.5749	0.6660	12.476	11.980	11.889	201.58037	-46.84246
291	13 28 27.39	-47 28 43.2	291	232.4519	0.5250	12.477	11.937	11.797	202.11413	-47.47865
292	13 28 30.85	-47 23 10.4	292	243.7916	0.6360	12.502	11.958	11.885	202.12855	-47.38622
293	13 28 51.04	-47 41 55.0	293	235.2337	0.3500	12.507	11.921	11.838	202.21268	-47.69860
294	13 29 07.12	-47 27 48.6	294	237.3280	0.4388	12.514	12.050	11.927	202.27968	-47.46351
295	13 28 42.65	-47 21 13.6	295	233.9450	0.4900	12.542	12.014	11.900	202.17772	-47.35378
296	13 28 17.92	-47 28 36.4	296	232.9285	0.7580	12.545	12.041	11.930	202.07467	-47.47677
297	13 28 22.04	-47 30 04.1	297	239.0335	0.4270	12.546	12.066	11.894	202.09185	-47.50113
298	13 28 20.70	-47 37 32.1	298	250.9274	0.3184	12.554	11.993	11.884	202.08624	-47.62558
299	13 27 11.18	-47 02 31.0	299	230.9391	0.4518	12.560	12.060	11.932	201.79658	-47.04195
300	13 26 02.90	-46 59 15.1	300	227.4550	0.6930	12.594	12.081	11.941	201.51207	-46.98754
301	13 26 53.06	-47 03 18.7	301	234.8823	0.7361	12.607	12.206	12.086	201.72107	-47.05519
302	13 26 12.82	-47 56 25.8	302	227.2192	0.8380	12.642	12.176	12.071	201.55343	-47.94051
303	13 25 34.34	-47 09 09.6	303	218.8114	0.4467	12.643	12.117	12.014	201.39310	-47.15265
304	13 26 56.18	-48 08 30.5	304	246.1151	0.4975	12.781	12.280	12.150	201.73408	-48.14182
305	13 30 58.50	-46 52 42.2	305	240.8032	0.2890	12.978	12.386	12.284	202.74373	-46.87838
306	13 28 50.54	-47 40 34.6	306	234.6658	0.8110	13.044	12.533	12.445	202.21058	-47.67627
307	13 27 53.48	-47 02 47.4	307	229.0771	0.5350	13.051	12.527	12.476	201.97284	-47.04649
308	13 26 56.00	-47 08 13.8	308	229.2278	0.5730	13.113	12.643	12.505	201.73335	-47.13716
309	13 28 25.36	-47 09 35.5	309	224.3763	0.4880	13.123	12.567	12.531	202.10566	-47.15986
310	13 26 48.00	-48 11 25.6	310	238.3694	0.6033	13.220	12.707	12.676	201.69999	-48.19044
311	13 27 58.24	-47 00 53.8	311	226.4656	0.7070	13.226	12.716	12.624	201.99267	-47.01494
312	13 29 28.49	-47 37 59.3	312	221.8806	0.9130	13.267	12.794	12.645	202.36873	-47.63315
313	13 21 15.37	-46 58 13.4	313	285.2500	0.5660	13.295	12.742	12.692	200.31402	-46.97038
314	13 25 34.88	-47 08 28.7	314	221.8675	0.7860	13.312	12.835	12.755	201.39534	-47.14131
315	13 28 22.18	-47 30 19.6	315	244.3608	0.5400	13.325	12.830	12.717	202.09243	-47.50543
316	13 26 59.07	-48 02 22.0	316	228.2410	0.8470	13.392	12.873	12.835	201.74614	-48.03944
317	13 28 25.17	-47 27 12.2	317	245.2774	0.9930	13.424	12.919	12.866	202.10487	-47.45338
318	13 26 42.42	-47 01 49.3	318	233.8529	0.9690	13.539	13.087	12.997	201.67674	-47.03036