NOAO/IRAF V2.16.1 juan@juan-UX303LA Sat 23:11:42 30-Jan-2016
Sensitivity function for aperture 1:
Fitting function is spline3 of order 20 with 21 points and RMS of 0.0099.
       Image Airmass  Points   Shift RMS Fit   Dev 1   Dev 2   Dev 3
   w.cluster   1.225      21  0.0000  0.0097  0.0012 -0.0017  0.0005

  Lambda     Fit     Avg   Resid  SD Avg     N     Ext    Dext
 7800.00  37.791  37.791  0.0000  0.0000     1  0.0490  0.0000
 7850.00  37.774  37.774  0.0001  0.0000     1  0.0494  0.0000
 7900.00  37.804  37.802 -0.0022  0.0000     1  0.0503  0.0000
 7950.00  37.858  37.867  0.0089  0.0000     1  0.0513  0.0000
 8000.00  37.865  37.849 -0.0157  0.0000     1  0.0522  0.0000
 8050.00  37.861  37.871  0.0100  0.0000     1  0.0528  0.0000
 8100.00  37.854  37.861  0.0069  0.0000     1  0.0530  0.0000
 8150.00  37.809  37.791 -0.0182  0.0000     1  0.0529  0.0000
 8200.00  37.758  37.775  0.0170  0.0000     1  0.0527  0.0000
 8250.00  37.762  37.756 -0.0058  0.0000     1  0.0524  0.0000
 8300.00  37.791  37.779 -0.0120  0.0000     1  0.0517  0.0000
 8350.00  37.791  37.812  0.0217  0.0000     1  0.0506  0.0000
 8400.00  37.777  37.766 -0.0116  0.0000     1  0.0488  0.0000
 8450.00  37.777  37.775 -0.0027  0.0000     1  0.0460  0.0000
 8500.00  37.771  37.774  0.0030  0.0000     1  0.0427  0.0000
 8550.00  37.742  37.747  0.0045  0.0000     1  0.0392  0.0000
 8600.00  37.707  37.701 -0.0067  0.0000     1  0.0358  0.0000
 8650.00  37.676  37.680  0.0034  0.0000     1  0.0328  0.0000
 8700.00  37.646  37.646 -0.0007  0.0000     1  0.0303  0.0000
 8750.00  37.631  37.631  0.0000  0.0000     1  0.0286  0.0000
 8800.00  37.647  37.647  0.0000  0.0000     1  0.0275  0.0000

