7785.14795084499  4.144700E-14	 4.144700E-15	0
7785.69294792637  4.333599E-14   4.333599E-15   0
7786.23794500776  4.274345E-14   4.274345E-15   0
7786.78294208914  4.098328E-14   4.098328E-15   0
7787.32793917052  4.214646E-14   4.214646E-15   0
7787.8729362519  4.110025E-14   4.110025E-15    0
7788.41793333328  4.188332E-14   4.188332E-15   0
7788.96293041467  4.134269E-14   4.134269E-15   0
7789.50792749605  4.125505E-14   4.125505E-15   0
7790.05292457743  4.249050E-14   4.249050E-15   0
7790.59792165881  4.181582E-14   4.181582E-15   0
7791.14291874019  4.096483E-14   4.096483E-15   0
7791.68791582157  3.990196E-14   3.990196E-15   0
7792.23291290295  3.851869E-14   3.851869E-15   0
7792.77790998434  3.780031E-14   3.780031E-15   0
7793.32290706572  3.880900E-14   3.880900E-15   0
7793.8679041471  3.829284E-14   3.829284E-15    0
7794.41290122848  3.830097E-14   3.830097E-15   0
7794.95789830986  3.932369E-14   3.932369E-15   0
7795.50289539124  3.774725E-14   3.774725E-15   0
7796.04789247262  3.762320E-14   3.762320E-15   0
7796.59288955401  3.859526E-14   3.859526E-15   0
7797.13788663539  3.897925E-14   3.897925E-15   0
7797.68288371677  3.920542E-14   3.920542E-15   0
7798.22788079815  3.823951E-14   3.823951E-15   0
7798.77287787953  3.814940E-14   3.814940E-15   0
7799.31787496091  3.820148E-14   3.820148E-15   0
7799.8628720423  3.825192E-14   3.825192E-15    0
7800.40786912368  3.922549E-14   3.922549E-15   0
7800.95286620506  3.968684E-14   3.968684E-15   0
7801.49786328644  3.959688E-14   3.959688E-15   0
7802.04286036782  3.742947E-14   3.742947E-15   0
7802.5878574492  3.765507E-14   3.765507E-15    0
7803.13285453058  3.809934E-14   3.809934E-15   0
7803.67785161197  3.794111E-14   3.794111E-15   0
7804.22284869335  3.838897E-14   3.838897E-15   0
7804.76784577473  3.790089E-14   3.790089E-15   0
7805.31284285611  3.742969E-14   3.742969E-15   0
7805.85783993749  3.774333E-14   3.774333E-15   0
7806.40283701888  3.763127E-14   3.763127E-15   0
7806.94783410026  3.766062E-14   3.766062E-15   0
7807.49283118164  3.664769E-14   3.664769E-15   0
7808.03782826302  3.575505E-14   3.575505E-15   0
7808.5828253444  3.556740E-14   3.556740E-15    0
7809.12782242578  3.692809E-14   3.692809E-15   0
7809.67281950716  3.731845E-14   3.731845E-15   0
7810.21781658855  3.686555E-14   3.686555E-15   0
7810.76281366993  3.714793E-14   3.714793E-15   0
7811.30781075131  3.631325E-14   3.631325E-15   0
7811.85280783269  3.634189E-14   3.634189E-15   0
7812.39780491407  3.757252E-14   3.757252E-15   0
7812.94280199545  3.598978E-14   3.598978E-15   0
7813.48779907684  3.629433E-14   3.629433E-15   0
7814.03279615822  3.612064E-14   3.612064E-15   0
7814.5777932396  3.727396E-14   3.727396E-15    0
7815.12279032098  3.703037E-14   3.703037E-15   0
7815.66778740236  3.717452E-14   3.717452E-15   0
7816.21278448374  3.671313E-14   3.671313E-15   0
7816.75778156512  3.783455E-14   3.783455E-15   0
7817.30277864651  3.854762E-14   3.854762E-15   0
7817.84777572789  3.790056E-14   3.790056E-15   0
7818.39277280927  3.767074E-14   3.767074E-15   0
7818.93776989065  3.769565E-14   3.769565E-15   0
7819.48276697203  3.728191E-14   3.728191E-15   0
7820.02776405342  3.674654E-14   3.674654E-15   0
7820.5727611348  3.639819E-14   3.639819E-15    0
7821.11775821618  3.586406E-14   3.586406E-15   0
7821.66275529756  3.502917E-14   3.502917E-15   0
7822.20775237894  3.544412E-14   3.544412E-15   0
7822.75274946032  3.591824E-14   3.591824E-15   0
7823.2977465417  3.588487E-14   3.588487E-15    0
7823.84274362309  3.579092E-14   3.579092E-15   0
7824.38774070447  3.543990E-14   3.543990E-15   0
7824.93273778585  3.657850E-14   3.657850E-15   0
7825.47773486723  3.678010E-14   3.678010E-15   0
7826.02273194861  3.681111E-14   3.681111E-15   0
7826.56772902999  3.727053E-14   3.727053E-15   0
7827.11272611138  3.608067E-14   3.608067E-15   0
7827.65772319276  3.732843E-14   3.732843E-15   0
7828.20272027414  3.802096E-14   3.802096E-15   0
7828.74771735552  3.717350E-14   3.717350E-15   0
7829.2927144369  3.690558E-14   3.690558E-15    0
7829.83771151828  3.648472E-14   3.648472E-15   0
7830.38270859966  3.680039E-14   3.680039E-15   0
7830.92770568105  3.768770E-14   3.768770E-15   0
7831.47270276243  3.770110E-14   3.770110E-15   0
7832.01769984381  3.711039E-14   3.711039E-15   0
7832.56269692519  3.628283E-14   3.628283E-15   0
7833.10769400657  3.621039E-14   3.621039E-15   0
7833.65269108795  3.661675E-14   3.661675E-15   0
7834.19768816933  3.637392E-14   3.637392E-15   0
7834.74268525072  3.665748E-14   3.665748E-15   0
7835.2876823321  3.755032E-14   3.755032E-15    0
7835.83267941348  3.766530E-14   3.766530E-15   0
7836.37767649486  3.708210E-14   3.708210E-15   0
7836.92267357624  3.767738E-14   3.767738E-15   0
7837.46767065762  3.824224E-14   3.824224E-15   0
7838.01266773901  3.656372E-14   3.656372E-15   0
7838.55766482039  3.731602E-14   3.731602E-15   0
7839.10266190177  3.753688E-14   3.753688E-15   0
7839.64765898315  3.691657E-14   3.691657E-15   0
7840.19265606453  3.671188E-14   3.671188E-15   0
7840.73765314591  3.633399E-14   3.633399E-15   0
7841.2826502273  3.701586E-14   3.701586E-15    0
7841.82764730868  3.792646E-14   3.792646E-15   0
7842.37264439006  3.739652E-14   3.739652E-15   0
7842.91764147144  3.744695E-14   3.744695E-15   0
7843.46263855282  3.698536E-14   3.698536E-15   0
7844.0076356342  3.751452E-14   3.751452E-15    0
7844.55263271559  3.846810E-14   3.846810E-15   0
7845.09762979697  3.831938E-14   3.831938E-15   0
7845.64262687835  3.784047E-14   3.784047E-15   0
7846.18762395973  3.858485E-14   3.858485E-15   0
7846.73262104111  3.790562E-14   3.790562E-15   0
7847.27761812249  3.740223E-14   3.740223E-15   0
7847.82261520387  3.803573E-14   3.803573E-15   0
7848.36761228526  3.846887E-14   3.846887E-15   0
7848.91260936664  3.797276E-14   3.797276E-15   0
7849.45760644802  3.791597E-14   3.791597E-15   0
7850.0026035294  3.873843E-14   3.873843E-15    0
7850.54760061078  3.866166E-14   3.866166E-15   0
7851.09259769216  4.054856E-14   4.054856E-15   0
7851.63759477354  3.968029E-14   3.968029E-15   0
7852.18259185493  3.727930E-14   3.727930E-15   0
7852.72758893631  3.647287E-14   3.647287E-15   0
7853.27258601769  3.662405E-14   3.662405E-15   0
7853.81758309907  3.552994E-14   3.552994E-15   0
7854.36258018045  3.679534E-14   3.679534E-15   0
7854.90757726184  3.674077E-14   3.674077E-15   0
7855.45257434322  3.509568E-14   3.509568E-15   0
7855.9975714246  3.530434E-14   3.530434E-15    0
7856.54256850598  3.650538E-14   3.650538E-15   0
7857.08756558736  3.653444E-14   3.653444E-15   0
7857.63256266874  3.605540E-14   3.605540E-15   0
7858.17755975013  3.731405E-14   3.731405E-15   0
7858.72255683151  3.811814E-14   3.811814E-15   0
7859.26755391289  3.748267E-14   3.748267E-15   0
7859.81255099427  3.738851E-14   3.738851E-15   0
7860.35754807565  3.767890E-14   3.767890E-15   0
7860.90254515703  3.751537E-14   3.751537E-15   0
7861.44754223841  3.689199E-14   3.689199E-15   0
7861.9925393198  3.636059E-14   3.636059E-15    0
7862.53753640118  3.649718E-14   3.649718E-15   0
7863.08253348256  3.624663E-14   3.624663E-15   0
7863.62753056394  3.548791E-14   3.548791E-15   0
7864.17252764532  3.656279E-14   3.656279E-15   0
7864.7175247267  3.820025E-14   3.820025E-15    0
7865.26252180808  3.842116E-14   3.842116E-15   0
7865.80751888947  3.879840E-14   3.879840E-15   0
7866.35251597085  3.779199E-14   3.779199E-15   0
7866.89751305223  3.713068E-14   3.713068E-15   0
7867.44251013361  3.760268E-14   3.760268E-15   0
7867.98750721499  3.672591E-14   3.672591E-15   0
7868.53250429637  3.885153E-14   3.885153E-15   0
7869.07750137776  3.942632E-14   3.942632E-15   0
7869.62249845914  3.881779E-14   3.881779E-15   0
7870.16749554052  3.786654E-14   3.786654E-15   0
7870.7124926219  3.715488E-14   3.715488E-15    0
7871.25748970328  3.643993E-14   3.643993E-15   0
7871.80248678466  3.701031E-14   3.701031E-15   0
7872.34748386605  3.764342E-14   3.764342E-15   0
7872.89248094743  3.716745E-14   3.716745E-15   0
7873.43747802881  3.704724E-14   3.704724E-15   0
7873.98247511019  3.622157E-14   3.622157E-15   0
7874.52747219157  3.758500E-14   3.758500E-15   0
7875.07246927295  3.892184E-14   3.892184E-15   0
7875.61746635434  3.705851E-14   3.705851E-15   0
7876.16246343572  3.844431E-14   3.844431E-15   0
7876.7074605171  3.782813E-14   3.782813E-15    0
7877.25245759848  3.705870E-14   3.705870E-15   0
7877.79745467986  3.737588E-14   3.737588E-15   0
7878.34245176124  3.658889E-14   3.658889E-15   0
7878.88744884262  3.595829E-14   3.595829E-15   0
7879.43244592401  3.565004E-14   3.565004E-15   0
7879.97744300539  3.631376E-14   3.631376E-15   0
7880.52244008677  3.772318E-14   3.772318E-15   0
7881.06743716815  3.699080E-14   3.699080E-15   0
7881.61243424953  3.615164E-14   3.615164E-15   0
7882.15743133091  3.725786E-14   3.725786E-15   0
7882.7024284123  3.611482E-14   3.611482E-15    0
7883.24742549368  3.455936E-14   3.455936E-15   0
7883.79242257506  3.538202E-14   3.538202E-15   0
7884.33741965644  3.611039E-14   3.611039E-15   0
7884.88241673782  3.783104E-14   3.783104E-15   0
7885.4274138192  3.728597E-14   3.728597E-15    0
7885.97241090058  3.653038E-14   3.653038E-15   0
7886.51740798197  3.708260E-14   3.708260E-15   0
7887.06240506335  3.803201E-14   3.803201E-15   0
7887.60740214473  3.762727E-14   3.762727E-15   0
7888.15239922611  3.655581E-14   3.655581E-15   0
7888.69739630749  3.657509E-14   3.657509E-15   0
7889.24239338888  3.700360E-14   3.700360E-15   0
7889.78739047026  3.660444E-14   3.660444E-15   0
7890.33238755164  3.597620E-14   3.597620E-15   0
7890.87738463302  3.565761E-14   3.565761E-15   0
7891.4223817144  3.517376E-14   3.517376E-15    0
7891.96737879578  3.636673E-14   3.636673E-15   0
7892.51237587717  3.633583E-14   3.633583E-15   0
7893.05737295855  3.504717E-14   3.504717E-15   0
7893.60237003993  3.541741E-14   3.541741E-15   0
7894.14736712131  3.681612E-14   3.681612E-15   0
7894.69236420269  3.743411E-14   3.743411E-15   0
7895.23736128407  3.762903E-14   3.762903E-15   0
7895.78235836545  3.726617E-14   3.726617E-15   0
7896.32735544684  3.722381E-14   3.722381E-15   0
7896.87235252822  3.746972E-14   3.746972E-15   0
7897.4173496096  3.716809E-14   3.716809E-15    0
7897.96234669098  3.748706E-14   3.748706E-15   0
7898.50734377236  3.744373E-14   3.744373E-15   0
7899.05234085374  3.592845E-14   3.592845E-15   0
7899.59733793513  3.637880E-14   3.637880E-15   0
7900.14233501651  3.761182E-14   3.761182E-15   0
7900.68733209789  3.719507E-14   3.719507E-15   0
7901.23232917927  3.604711E-14   3.604711E-15   0
7901.77732626065  3.642526E-14   3.642526E-15   0
7902.32232334203  3.614286E-14   3.614286E-15   0
7902.86732042341  3.677703E-14   3.677703E-15   0
7903.4123175048  3.747960E-14   3.747960E-15    0
7903.95731458618  3.753942E-14   3.753942E-15   0
7904.50231166756  3.715375E-14   3.715375E-15   0
7905.04730874894  3.712942E-14   3.712942E-15   0
7905.59230583032  3.780341E-14   3.780341E-15   0
7906.13730291171  3.735534E-14   3.735534E-15   0
7906.68229999308  3.578717E-14   3.578717E-15   0
7907.22729707447  3.576515E-14   3.576515E-15   0
7907.77229415585  3.659936E-14   3.659936E-15   0
7908.31729123723  3.686213E-14   3.686213E-15   0
7908.86228831861  3.911472E-14   3.911472E-15   0
7909.40728539999  3.902137E-14   3.902137E-15   0
7909.95228248138  3.792747E-14   3.792747E-15   0
7910.49727956276  3.958670E-14   3.958670E-15   0
7911.04227664414  3.955992E-14   3.955992E-15   0
7911.58727372552  3.866557E-14   3.866557E-15   0
7912.1322708069  3.858125E-14   3.858125E-15    0
7912.67726788828  3.814776E-14   3.814776E-15   0
7913.22226496966  3.736511E-14   3.736511E-15   0
7913.76726205105  3.598414E-14   3.598414E-15   0
7914.31225913243  3.550127E-14   3.550127E-15   0
7914.85725621381  3.686016E-14   3.686016E-15   0
7915.40225329519  3.717475E-14   3.717475E-15   0
7915.94725037657  3.604230E-14   3.604230E-15   0
7916.49224745795  3.543888E-14   3.543888E-15   0
7917.03724453934  3.649599E-14   3.649599E-15   0
7917.58224162072  3.719660E-14   3.719660E-15   0
7918.1272387021  3.869718E-14   3.869718E-15    0
7918.67223578348  3.764228E-14   3.764228E-15   0
7919.21723286486  3.794895E-14   3.794895E-15   0
7919.76222994624  3.840817E-14   3.840817E-15   0
7920.30722702762  3.807730E-14   3.807730E-15   0
7920.85222410901  3.823890E-14   3.823890E-15   0
7921.39722119039  3.754743E-14   3.754743E-15   0
7921.94221827177  3.626480E-14   3.626480E-15   0
7922.48721535315  3.552658E-14   3.552658E-15   0
7923.03221243453  3.525432E-14   3.525432E-15   0
7923.57720951592  3.542271E-14   3.542271E-15   0
7924.1222065973  3.608060E-14   3.608060E-15    0
7924.66720367868  3.649428E-14   3.649428E-15   0
7925.21220076006  3.664296E-14   3.664296E-15   0
7925.75719784144  3.775863E-14   3.775863E-15   0
7926.30219492282  3.704737E-14   3.704737E-15   0
7926.84719200421  3.649418E-14   3.649418E-15   0
7927.39218908559  3.652039E-14   3.652039E-15   0
7927.93718616697  3.687828E-14   3.687828E-15   0
7928.48218324835  3.786618E-14   3.786618E-15   0
7929.02718032973  3.823682E-14   3.823682E-15   0
7929.57217741111  3.782995E-14   3.782995E-15   0
7930.11717449249  3.730628E-14   3.730628E-15   0
7930.66217157388  3.717557E-14   3.717557E-15   0
7931.20716865526  3.705510E-14   3.705510E-15   0
7931.75216573664  3.803500E-14   3.803500E-15   0
7932.29716281802  3.809719E-14   3.809719E-15   0
7932.8421598994  3.676345E-14   3.676345E-15    0
7933.38715698078  3.649285E-14   3.649285E-15   0
7933.93215406216  3.626359E-14   3.626359E-15   0
7934.47715114355  3.858406E-14   3.858406E-15   0
7935.02214822493  3.793698E-14   3.793698E-15   0
7935.56714530631  3.629389E-14   3.629389E-15   0
7936.11214238769  3.771280E-14   3.771280E-15   0
7936.65713946907  3.784034E-14   3.784034E-15   0
7937.20213655045  3.753778E-14   3.753778E-15   0
7937.74713363184  3.766703E-14   3.766703E-15   0
7938.29213071322  3.729917E-14   3.729917E-15   0
7938.8371277946  3.620093E-14   3.620093E-15    0
7939.38212487598  3.655945E-14   3.655945E-15   0
7939.92712195736  3.720908E-14   3.720908E-15   0
7940.47211903874  3.689099E-14   3.689099E-15   0
7941.01711612013  3.715206E-14   3.715206E-15   0
7941.56211320151  3.689207E-14   3.689207E-15   0
7942.10711028289  3.615399E-14   3.615399E-15   0
7942.65210736427  3.669878E-14   3.669878E-15   0
7943.19710444565  3.665758E-14   3.665758E-15   0
7943.74210152703  3.721261E-14   3.721261E-15   0
7944.28709860842  3.751135E-14   3.751135E-15   0
7944.8320956898  3.747917E-14   3.747917E-15    0
7945.37709277118  3.763043E-14   3.763043E-15   0
7945.92208985256  3.844293E-14   3.844293E-15   0
7946.46708693394  3.751518E-14   3.751518E-15   0
7947.01208401532  3.692991E-14   3.692991E-15   0
7947.5570810967  3.778499E-14   3.778499E-15    0
7948.10207817809  3.893874E-14   3.893874E-15   0
7948.64707525947  3.745613E-14   3.745613E-15   0
7949.19207234085  3.849940E-14   3.849940E-15   0
7949.73706942223  3.834044E-14   3.834044E-15   0
7950.28206650361  3.625240E-14   3.625240E-15   0
7950.82706358499  3.579327E-14   3.579327E-15   0
7951.37206066637  3.587931E-14   3.587931E-15   0
7951.91705774776  3.684668E-14   3.684668E-15   0
7952.46205482914  3.720499E-14   3.720499E-15   0
7953.00705191052  3.744941E-14   3.744941E-15   0
7953.5520489919  3.660336E-14   3.660336E-15    0
7954.09704607328  3.727167E-14   3.727167E-15   0
7954.64204315466  3.642655E-14   3.642655E-15   0
7955.18704023605  3.772491E-14   3.772491E-15   0
7955.73203731743  3.785587E-14   3.785587E-15   0
7956.27703439881  3.859809E-14   3.859809E-15   0
7956.82203148019  3.701937E-14   3.701937E-15   0
7957.36702856157  3.619789E-14   3.619789E-15   0
7957.91202564296  3.642203E-14   3.642203E-15   0
7958.45702272433  3.637650E-14   3.637650E-15   0
7959.00201980572  3.611435E-14   3.611435E-15   0
7959.5470168871  3.668893E-14   3.668893E-15    0
7960.09201396848  3.727489E-14   3.727489E-15   0
7960.63701104986  3.763927E-14   3.763927E-15   0
7961.18200813124  3.701136E-14   3.701136E-15   0
7961.72700521263  3.620240E-14   3.620240E-15   0
7962.27200229401  3.830061E-14   3.830061E-15   0
7962.81699937539  3.843709E-14   3.843709E-15   0
7963.36199645677  3.821688E-14   3.821688E-15   0
7963.90699353815  3.826464E-14   3.826464E-15   0
7964.45199061953  3.776791E-14   3.776791E-15   0
7964.99698770091  3.789578E-14   3.789578E-15   0
7965.5419847823  3.687729E-14   3.687729E-15    0
7966.08698186368  3.549078E-14   3.549078E-15   0
7966.63197894506  3.532981E-14   3.532981E-15   0
7967.17697602644  3.521517E-14   3.521517E-15   0
7967.72197310782  3.551804E-14   3.551804E-15   0
7968.2669701892  3.534052E-14   3.534052E-15    0
7968.81196727059  3.561584E-14   3.561584E-15   0
7969.35696435197  3.593848E-14   3.593848E-15   0
7969.90196143335  3.524090E-14   3.524090E-15   0
7970.44695851473  3.624502E-14   3.624502E-15   0
7970.99195559611  3.781765E-14   3.781765E-15   0
7971.53695267749  3.695521E-14   3.695521E-15   0
7972.08194975887  3.607496E-14   3.607496E-15   0
7972.62694684026  3.600933E-14   3.600933E-15   0
7973.17194392164  3.677811E-14   3.677811E-15   0
7973.71694100302  3.652555E-14   3.652555E-15   0
7974.2619380844  3.714353E-14   3.714353E-15    0
7974.80693516578  3.784832E-14   3.784832E-15   0
7975.35193224716  3.644054E-14   3.644054E-15   0
7975.89692932855  3.682188E-14   3.682188E-15   0
7976.44192640993  3.676323E-14   3.676323E-15   0
7976.98692349131  3.699131E-14   3.699131E-15   0
7977.53192057269  3.703907E-14   3.703907E-15   0
7978.07691765407  3.710336E-14   3.710336E-15   0
7978.62191473545  3.754685E-14   3.754685E-15   0
7979.16691181684  3.663317E-14   3.663317E-15   0
7979.71190889822  3.582269E-14   3.582269E-15   0
7980.2569059796  3.488309E-14   3.488309E-15    0
7980.80190306098  3.505174E-14   3.505174E-15   0
7981.34690014236  3.603976E-14   3.603976E-15   0
7981.89189722374  3.489873E-14   3.489873E-15   0
7982.43689430513  3.569807E-14   3.569807E-15   0
7982.98189138651  3.573604E-14   3.573604E-15   0
7983.52688846789  3.577964E-14   3.577964E-15   0
7984.07188554927  3.541303E-14   3.541303E-15   0
7984.61688263065  3.542782E-14   3.542782E-15   0
7985.16187971203  3.590220E-14   3.590220E-15   0
7985.70687679341  3.563221E-14   3.563221E-15   0
7986.2518738748  3.645547E-14   3.645547E-15    0
7986.79687095618  3.639544E-14   3.639544E-15   0
7987.34186803756  3.510849E-14   3.510849E-15   0
7987.88686511894  3.503161E-14   3.503161E-15   0
7988.43186220032  3.652825E-14   3.652825E-15   0
7988.9768592817  3.819953E-14   3.819953E-15    0
7989.52185636309  3.739111E-14   3.739111E-15   0
7990.06685344447  3.729370E-14   3.729370E-15   0
7990.61185052585  3.795615E-14   3.795615E-15   0
7991.15684760723  3.763877E-14   3.763877E-15   0
7991.70184468861  3.787908E-14   3.787908E-15   0
7992.24684177  3.766198E-14     3.766198E-15    0
7992.79183885137  3.764123E-14   3.764123E-15   0
7993.33683593276  3.698609E-14   3.698609E-15   0
7993.88183301414  3.638654E-14   3.638654E-15   0
7994.42683009552  3.588670E-14   3.588670E-15   0
7994.9718271769  3.413786E-14   3.413786E-15    0
7995.51682425828  3.467559E-14   3.467559E-15   0
7996.06182133967  3.399804E-14   3.399804E-15   0
7996.60681842105  3.519671E-14   3.519671E-15   0
7997.15181550243  3.471152E-14   3.471152E-15   0
7997.69681258381  3.546229E-14   3.546229E-15   0
7998.24180966519  3.581443E-14   3.581443E-15   0
7998.78680674657  3.468292E-14   3.468292E-15   0
7999.33180382795  3.407480E-14   3.407480E-15   0
7999.87680090934  3.467095E-14   3.467095E-15   0
8000.42179799072  3.504588E-14   3.504588E-15   0
8000.9667950721  3.539724E-14   3.539724E-15    0
8001.51179215348  3.609540E-14   3.609540E-15   0
8002.05678923486  3.616697E-14   3.616697E-15   0
8002.60178631624  3.573304E-14   3.573304E-15   0
8003.14678339763  3.551920E-14   3.551920E-15   0
8003.69178047901  3.523772E-14   3.523772E-15   0
8004.23677756039  3.462261E-14   3.462261E-15   0
8004.78177464177  3.505462E-14   3.505462E-15   0
8005.32677172315  3.505755E-14   3.505755E-15   0
8005.87176880453  3.477164E-14   3.477164E-15   0
8006.41676588591  3.432417E-14   3.432417E-15   0
8006.9617629673  3.499419E-14   3.499419E-15    0
8007.50676004868  3.467387E-14   3.467387E-15   0
8008.05175713006  3.611030E-14   3.611030E-15   0
8008.59675421144  3.593131E-14   3.593131E-15   0
8009.14175129282  3.451316E-14   3.451316E-15   0
8009.6867483742  3.602020E-14   3.602020E-15    0
8010.23174545559  3.631351E-14   3.631351E-15   0
8010.77674253697  3.623772E-14   3.623772E-15   0
8011.32173961835  3.565717E-14   3.565717E-15   0
8011.86673669973  3.541220E-14   3.541220E-15   0
8012.41173378111  3.513615E-14   3.513615E-15   0
8012.9567308625  3.421991E-14   3.421991E-15    0
8013.50172794388  3.608812E-14   3.608812E-15   0
8014.04672502526  3.726103E-14   3.726103E-15   0
8014.59172210664  3.558381E-14   3.558381E-15   0
8015.13671918802  3.505240E-14   3.505240E-15   0
8015.6817162694  3.500837E-14   3.500837E-15    0
8016.22671335078  3.581857E-14   3.581857E-15   0
8016.77171043217  3.482054E-14   3.482054E-15   0
8017.31670751355  3.503604E-14   3.503604E-15   0
8017.86170459493  3.322133E-14   3.322133E-15   0
8018.40670167631  3.508801E-14   3.508801E-15   0
8018.95169875769  3.520731E-14   3.520731E-15   0
8019.49669583907  3.458261E-14   3.458261E-15   0
8020.04169292045  3.436907E-14   3.436907E-15   0
8020.58669000184  3.517526E-14   3.517526E-15   0
8021.13168708322  3.595686E-14   3.595686E-15   0
8021.6766841646  3.601605E-14   3.601605E-15    0
8022.22168124598  3.647493E-14   3.647493E-15   0
8022.76667832736  3.631162E-14   3.631162E-15   0
8023.31167540874  3.647357E-14   3.647357E-15   0
8023.85667249012  3.583384E-14   3.583384E-15   0
8024.40166957151  3.501535E-14   3.501535E-15   0
8024.94666665289  3.544160E-14   3.544160E-15   0
8025.49166373427  3.495495E-14   3.495495E-15   0
8026.03666081565  3.550838E-14   3.550838E-15   0
8026.58165789704  3.538145E-14   3.538145E-15   0
8027.12665497841  3.479207E-14   3.479207E-15   0
8027.6716520598  3.520289E-14   3.520289E-15    0
8028.21664914118  3.439572E-14   3.439572E-15   0
8028.76164622256  3.297943E-14   3.297943E-15   0
8029.30664330394  3.374677E-14   3.374677E-15   0
8029.85164038532  3.608403E-14   3.608403E-15   0
8030.39663746671  3.483110E-14   3.483110E-15   0
8030.94163454809  3.579683E-14   3.579683E-15   0
8031.48663162947  3.609486E-14   3.609486E-15   0
8032.03162871085  3.651993E-14   3.651993E-15   0
8032.57662579223  3.623349E-14   3.623349E-15   0
8033.12162287361  3.450554E-14   3.450554E-15   0
8033.66661995499  3.478345E-14   3.478345E-15   0
8034.21161703638  3.533273E-14   3.533273E-15   0
8034.75661411776  3.522808E-14   3.522808E-15   0
8035.30161119914  3.615196E-14   3.615196E-15   0
8035.84660828052  3.672423E-14   3.672423E-15   0
8036.3916053619  3.620192E-14   3.620192E-15    0
8036.93660244328  3.523487E-14   3.523487E-15   0
8037.48159952466  3.527046E-14   3.527046E-15   0
8038.02659660605  3.657638E-14   3.657638E-15   0
8038.57159368743  3.621304E-14   3.621304E-15   0
8039.11659076881  3.608622E-14   3.608622E-15   0
8039.66158785019  3.643058E-14   3.643058E-15   0
8040.20658493157  3.624237E-14   3.624237E-15   0
8040.75158201295  3.553754E-14   3.553754E-15   0
8041.29657909434  3.661923E-14   3.661923E-15   0
8041.84157617572  3.555716E-14   3.555716E-15   0
8042.3865732571  3.642280E-14   3.642280E-15    0
8042.93157033848  3.526522E-14   3.526522E-15   0
8043.47656741986  3.558335E-14   3.558335E-15   0
8044.02156450125  3.483986E-14   3.483986E-15   0
8044.56656158263  3.486859E-14   3.486859E-15   0
8045.11155866401  3.560936E-14   3.560936E-15   0
8045.65655574539  3.752740E-14   3.752740E-15   0
8046.20155282677  3.627004E-14   3.627004E-15   0
8046.74654990815  3.601482E-14   3.601482E-15   0
8047.29154698953  3.780650E-14   3.780650E-15   0
8047.83654407092  3.685720E-14   3.685720E-15   0
8048.3815411523  3.683431E-14   3.683431E-15    0
8048.92653823368  3.775766E-14   3.775766E-15   0
8049.47153531506  3.641433E-14   3.641433E-15   0
8050.01653239644  3.639788E-14   3.639788E-15   0
8050.56152947782  3.733283E-14   3.733283E-15   0
8051.1065265592  3.697378E-14   3.697378E-15    0
8051.65152364059  3.721716E-14   3.721716E-15   0
8052.19652072197  3.620287E-14   3.620287E-15   0
8052.74151780335  3.581212E-14   3.581212E-15   0
8053.28651488473  3.515617E-14   3.515617E-15   0
8053.83151196611  3.640901E-14   3.640901E-15   0
8054.37650904749  3.601587E-14   3.601587E-15   0
8054.92150612887  3.612742E-14   3.612742E-15   0
8055.46650321026  3.672500E-14   3.672500E-15   0
8056.01150029164  3.682808E-14   3.682808E-15   0
8056.55649737302  3.671250E-14   3.671250E-15   0
8057.1014944544  3.709439E-14   3.709439E-15    0
8057.64649153578  3.665966E-14   3.665966E-15   0
8058.19148861717  3.693529E-14   3.693529E-15   0
8058.73648569855  3.796664E-14   3.796664E-15   0
8059.28148277993  3.713810E-14   3.713810E-15   0
8059.82647986131  3.691485E-14   3.691485E-15   0
8060.37147694269  3.725932E-14   3.725932E-15   0
8060.91647402407  3.706901E-14   3.706901E-15   0
8061.46147110545  3.862249E-14   3.862249E-15   0
8062.00646818684  3.794205E-14   3.794205E-15   0
8062.55146526822  3.603673E-14   3.603673E-15   0
8063.0964623496  3.761755E-14   3.761755E-15    0
8063.64145943098  3.699233E-14   3.699233E-15   0
8064.18645651236  3.616571E-14   3.616571E-15   0
8064.73145359374  3.586071E-14   3.586071E-15   0
8065.27645067512  3.690752E-14   3.690752E-15   0
8065.82144775651  3.702322E-14   3.702322E-15   0
8066.36644483789  3.666171E-14   3.666171E-15   0
8066.91144191927  3.673497E-14   3.673497E-15   0
8067.45643900065  3.573612E-14   3.573612E-15   0
8068.00143608203  3.565692E-14   3.565692E-15   0
8068.54643316342  3.688222E-14   3.688222E-15   0
8069.0914302448  3.619985E-14   3.619985E-15    0
8069.63642732618  3.720508E-14   3.720508E-15   0
8070.18142440756  3.750875E-14   3.750875E-15   0
8070.72642148894  3.666308E-14   3.666308E-15   0
8071.27141857032  3.686435E-14   3.686435E-15   0
8071.8164156517  3.708822E-14   3.708822E-15    0
8072.36141273309  3.657343E-14   3.657343E-15   0
8072.90640981447  3.649167E-14   3.649167E-15   0
8073.45140689585  3.617271E-14   3.617271E-15   0
8073.99640397723  3.636091E-14   3.636091E-15   0
8074.54140105861  3.575050E-14   3.575050E-15   0
8075.08639813999  3.516490E-14   3.516490E-15   0
8075.63139522138  3.630907E-14   3.630907E-15   0
8076.17639230276  3.616891E-14   3.616891E-15   0
8076.72138938414  3.644908E-14   3.644908E-15   0
8077.26638646552  3.615774E-14   3.615774E-15   0
8077.8113835469  3.555101E-14   3.555101E-15    0
8078.35638062828  3.600825E-14   3.600825E-15   0
8078.90137770966  3.647098E-14   3.647098E-15   0
8079.44637479105  3.701672E-14   3.701672E-15   0
8079.99137187243  3.658350E-14   3.658350E-15   0
8080.53636895381  3.603338E-14   3.603338E-15   0
8081.08136603519  3.640938E-14   3.640938E-15   0
8081.62636311657  3.767341E-14   3.767341E-15   0
8082.17136019796  3.739001E-14   3.739001E-15   0
8082.71635727933  3.720852E-14   3.720852E-15   0
8083.26135436072  3.793913E-14   3.793913E-15   0
8083.8063514421  3.674087E-14   3.674087E-15    0
8084.35134852348  3.686784E-14   3.686784E-15   0
8084.89634560486  3.730325E-14   3.730325E-15   0
8085.44134268624  3.728957E-14   3.728957E-15   0
8085.98633976763  3.637484E-14   3.637484E-15   0
8086.53133684901  3.590560E-14   3.590560E-15   0
8087.07633393039  3.695268E-14   3.695268E-15   0
8087.62133101177  3.801115E-14   3.801115E-15   0
8088.16632809315  3.738409E-14   3.738409E-15   0
8088.71132517453  3.566465E-14   3.566465E-15   0
8089.25632225592  3.516653E-14   3.516653E-15   0
8089.8013193373  3.531742E-14   3.531742E-15    0
8090.34631641868  3.600423E-14   3.600423E-15   0
8090.89131350006  3.717927E-14   3.717927E-15   0
8091.43631058144  3.648337E-14   3.648337E-15   0
8091.98130766282  3.706077E-14   3.706077E-15   0
8092.5263047442  3.692695E-14   3.692695E-15    0
8093.07130182559  3.449255E-14   3.449255E-15   0
8093.61629890697  3.460590E-14   3.460590E-15   0
8094.16129598835  3.610734E-14   3.610734E-15   0
8094.70629306973  3.568399E-14   3.568399E-15   0
8095.25129015111  3.612260E-14   3.612260E-15   0
8095.79628723249  3.504884E-14   3.504884E-15   0
8096.34128431388  3.414950E-14   3.414950E-15   0
8096.88628139526  3.589237E-14   3.589237E-15   0
8097.43127847664  3.418876E-14   3.418876E-15   0
8097.97627555802  3.420106E-14   3.420106E-15   0
8098.5212726394  3.677236E-14   3.677236E-15    0
8099.06626972078  3.733498E-14   3.733498E-15   0
8099.61126680217  3.589221E-14   3.589221E-15   0
8100.15626388355  3.717684E-14   3.717684E-15   0
8100.70126096493  3.669705E-14   3.669705E-15   0
8101.24625804631  3.641175E-14   3.641175E-15   0
8101.79125512769  3.517691E-14   3.517691E-15   0
8102.33625220907  3.497952E-14   3.497952E-15   0
8102.88124929046  3.633237E-14   3.633237E-15   0
8103.42624637184  3.580552E-14   3.580552E-15   0
8103.97124345322  3.586569E-14   3.586569E-15   0
8104.5162405346  3.644256E-14   3.644256E-15    0
8105.06123761598  3.666933E-14   3.666933E-15   0
8105.60623469736  3.559989E-14   3.559989E-15   0
8106.15123177874  3.395948E-14   3.395948E-15   0
8106.69622886013  3.525975E-14   3.525975E-15   0
8107.24122594151  3.568785E-14   3.568785E-15   0
8107.78622302289  3.519819E-14   3.519819E-15   0
8108.33122010427  3.606923E-14   3.606923E-15   0
8108.87621718565  3.571469E-14   3.571469E-15   0
8109.42121426703  3.648757E-14   3.648757E-15   0
8109.96621134842  3.481462E-14   3.481462E-15   0
8110.5112084298  3.458217E-14   3.458217E-15    0
8111.05620551118  3.526814E-14   3.526814E-15   0
8111.60120259256  3.423225E-14   3.423225E-15   0
8112.14619967394  3.413373E-14   3.413373E-15   0
8112.69119675533  3.558600E-14   3.558600E-15   0
8113.2361938367  3.485610E-14   3.485610E-15    0
8113.78119091809  3.610029E-14   3.610029E-15   0
8114.32618799947  3.551233E-14   3.551233E-15   0
8114.87118508085  3.551555E-14   3.551555E-15   0
8115.41618216223  3.489439E-14   3.489439E-15   0
8115.96117924361  3.572309E-14   3.572309E-15   0
8116.506176325  3.498209E-14    3.498209E-15    0
8117.05117340638  3.467453E-14   3.467453E-15   0
8117.59617048776  3.505410E-14   3.505410E-15   0
8118.14116756914  3.580060E-14   3.580060E-15   0
8118.68616465052  3.571229E-14   3.571229E-15   0
8119.2311617319  3.461127E-14   3.461127E-15    0
8119.77615881328  3.412748E-14   3.412748E-15   0
8120.32115589467  3.275357E-14   3.275357E-15   0
8120.86615297605  3.300623E-14   3.300623E-15   0
8121.41115005743  3.476166E-14   3.476166E-15   0
8121.95614713881  3.415455E-14   3.415455E-15   0
8122.50114422019  3.404576E-14   3.404576E-15   0
8123.04614130157  3.509208E-14   3.509208E-15   0
8123.59113838295  3.557277E-14   3.557277E-15   0
8124.13613546434  3.642132E-14   3.642132E-15   0
8124.68113254572  3.512267E-14   3.512267E-15   0
8125.2261296271  3.569554E-14   3.569554E-15    0
8125.77112670848  3.573366E-14   3.573366E-15   0
8126.31612378986  3.515948E-14   3.515948E-15   0
8126.86112087124  3.567296E-14   3.567296E-15   0
8127.40611795263  3.418556E-14   3.418556E-15   0
8127.95111503401  3.354389E-14   3.354389E-15   0
8128.49611211539  3.476903E-14   3.476903E-15   0
8129.04110919677  3.412229E-14   3.412229E-15   0
8129.58610627815  3.347119E-14   3.347119E-15   0
8130.13110335954  3.337633E-14   3.337633E-15   0
8130.67610044092  3.196343E-14   3.196343E-15   0
8131.2210975223  3.176513E-14   3.176513E-15    0
8131.76609460368  3.126377E-14   3.126377E-15   0
8132.31109168506  3.182873E-14   3.182873E-15   0
8132.85608876644  3.230740E-14   3.230740E-15   0
8133.40108584782  3.120953E-14   3.120953E-15   0
8133.94608292921  3.264463E-14   3.264463E-15   0
8134.49108001059  3.458883E-14   3.458883E-15   0
8135.03607709197  3.443892E-14   3.443892E-15   0
8135.58107417335  3.321992E-14   3.321992E-15   0
8136.12607125473  3.310715E-14   3.310715E-15   0
8136.67106833611  3.399304E-14   3.399304E-15   0
8137.21606541749  3.408845E-14   3.408845E-15   0
8137.76106249888  3.471423E-14   3.471423E-15   0
8138.30605958026  3.451285E-14   3.451285E-15   0
8138.85105666164  3.277800E-14   3.277800E-15   0
8139.39605374302  3.295803E-14   3.295803E-15   0
8139.9410508244  3.347764E-14   3.347764E-15    0
8140.48604790578  3.281419E-14   3.281419E-15   0
8141.03104498716  3.271908E-14   3.271908E-15   0
8141.57604206855  3.227849E-14   3.227849E-15   0
8142.12103914993  3.233896E-14   3.233896E-15   0
8142.66603623131  3.370294E-14   3.370294E-15   0
8143.21103331269  3.332358E-14   3.332358E-15   0
8143.75603039407  3.389012E-14   3.389012E-15   0
8144.30102747546  3.380944E-14   3.380944E-15   0
8144.84602455684  3.377164E-14   3.377164E-15   0
8145.39102163822  3.343020E-14   3.343020E-15   0
8145.9360187196  3.212913E-14   3.212913E-15    0
8146.48101580098  3.063183E-14   3.063183E-15   0
8147.02601288236  3.029268E-14   3.029268E-15   0
8147.57100996374  3.171223E-14   3.171223E-15   0
8148.11600704513  3.247931E-14   3.247931E-15   0
8148.66100412651  3.268734E-14   3.268734E-15   0
8149.20600120789  3.311912E-14   3.311912E-15   0
8149.75099828927  3.313538E-14   3.313538E-15   0
8150.29599537065  3.191884E-14   3.191884E-15   0
8150.84099245203  3.109192E-14   3.109192E-15   0
8151.38598953341  3.270250E-14   3.270250E-15   0
8151.9309866148  3.232942E-14   3.232942E-15    0
8152.47598369618  3.121358E-14   3.121358E-15   0
8153.02098077756  3.277141E-14   3.277141E-15   0
8153.56597785894  3.294403E-14   3.294403E-15   0
8154.11097494032  3.014996E-14   3.014996E-15   0
8154.6559720217  3.047861E-14   3.047861E-15    0
8155.20096910309  3.327122E-14   3.327122E-15   0
8155.74596618447  3.422237E-14   3.422237E-15   0
8156.29096326585  3.483322E-14   3.483322E-15   0
8156.83596034723  3.476179E-14   3.476179E-15   0
8157.38095742861  3.350884E-14   3.350884E-15   0
8157.92595451  3.347095E-14     3.347095E-15    0
8158.47095159138  3.313262E-14   3.313262E-15   0
8159.01594867276  3.092886E-14   3.092886E-15   0
8159.56094575414  3.091976E-14   3.091976E-15   0
8160.10594283552  3.022586E-14   3.022586E-15   0
8160.6509399169  2.827442E-14   2.827442E-15    0
8161.19593699828  2.893079E-14   2.893079E-15   0
8161.74093407967  2.912437E-14   2.912437E-15   0
8162.28593116105  2.924905E-14   2.924905E-15   0
8162.83092824243  2.991061E-14   2.991061E-15   0
8163.37592532381  3.074559E-14   3.074559E-15   0
8163.92092240519  3.250754E-14   3.250754E-15   0
8164.46591948657  3.035953E-14   3.035953E-15   0
8165.01091656795  3.149427E-14   3.149427E-15   0
8165.55591364934  3.382952E-14   3.382952E-15   0
8166.10091073072  3.342335E-14   3.342335E-15   0
8166.6459078121  3.087142E-14   3.087142E-15    0
8167.19090489348  2.982481E-14   2.982481E-15   0
8167.73590197486  3.022986E-14   3.022986E-15   0
8168.28089905625  3.129576E-14   3.129576E-15   0
8168.82589613762  3.122768E-14   3.122768E-15   0
8169.37089321901  3.239590E-14   3.239590E-15   0
8169.91589030039  3.496885E-14   3.496885E-15   0
8170.46088738177  3.369040E-14   3.369040E-15   0
8171.00588446315  3.507961E-14   3.507961E-15   0
8171.55088154453  3.557962E-14   3.557962E-15   0
8172.09587862592  3.518869E-14   3.518869E-15   0
8172.6408757073  3.496296E-14   3.496296E-15    0
8173.18587278868  3.369263E-14   3.369263E-15   0
8173.73086987006  3.296019E-14   3.296019E-15   0
8174.27586695144  3.168722E-14   3.168722E-15   0
8174.82086403282  3.099357E-14   3.099357E-15   0
8175.36586111421  2.982259E-14   2.982259E-15   0
8175.91085819559  2.893805E-14   2.893805E-15   0
8176.45585527697  2.913243E-14   2.913243E-15   0
8177.00085235835  2.858284E-14   2.858284E-15   0
8177.54584943973  2.989181E-14   2.989181E-15   0
8178.09084652111  3.043572E-14   3.043572E-15   0
8178.63584360249  2.970206E-14   2.970206E-15   0
8179.18084068388  3.092172E-14   3.092172E-15   0
8179.72583776526  3.268332E-14   3.268332E-15   0
8180.27083484664  3.393897E-14   3.393897E-15   0
8180.81583192802  3.296445E-14   3.296445E-15   0
8181.3608290094  3.415070E-14   3.415070E-15    0
8181.90582609078  3.435450E-14   3.435450E-15   0
8182.45082317216  3.634290E-14   3.634290E-15   0
8182.99582025355  3.514370E-14   3.514370E-15   0
8183.54081733493  3.399046E-14   3.399046E-15   0
8184.08581441631  3.496007E-14   3.496007E-15   0
8184.63081149769  3.367275E-14   3.367275E-15   0
8185.17580857907  3.375031E-14   3.375031E-15   0
8185.72080566046  3.277513E-14   3.277513E-15   0
8186.26580274184  3.123700E-14   3.123700E-15   0
8186.81079982322  3.262651E-14   3.262651E-15   0
8187.3557969046  3.196451E-14   3.196451E-15    0
8187.90079398598  3.254234E-14   3.254234E-15   0
8188.44579106736  3.205167E-14   3.205167E-15   0
8188.99078814875  3.259751E-14   3.259751E-15   0
8189.53578523013  3.286479E-14   3.286479E-15   0
8190.08078231151  3.115386E-14   3.115386E-15   0
8190.62577939289  3.260875E-14   3.260875E-15   0
8191.17077647427  3.462064E-14   3.462064E-15   0
8191.71577355565  3.314160E-14   3.314160E-15   0
8192.26077063703  3.135544E-14   3.135544E-15   0
8192.80576771842  3.330623E-14   3.330623E-15   0
8193.3507647998  3.291016E-14   3.291016E-15    0
8193.89576188118  3.218190E-14   3.218190E-15   0
8194.44075896256  3.311268E-14   3.311268E-15   0
8194.98575604394  3.256329E-14   3.256329E-15   0
8195.53075312532  3.308652E-14   3.308652E-15   0
8196.0757502067  3.286169E-14   3.286169E-15    0
8196.62074728809  3.181911E-14   3.181911E-15   0
8197.16574436947  3.005067E-14   3.005067E-15   0
8197.71074145085  3.043270E-14   3.043270E-15   0
8198.25573853223  3.265191E-14   3.265191E-15   0
8198.80073561361  3.245339E-14   3.245339E-15   0
8199.34573269499  3.203674E-14   3.203674E-15   0
8199.89072977638  3.326021E-14   3.326021E-15   0
8200.43572685776  3.426929E-14   3.426929E-15   0
8200.98072393914  3.458150E-14   3.458150E-15   0
8201.52572102052  3.583499E-14   3.583499E-15   0
8202.0707181019  3.692608E-14   3.692608E-15    0
8202.61571518329  3.631951E-14   3.631951E-15   0
8203.16071226467  3.664004E-14   3.664004E-15   0
8203.70570934605  3.714979E-14   3.714979E-15   0
8204.25070642743  3.703454E-14   3.703454E-15   0
8204.79570350881  3.703589E-14   3.703589E-15   0
8205.34070059019  3.652985E-14   3.652985E-15   0
8205.88569767157  3.704738E-14   3.704738E-15   0
8206.43069475296  3.638755E-14   3.638755E-15   0
8206.97569183434  3.439256E-14   3.439256E-15   0
8207.52068891572  3.322527E-14   3.322527E-15   0
8208.0656859971  3.611719E-14   3.611719E-15    0
8208.61068307848  3.471275E-14   3.471275E-15   0
8209.15568015986  3.391791E-14   3.391791E-15   0
8209.70067724124  3.331455E-14   3.331455E-15   0
8210.24567432263  3.466534E-14   3.466534E-15   0
8210.79067140401  3.660818E-14   3.660818E-15   0
8211.33566848539  3.544003E-14   3.544003E-15   0
8211.88066556677  3.533285E-14   3.533285E-15   0
8212.42566264815  3.478763E-14   3.478763E-15   0
8212.97065972953  3.555487E-14   3.555487E-15   0
8213.51565681092  3.454690E-14   3.454690E-15   0
8214.0606538923  3.606186E-14   3.606186E-15    0
8214.60565097368  3.506216E-14   3.506216E-15   0
8215.15064805506  3.622279E-14   3.622279E-15   0
8215.69564513644  3.475078E-14   3.475078E-15   0
8216.24064221782  3.500864E-14   3.500864E-15   0
8216.78563929921  3.539268E-14   3.539268E-15   0
8217.33063638059  3.426316E-14   3.426316E-15   0
8217.87563346197  3.375883E-14   3.375883E-15   0
8218.42063054335  3.327547E-14   3.327547E-15   0
8218.96562762473  3.345311E-14   3.345311E-15   0
8219.51062470611  3.440228E-14   3.440228E-15   0
8220.0556217875  3.306201E-14   3.306201E-15    0
8220.60061886888  3.281826E-14   3.281826E-15   0
8221.14561595026  3.383409E-14   3.383409E-15   0
8221.69061303164  3.370419E-14   3.370419E-15   0
8222.23561011302  3.175669E-14   3.175669E-15   0
8222.7806071944  3.118932E-14   3.118932E-15    0
8223.32560427578  2.994492E-14   2.994492E-15   0
8223.87060135717  2.906795E-14   2.906795E-15   0
8224.41559843855  2.723307E-14   2.723307E-15   0
8224.96059551993  2.632558E-14   2.632558E-15   0
8225.50559260131  2.440252E-14   2.440252E-15   0
8226.05058968269  2.343113E-14   2.343113E-15   0
8226.59558676407  2.363728E-14   2.363728E-15   0
8227.14058384546  2.473250E-14   2.473250E-15   0
8227.68558092684  2.333166E-14   2.333166E-15   0
8228.23057800822  2.399105E-14   2.399105E-15   0
8228.7755750896  2.702297E-14   2.702297E-15    0
8229.32057217098  2.836447E-14   2.836447E-15   0
8229.86556925236  2.845137E-14   2.845137E-15   0
8230.41056633375  2.798972E-14   2.798972E-15   0
8230.95556341513  3.014629E-14   3.014629E-15   0
8231.50056049651  3.146715E-14   3.146715E-15   0
8232.04555757789  3.183559E-14   3.183559E-15   0
8232.59055465927  3.319459E-14   3.319459E-15   0
8233.13555174065  3.309655E-14   3.309655E-15   0
8233.68054882203  3.330649E-14   3.330649E-15   0
8234.22554590342  3.406179E-14   3.406179E-15   0
8234.7705429848  3.416418E-14   3.416418E-15    0
8235.31554006618  3.397983E-14   3.397983E-15   0
8235.86053714756  3.391171E-14   3.391171E-15   0
8236.40553422894  3.378628E-14   3.378628E-15   0
8236.95053131032  3.408198E-14   3.408198E-15   0
8237.49552839171  3.413254E-14   3.413254E-15   0
8238.04052547309  3.451407E-14   3.451407E-15   0
8238.58552255447  3.542756E-14   3.542756E-15   0
8239.13051963585  3.484907E-14   3.484907E-15   0
8239.67551671723  3.368638E-14   3.368638E-15   0
8240.22051379861  3.335918E-14   3.335918E-15   0
8240.76551088  3.459103E-14     3.459103E-15    0
8241.31050796138  3.368142E-14   3.368142E-15   0
8241.85550504276  3.295631E-14   3.295631E-15   0
8242.40050212414  3.403651E-14   3.403651E-15   0
8242.94549920552  3.486604E-14   3.486604E-15   0
8243.4904962869  3.439848E-14   3.439848E-15    0
8244.03549336829  3.443609E-14   3.443609E-15   0
8244.58049044967  3.606249E-14   3.606249E-15   0
8245.12548753105  3.649952E-14   3.649952E-15   0
8245.67048461243  3.589393E-14   3.589393E-15   0
8246.21548169381  3.614177E-14   3.614177E-15   0
8246.76047877519  3.582812E-14   3.582812E-15   0
8247.30547585657  3.576469E-14   3.576469E-15   0
8247.85047293796  3.493520E-14   3.493520E-15   0
8248.39547001934  3.396825E-14   3.396825E-15   0
8248.94046710072  3.337675E-14   3.337675E-15   0
8249.4854641821  3.410575E-14   3.410575E-15    0
8250.03046126348  3.555339E-14   3.555339E-15   0
8250.57545834486  3.317013E-14   3.317013E-15   0
8251.12045542624  3.366154E-14   3.366154E-15   0
8251.66545250763  3.354435E-14   3.354435E-15   0
8252.21044958901  3.482125E-14   3.482125E-15   0
8252.75544667039  3.441422E-14   3.441422E-15   0
8253.30044375177  3.282515E-14   3.282515E-15   0
8253.84544083315  3.268080E-14   3.268080E-15   0
8254.39043791453  3.255147E-14   3.255147E-15   0
8254.93543499592  3.228164E-14   3.228164E-15   0
8255.4804320773  3.218957E-14   3.218957E-15    0
8256.02542915868  3.202433E-14   3.202433E-15   0
8256.57042624006  3.190483E-14   3.190483E-15   0
8257.11542332144  3.280801E-14   3.280801E-15   0
8257.66042040283  3.404709E-14   3.404709E-15   0
8258.20541748421  3.451572E-14   3.451572E-15   0
8258.75041456559  3.359513E-14   3.359513E-15   0
8259.29541164697  3.423503E-14   3.423503E-15   0
8259.84040872835  3.585543E-14   3.585543E-15   0
8260.38540580973  3.449381E-14   3.449381E-15   0
8260.93040289111  3.495182E-14   3.495182E-15   0
8261.47539997249  3.473527E-14   3.473527E-15   0
8262.02039705388  3.472875E-14   3.472875E-15   0
8262.56539413526  3.424436E-14   3.424436E-15   0
8263.11039121664  3.339329E-14   3.339329E-15   0
8263.65538829802  3.457141E-14   3.457141E-15   0
8264.2003853794  3.572834E-14   3.572834E-15    0
8264.74538246078  3.421201E-14   3.421201E-15   0
8265.29037954217  3.524021E-14   3.524021E-15   0
8265.83537662355  3.615246E-14   3.615246E-15   0
8266.38037370493  3.522449E-14   3.522449E-15   0
8266.92537078631  3.422042E-14   3.422042E-15   0
8267.47036786769  3.295848E-14   3.295848E-15   0
8268.01536494907  3.291230E-14   3.291230E-15   0
8268.56036203045  3.256709E-14   3.256709E-15   0
8269.10535911184  3.218347E-14   3.218347E-15   0
8269.65035619322  3.191463E-14   3.191463E-15   0
8270.1953532746  3.249605E-14   3.249605E-15    0
8270.74035035598  3.128714E-14   3.128714E-15   0
8271.28534743737  2.976636E-14   2.976636E-15   0
8271.83034451874  3.074828E-14   3.074828E-15   0
8272.37534160013  3.157131E-14   3.157131E-15   0
8272.92033868151  3.202792E-14   3.202792E-15   0
8273.46533576289  3.147322E-14   3.147322E-15   0
8274.01033284427  3.012448E-14   3.012448E-15   0
8274.55532992565  3.061828E-14   3.061828E-15   0
8275.10032700704  3.207072E-14   3.207072E-15   0
8275.64532408842  3.342551E-14   3.342551E-15   0
8276.1903211698  3.272735E-14   3.272735E-15    0
8276.73531825118  3.222893E-14   3.222893E-15   0
8277.28031533256  3.356293E-14   3.356293E-15   0
8277.82531241394  3.258416E-14   3.258416E-15   0
8278.37030949532  3.127838E-14   3.127838E-15   0
8278.91530657671  3.261575E-14   3.261575E-15   0
8279.46030365809  3.334967E-14   3.334967E-15   0
8280.00530073947  3.199140E-14   3.199140E-15   0
8280.55029782085  3.352686E-14   3.352686E-15   0
8281.09529490223  3.283307E-14   3.283307E-15   0
8281.64029198361  3.179972E-14   3.179972E-15   0
8282.18528906499  3.112759E-14   3.112759E-15   0
8282.73028614638  3.392294E-14   3.392294E-15   0
8283.27528322776  3.415405E-14   3.415405E-15   0
8283.82028030914  3.241599E-14   3.241599E-15   0
8284.36527739052  3.262507E-14   3.262507E-15   0
8284.9102744719  3.183802E-14   3.183802E-15    0
8285.45527155329  3.186815E-14   3.186815E-15   0
8286.00026863467  3.180163E-14   3.180163E-15   0
8286.54526571605  3.225279E-14   3.225279E-15   0
8287.09026279743  3.244641E-14   3.244641E-15   0
8287.63525987881  3.218163E-14   3.218163E-15   0
8288.18025696019  3.184631E-14   3.184631E-15   0
8288.72525404158  3.213773E-14   3.213773E-15   0
8289.27025112296  3.215009E-14   3.215009E-15   0
8289.81524820434  3.154856E-14   3.154856E-15   0
8290.36024528572  3.103964E-14   3.103964E-15   0
8290.9052423671  3.105981E-14   3.105981E-15    0
8291.45023944848  3.137437E-14   3.137437E-15   0
8291.99523652986  2.934616E-14   2.934616E-15   0
8292.54023361125  2.916107E-14   2.916107E-15   0
8293.08523069263  3.078442E-14   3.078442E-15   0
8293.63022777401  3.217108E-14   3.217108E-15   0
8294.17522485539  3.329209E-14   3.329209E-15   0
8294.72022193677  3.470338E-14   3.470338E-15   0
8295.26521901815  3.571579E-14   3.571579E-15   0
8295.81021609954  3.506334E-14   3.506334E-15   0
8296.35521318092  3.559392E-14   3.559392E-15   0
8296.9002102623  3.391621E-14   3.391621E-15    0
8297.44520734368  3.426389E-14   3.426389E-15   0
8297.99020442506  3.453318E-14   3.453318E-15   0
8298.53520150644  3.269628E-14   3.269628E-15   0
8299.08019858782  3.115932E-14   3.115932E-15   0
8299.6251956692  3.050622E-14   3.050622E-15    0
8300.17019275059  3.073564E-14   3.073564E-15   0
8300.71518983197  3.071002E-14   3.071002E-15   0
8301.26018691335  3.054535E-14   3.054535E-15   0
8301.80518399473  2.869902E-14   2.869902E-15   0
8302.35018107611  2.913649E-14   2.913649E-15   0
8302.89517815749  3.083033E-14   3.083033E-15   0
8303.44017523888  3.101366E-14   3.101366E-15   0
8303.98517232026  2.955986E-14   2.955986E-15   0
8304.53016940164  2.991988E-14   2.991988E-15   0
8305.07516648302  3.364552E-14   3.364552E-15   0
8305.6201635644  3.469773E-14   3.469773E-15    0
8306.16516064579  3.434227E-14   3.434227E-15   0
8306.71015772717  3.406801E-14   3.406801E-15   0
8307.25515480855  3.299233E-14   3.299233E-15   0
8307.80015188993  3.344567E-14   3.344567E-15   0
8308.34514897131  3.491641E-14   3.491641E-15   0
8308.89014605269  3.496381E-14   3.496381E-15   0
8309.43514313408  3.547197E-14   3.547197E-15   0
8309.98014021546  3.439975E-14   3.439975E-15   0
8310.52513729684  3.373921E-14   3.373921E-15   0
8311.07013437822  3.380484E-14   3.380484E-15   0
8311.6151314596  3.261134E-14   3.261134E-15    0
8312.16012854098  3.163285E-14   3.163285E-15   0
8312.70512562236  3.329514E-14   3.329514E-15   0
8313.25012270375  3.219157E-14   3.219157E-15   0
8313.79511978513  3.143075E-14   3.143075E-15   0
8314.34011686651  3.143613E-14   3.143613E-15   0
8314.88511394789  3.223174E-14   3.223174E-15   0
8315.43011102927  3.314220E-14   3.314220E-15   0
8315.97510811065  3.361002E-14   3.361002E-15   0
8316.52010519203  3.198924E-14   3.198924E-15   0
8317.06510227342  3.062777E-14   3.062777E-15   0
8317.6100993548  3.080774E-14   3.080774E-15    0
8318.15509643618  3.138993E-14   3.138993E-15   0
8318.70009351756  3.266275E-14   3.266275E-15   0
8319.24509059894  3.196204E-14   3.196204E-15   0
8319.79008768032  3.281489E-14   3.281489E-15   0
8320.33508476171  3.111872E-14   3.111872E-15   0
8320.88008184309  3.243391E-14   3.243391E-15   0
8321.42507892447  3.418779E-14   3.418779E-15   0
8321.97007600585  3.451795E-14   3.451795E-15   0
8322.51507308723  3.579672E-14   3.579672E-15   0
8323.06007016861  3.513957E-14   3.513957E-15   0
8323.60506724999  3.369447E-14   3.369447E-15   0
8324.15006433138  3.329890E-14   3.329890E-15   0
8324.69506141276  3.291784E-14   3.291784E-15   0
8325.24005849414  3.368994E-14   3.368994E-15   0
8325.78505557552  3.386353E-14   3.386353E-15   0
8326.3300526569  3.302302E-14   3.302302E-15    0
8326.87504973829  3.296779E-14   3.296779E-15   0
8327.42004681967  3.353224E-14   3.353224E-15   0
8327.96504390105  3.234252E-14   3.234252E-15   0
8328.51004098243  3.175262E-14   3.175262E-15   0
8329.05503806381  3.273403E-14   3.273403E-15   0
8329.60003514519  3.431716E-14   3.431716E-15   0
8330.14503222657  3.372517E-14   3.372517E-15   0
8330.69002930796  3.330151E-14   3.330151E-15   0
8331.23502638934  3.197296E-14   3.197296E-15   0
8331.78002347072  3.192038E-14   3.192038E-15   0
8332.3250205521  3.353029E-14   3.353029E-15    0
8332.87001763348  3.288277E-14   3.288277E-15   0
8333.41501471486  3.270211E-14   3.270211E-15   0
8333.96001179625  3.406488E-14   3.406488E-15   0
8334.50500887763  3.177923E-14   3.177923E-15   0
8335.05000595901  3.326126E-14   3.326126E-15   0
8335.59500304039  3.326670E-14   3.326670E-15   0
8336.14000012177  3.432160E-14   3.432160E-15   0
8336.68499720315  3.397851E-14   3.397851E-15   0
8337.22999428453  3.152898E-14   3.152898E-15   0
8337.77499136592  3.284130E-14   3.284130E-15   0
8338.3199884473  3.339628E-14   3.339628E-15    0
8338.86498552868  3.442330E-14   3.442330E-15   0
8339.40998261006  3.603140E-14   3.603140E-15   0
8339.95497969145  3.668776E-14   3.668776E-15   0
8340.49997677282  3.709826E-14   3.709826E-15   0
8341.04497385421  3.878359E-14   3.878359E-15   0
8341.58997093559  4.110505E-14   4.110505E-15   0
8342.13496801697  3.934824E-14   3.934824E-15   0
8342.67996509835  3.844168E-14   3.844168E-15   0
8343.22496217973  3.921514E-14   3.921514E-15   0
8343.76995926111  3.772101E-14   3.772101E-15   0
8344.3149563425  3.694481E-14   3.694481E-15    0
8344.85995342388  3.354535E-14   3.354535E-15   0
8345.40495050526  3.240669E-14   3.240669E-15   0
8345.94994758664  3.263750E-14   3.263750E-15   0
8346.49494466802  3.159695E-14   3.159695E-15   0
8347.0399417494  3.077059E-14   3.077059E-15    0
8347.58493883079  3.347663E-14   3.347663E-15   0
8348.12993591217  3.333287E-14   3.333287E-15   0
8348.67493299355  3.438176E-14   3.438176E-15   0
8349.21993007493  3.528369E-14   3.528369E-15   0
8349.76492715631  3.494553E-14   3.494553E-15   0
8350.30992423769  3.619056E-14   3.619056E-15   0
8350.85492131907  3.741632E-14   3.741632E-15   0
8351.39991840046  3.482223E-14   3.482223E-15   0
8351.94491548184  3.487669E-14   3.487669E-15   0
8352.48991256322  3.428535E-14   3.428535E-15   0
8353.0349096446  3.451949E-14   3.451949E-15    0
8353.57990672598  3.440762E-14   3.440762E-15   0
8354.12490380736  3.472360E-14   3.472360E-15   0
8354.66990088874  3.300302E-14   3.300302E-15   0
8355.21489797013  3.372716E-14   3.372716E-15   0
8355.75989505151  3.221841E-14   3.221841E-15   0
8356.30489213289  3.149778E-14   3.149778E-15   0
8356.84988921427  3.255071E-14   3.255071E-15   0
8357.39488629566  3.335863E-14   3.335863E-15   0
8357.93988337704  3.482882E-14   3.482882E-15   0
8358.48488045842  3.306791E-14   3.306791E-15   0
8359.0298775398  3.341216E-14   3.341216E-15    0
8359.57487462118  3.404570E-14   3.404570E-15   0
8360.11987170256  3.352843E-14   3.352843E-15   0
8360.66486878394  3.469909E-14   3.469909E-15   0
8361.20986586533  3.429098E-14   3.429098E-15   0
8361.75486294671  3.419226E-14   3.419226E-15   0
8362.29986002809  3.452238E-14   3.452238E-15   0
8362.84485710947  3.312218E-14   3.312218E-15   0
8363.38985419085  3.347502E-14   3.347502E-15   0
8363.93485127223  3.269595E-14   3.269595E-15   0
8364.47984835361  3.221812E-14   3.221812E-15   0
8365.024845435  3.303889E-14    3.303889E-15    0
8365.56984251638  3.067913E-14   3.067913E-15   0
8366.11483959776  3.318075E-14   3.318075E-15   0
8366.65983667914  3.258171E-14   3.258171E-15   0
8367.20483376052  3.336644E-14   3.336644E-15   0
8367.7498308419  3.383969E-14   3.383969E-15    0
8368.29482792328  3.460421E-14   3.460421E-15   0
8368.83982500467  3.418894E-14   3.418894E-15   0
8369.38482208605  3.370944E-14   3.370944E-15   0
8369.92981916743  3.532270E-14   3.532270E-15   0
8370.47481624881  3.273308E-14   3.273308E-15   0
8371.01981333019  3.309744E-14   3.309744E-15   0
8371.56481041158  3.354192E-14   3.354192E-15   0
8372.10980749296  3.292705E-14   3.292705E-15   0
8372.65480457434  3.269928E-14   3.269928E-15   0
8373.19980165572  3.221387E-14   3.221387E-15   0
8373.7447987371  3.156422E-14   3.156422E-15    0
8374.28979581848  3.227916E-14   3.227916E-15   0
8374.83479289987  3.195636E-14   3.195636E-15   0
8375.37978998125  3.130909E-14   3.130909E-15   0
8375.92478706263  3.346450E-14   3.346450E-15   0
8376.46978414401  3.418177E-14   3.418177E-15   0
8377.01478122539  3.274572E-14   3.274572E-15   0
8377.55977830677  3.314658E-14   3.314658E-15   0
8378.10477538815  3.543922E-14   3.543922E-15   0
8378.64977246954  3.625887E-14   3.625887E-15   0
8379.19476955092  3.625732E-14   3.625732E-15   0
8379.7397666323  3.561689E-14   3.561689E-15    0
8380.28476371368  3.543007E-14   3.543007E-15   0
8380.82976079506  3.406891E-14   3.406891E-15   0
8381.37475787644  3.320332E-14   3.320332E-15   0
8381.91975495782  3.385607E-14   3.385607E-15   0
8382.46475203921  3.202314E-14   3.202314E-15   0
8383.00974912059  3.224198E-14   3.224198E-15   0
8383.55474620197  3.193545E-14   3.193545E-15   0
8384.09974328335  3.094448E-14   3.094448E-15   0
8384.64474036473  3.043839E-14   3.043839E-15   0
8385.18973744611  3.097751E-14   3.097751E-15   0
8385.7347345275  3.092096E-14   3.092096E-15    0
8386.27973160888  3.134983E-14   3.134983E-15   0
8386.82472869026  3.290020E-14   3.290020E-15   0
8387.36972577164  3.257373E-14   3.257373E-15   0
8387.91472285302  3.191426E-14   3.191426E-15   0
8388.4597199344  3.340693E-14   3.340693E-15    0
8389.00471701578  3.328810E-14   3.328810E-15   0
8389.54971409717  3.374909E-14   3.374909E-15   0
8390.09471117855  3.464220E-14   3.464220E-15   0
8390.63970825993  3.307318E-14   3.307318E-15   0
8391.18470534131  3.280706E-14   3.280706E-15   0
8391.72970242269  3.266741E-14   3.266741E-15   0
8392.27469950408  3.198914E-14   3.198914E-15   0
8392.81969658546  3.131408E-14   3.131408E-15   0
8393.36469366684  3.320392E-14   3.320392E-15   0
8393.90969074822  3.342353E-14   3.342353E-15   0
8394.4546878296  3.151934E-14   3.151934E-15    0
8394.99968491098  3.325987E-14   3.325987E-15   0
8395.54468199236  3.532601E-14   3.532601E-15   0
8396.08967907375  3.473573E-14   3.473573E-15   0
8396.63467615513  3.716950E-14   3.716950E-15   0
8397.17967323651  3.585329E-14   3.585329E-15   0
8397.72467031789  3.594403E-14   3.594403E-15   0
8398.26966739927  3.595311E-14   3.595311E-15   0
8398.81466448065  3.310690E-14   3.310690E-15   0
8399.35966156204  3.191758E-14   3.191758E-15   0
8399.90465864342  3.156453E-14   3.156453E-15   0
8400.4496557248  3.049804E-14   3.049804E-15    0
8400.99465280618  3.038262E-14   3.038262E-15   0
8401.53964988756  2.960629E-14   2.960629E-15   0
8402.08464696894  2.961420E-14   2.961420E-15   0
8402.62964405033  3.075478E-14   3.075478E-15   0
8403.17464113171  3.181459E-14   3.181459E-15   0
8403.71963821309  3.047987E-14   3.047987E-15   0
8404.26463529447  3.231175E-14   3.231175E-15   0
8404.80963237585  3.102196E-14   3.102196E-15   0
8405.35462945723  3.222084E-14   3.222084E-15   0
8405.89962653861  3.270582E-14   3.270582E-15   0
8406.44462362  3.227543E-14     227543E-15      0
8406.98962070138  3.133112E-14   3.133112E-15   0
8407.53461778276  3.254738E-14   3.254738E-15   0
8408.07961486414  3.175099E-14   3.175099E-15   0
8408.62461194552  3.336202E-14   3.336202E-15   0
8409.1696090269  3.414136E-14   3.414136E-15    0
8409.71460610828  3.325203E-14   3.325203E-15   0
8410.25960318967  3.142478E-14   3.142478E-15   0
8410.80460027105  3.223586E-14   3.223586E-15   0
8411.34959735243  3.432150E-14   3.432150E-15   0
8411.89459443381  3.246453E-14   3.246453E-15   0
8412.43959151519  3.460837E-14   3.460837E-15   0
8412.98458859658  3.390295E-14   3.390295E-15   0
8413.52958567795  3.173496E-14   3.173496E-15   0
8414.07458275934  3.330509E-14   3.330509E-15   0
8414.61957984072  3.401597E-14   3.401597E-15   0
8415.1645769221  3.082242E-14   3.082242E-15    0
8415.70957400348  3.024781E-14   3.024781E-15   0
8416.25457108487  3.256389E-14   3.256389E-15   0
8416.79956816625  3.190022E-14   3.190022E-15   0
8417.34456524763  3.144491E-14   3.144491E-15   0
8417.88956232901  3.236032E-14   3.236032E-15   0
8418.43455941039  3.293945E-14   3.293945E-15   0
8418.97955649177  3.374351E-14   3.374351E-15   0
8419.52455357315  3.439137E-14   3.439137E-15   0
8420.06955065454  3.198187E-14   3.198187E-15   0
8420.61454773592  3.216395E-14   3.216395E-15   0
8421.1595448173  3.343646E-14   3.343646E-15    0
8421.70454189868  3.327248E-14   3.327248E-15   0
8422.24953898006  3.386268E-14   3.386268E-15   0
8422.79453606144  3.326379E-14   3.326379E-15   0
8423.33953314283  3.252118E-14   3.252118E-15   0
8423.88453022421  3.135986E-14   3.135986E-15   0
8424.42952730559  3.299615E-14   3.299615E-15   0
8424.97452438697  3.552775E-14   3.552775E-15   0
8425.51952146835  3.589296E-14   3.589296E-15   0
8426.06451854973  3.569183E-14   3.569183E-15   0
8426.60951563111  3.513927E-14   3.513927E-15   0
8427.15451271249  3.530641E-14   3.530641E-15   0
8427.69950979388  3.716757E-14   3.716757E-15   0
8428.24450687526  3.648128E-14   3.648128E-15   0
8428.78950395664  3.440408E-14   3.440408E-15   0
8429.33450103802  3.331536E-14   3.331536E-15   0
8429.87949811941  3.215612E-14   3.215612E-15   0
8430.42449520079  3.102396E-14   3.102396E-15   0
8430.96949228217  2.975225E-14   2.975225E-15   0
8431.51448936355  2.921318E-14   2.921318E-15   0
8432.05948644493  3.081379E-14   3.081379E-15   0
8432.60448352631  3.170528E-14   3.170528E-15   0
8433.14948060769  3.067439E-14   3.067439E-15   0
8433.69447768908  3.135102E-14   3.135102E-15   0
8434.23947477046  3.325482E-14   3.325482E-15   0
8434.78447185184  3.364093E-14   3.364093E-15   0
8435.32946893322  3.440737E-14   3.440737E-15   0
8435.8744660146  3.240098E-14   3.240098E-15    0
8436.41946309598  3.083408E-14   3.083408E-15   0
8436.96446017736  3.107498E-14   3.107498E-15   0
8437.50945725875  3.217902E-14   3.217902E-15   0
8438.05445434013  3.417258E-14   3.417258E-15   0
8438.59945142151  3.158213E-14   3.158213E-15   0
8439.14444850289  3.279837E-14   3.279837E-15   0
8439.68944558427  3.161073E-14   3.161073E-15   0
8440.23444266565  3.143413E-14   3.143413E-15   0
8440.77943974704  3.076637E-14   3.076637E-15   0
8441.32443682842  3.139452E-14   3.139452E-15   0
8441.8694339098  3.302725E-14   3.302725E-15    0
8442.41443099118  3.189724E-14   3.189724E-15   0
8442.95942807256  3.264955E-14   3.264955E-15   0
8443.50442515394  3.270043E-14   3.270043E-15   0
8444.04942223532  3.309947E-14   3.309947E-15   0
8444.59441931671  3.316926E-14   3.316926E-15   0
8445.13941639809  3.246105E-14   3.246105E-15   0
8445.68441347947  3.152117E-14   3.152117E-15   0
8446.22941056085  3.303664E-14   3.303664E-15   0
8446.77440764223  3.170907E-14   3.170907E-15   0
8447.31940472362  3.287319E-14   3.287319E-15   0
8447.864401805  3.273256E-14    3.273256E-15    0
8448.40939888638  3.387869E-14   3.387869E-15   0
8448.95439596776  3.216356E-14   3.216356E-15   0
8449.49939304914  3.309854E-14   3.309854E-15   0
8450.04439013052  3.365518E-14   3.365518E-15   0
8450.5893872119  3.510960E-14   3.510960E-15    0
8451.13438429329  3.598996E-14   3.598996E-15   0
8451.67938137467  3.287752E-14   3.287752E-15   0
8452.22437845605  3.140923E-14   3.140923E-15   0
8452.76937553743  3.218244E-14   3.218244E-15   0
8453.31437261881  3.141063E-14   3.141063E-15   0
8453.85936970019  3.331466E-14   3.331466E-15   0
8454.40436678158  3.462568E-14   3.462568E-15   0
8454.94936386296  3.306946E-14   3.306946E-15   0
8455.49436094434  3.195252E-14   3.195252E-15   0
8456.03935802572  3.131428E-14   3.131428E-15   0
8456.5843551071  3.146345E-14   3.146345E-15    0
8457.12935218848  3.147488E-14   3.147488E-15   0
8457.67434926986  3.284422E-14   3.284422E-15   0
8458.21934635125  3.344531E-14   3.344531E-15   0
8458.76434343263  3.218904E-14   3.218904E-15   0
8459.30934051401  3.037858E-14   3.037858E-15   0
8459.85433759539  3.137601E-14   3.137601E-15   0
8460.39933467677  3.314475E-14   3.314475E-15   0
8460.94433175815  3.384312E-14   3.384312E-15   0
8461.48932883954  3.308240E-14   3.308240E-15   0
8462.03432592092  3.579168E-14   3.579168E-15   0
8462.5793230023  3.655778E-14   3.655778E-15    0
8463.12432008368  3.472217E-14   3.472217E-15   0
8463.66931716506  3.542485E-14   3.542485E-15   0
8464.21431424644  3.344623E-14   3.344623E-15   0
8464.75931132783  3.530993E-14   3.530993E-15   0
8465.30430840921  3.255915E-14   3.255915E-15   0
8465.84930549059  3.012487E-14   3.012487E-15   0
8466.39430257197  3.083471E-14   3.083471E-15   0
8466.93929965335  3.269808E-14   3.269808E-15   0
8467.48429673473  3.175715E-14   3.175715E-15   0
8468.02929381611  3.117641E-14   3.117641E-15   0
8468.5742908975  3.143661E-14   3.143661E-15    0
8469.11928797888  3.269996E-14   3.269996E-15   0
8469.66428506026  3.138900E-14   3.138900E-15   0
8470.20928214164  3.178543E-14   3.178543E-15   0
8470.75427922302  3.281248E-14   3.281248E-15   0
8471.2992763044  3.461788E-14   3.461788E-15    0
8471.84427338578  3.419765E-14   3.419765E-15   0
8472.38927046717  3.372997E-14   3.372997E-15   0
8472.93426754855  3.384862E-14   3.384862E-15   0
8473.47926462993  3.293795E-14   3.293795E-15   0
8474.02426171131  3.135098E-14   3.135098E-15   0
8474.56925879269  3.159897E-14   3.159897E-15   0
8475.11425587408  3.239140E-14   3.239140E-15   0
8475.65925295546  3.228331E-14   3.228331E-15   0
8476.20425003684  3.308930E-14   3.308930E-15   0
8476.74924711822  3.353607E-14   3.353607E-15   0
8477.2942441996  3.293182E-14   3.293182E-15    0
8477.83924128098  3.297385E-14   3.297385E-15   0
8478.38423836236  3.233265E-14   3.233265E-15   0
8478.92923544375  3.255878E-14   3.255878E-15   0
8479.47423252513  3.307937E-14   3.307937E-15   0
8480.01922960651  3.213286E-14   3.213286E-15   0
8480.56422668789  3.211936E-14   3.211936E-15   0
8481.10922376927  3.368327E-14   3.368327E-15   0
8481.65422085065  3.362036E-14   3.362036E-15   0
8482.19921793204  3.219631E-14   3.219631E-15   0
8482.74421501342  3.387065E-14   3.387065E-15   0
8483.2892120948  3.295351E-14   3.295351E-15    0
8483.83420917618  3.340502E-14   3.340502E-15   0
8484.37920625756  3.300116E-14   3.300116E-15   0
8484.92420333895  3.228642E-14   3.228642E-15   0
8485.46920042032  3.071523E-14   3.071523E-15   0
8486.01419750171  3.121078E-14   3.121078E-15   0
8486.55919458309  3.382100E-14   3.382100E-15   0
8487.10419166447  3.280907E-14   3.280907E-15   0
8487.64918874585  3.111913E-14   3.111913E-15   0
8488.19418582723  3.279846E-14   3.279846E-15   0
8488.73918290862  3.275929E-14   3.275929E-15   0
8489.28417999  3.406350E-14     3.406350E-15    0
8489.82917707138  3.274502E-14   3.274502E-15   0
8490.37417415276  3.304760E-14   3.304760E-15   0
8490.91917123414  3.243264E-14   3.243264E-15   0
8491.46416831552  3.164475E-14   3.164475E-15   0
8492.0091653969  3.278504E-14   3.278504E-15    0
8492.55416247829  3.308086E-14   3.308086E-15   0
8493.09915955967  3.060291E-14   3.060291E-15   0
8493.64415664105  3.093532E-14   3.093532E-15   0
8494.18915372243  3.248544E-14   3.248544E-15   0
8494.73415080381  3.262770E-14   3.262770E-15   0
8495.27914788519  3.238053E-14   3.238053E-15   0
8495.82414496657  3.308083E-14   3.308083E-15   0
8496.36914204796  3.101058E-14   3.101058E-15   0
8496.91413912934  3.159377E-14   3.159377E-15   0
8497.45913621072  3.356730E-14   3.356730E-15   0
8498.0041332921  3.486635E-14   3.486635E-15    0
8498.54913037348  3.243615E-14   3.243615E-15   0
8499.09412745486  2.957157E-14   2.957157E-15   0
8499.63912453625  3.023029E-14   3.023029E-15   0
8500.18412161763  3.110260E-14   3.110260E-15   0
8500.72911869901  3.137592E-14   3.137592E-15   0
8501.27411578039  3.046209E-14   3.046209E-15   0
8501.81911286177  2.924189E-14   2.924189E-15   0
8502.36410994315  3.036264E-14   3.036264E-15   0
8502.90910702454  3.057364E-14   3.057364E-15   0
8503.45410410592  2.886824E-14   2.886824E-15   0
8503.9991011873  3.109247E-14   3.109247E-15    0
8504.54409826868  2.860262E-14   2.860262E-15   0
8505.08909535006  2.866533E-14   2.866533E-15   0
8505.63409243144  3.058545E-14   3.058545E-15   0
8506.17908951283  2.923644E-14   2.923644E-15   0
8506.72408659421  2.990695E-14   2.990695E-15   0
8507.26908367559  2.976179E-14   2.976179E-15   0
8507.81408075697  3.083304E-14   3.083304E-15   0
8508.35907783835  3.083837E-14   3.083837E-15   0
8508.90407491973  3.271087E-14   3.271087E-15   0
8509.44907200111  3.250778E-14   3.250778E-15   0
8509.9940690825  3.285248E-14   3.285248E-15    0
8510.53906616388  3.242348E-14   3.242348E-15   0
8511.08406324526  3.144382E-14   3.144382E-15   0
8511.62906032664  3.364289E-14   3.364289E-15   0
8512.17405740802  3.334050E-14   3.334050E-15   0
8512.7190544894  3.344941E-14   3.344941E-15    0
8513.26405157079  3.340199E-14   3.340199E-15   0
8513.80904865217  3.141604E-14   3.141604E-15   0
8514.35404573355  3.185425E-14   3.185425E-15   0
8514.89904281493  3.416938E-14   3.416938E-15   0
8515.44403989631  3.348348E-14   3.348348E-15   0
8515.98903697769  3.337218E-14   3.337218E-15   0
8516.53403405907  3.358488E-14   3.358488E-15   0
8517.07903114046  3.207725E-14   3.207725E-15   0
8517.62402822184  3.177509E-14   3.177509E-15   0
8518.16902530322  3.415975E-14   3.415975E-15   0
8518.7140223846  3.325229E-14   3.325229E-15    0
8519.25901946598  3.234608E-14   3.234608E-15   0
8519.80401654737  3.324952E-14   3.324952E-15   0
8520.34901362875  3.357848E-14   3.357848E-15   0
8520.89401071013  3.249756E-14   3.249756E-15   0
8521.43900779151  3.198074E-14   3.198074E-15   0
8521.98400487289  3.159395E-14   3.159395E-15   0
8522.52900195427  3.063367E-14   3.063367E-15   0
8523.07399903565  3.093732E-14   3.093732E-15   0
8523.61899611704  3.290493E-14   3.290493E-15   0
8524.16399319842  3.251957E-14   3.251957E-15   0
8524.7089902798  3.332515E-14   3.332515E-15    0
8525.25398736118  3.428886E-14   3.428886E-15   0
8525.79898444256  3.290026E-14   3.290026E-15   0
8526.34398152394  3.269566E-14   3.269566E-15   0
8526.88897860533  3.310202E-14   3.310202E-15   0
8527.43397568671  3.365385E-14   3.365385E-15   0
8527.97897276809  3.347711E-14   3.347711E-15   0
8528.52396984947  3.298912E-14   3.298912E-15   0
8529.06896693085  3.271236E-14   3.271236E-15   0
8529.61396401223  3.233953E-14   3.233953E-15   0
8530.15896109362  3.170116E-14   3.170116E-15   0
8530.703958175  3.253074E-14    3.253074E-15    0
8531.24895525638  3.391831E-14   3.391831E-15   0
8531.79395233776  3.214048E-14   3.214048E-15   0
8532.33894941914  3.202659E-14   3.202659E-15   0
8532.88394650052  3.264851E-14   3.264851E-15   0
8533.42894358191  3.215283E-14   3.215283E-15   0
8533.97394066328  3.098763E-14   3.098763E-15   0
8534.51893774467  3.255254E-14   3.255254E-15   0
8535.06393482605  3.242861E-14   3.242861E-15   0
8535.60893190743  3.242681E-14   3.242681E-15   0
8536.15392898881  3.182399E-14   3.182399E-15   0
8536.69892607019  3.186065E-14   3.186065E-15   0
8537.24392315158  3.288216E-14   3.288216E-15   0
8537.78892023296  3.137762E-14   3.137762E-15   0
8538.33391731434  2.982816E-14   2.982816E-15   0
8538.87891439572  3.032666E-14   3.032666E-15   0
8539.4239114771  3.095137E-14   3.095137E-15    0
8539.96890855848  2.948029E-14   2.948029E-15   0
8540.51390563987  3.029785E-14   3.029785E-15   0
8541.05890272125  3.039302E-14   3.039302E-15   0
8541.60389980263  2.967940E-14   2.967940E-15   0
8542.14889688401  2.801584E-14   2.801584E-15   0
8542.69389396539  2.853046E-14   2.853046E-15   0
8543.23889104677  2.982987E-14   2.982987E-15   0
8543.78388812816  3.074017E-14   3.074017E-15   0
8544.32888520954  2.764797E-14   2.764797E-15   0
8544.87388229092  2.525585E-14   2.525585E-15   0
8545.4188793723  2.430481E-14   2.430481E-15    0
8545.96387645368  2.228729E-14   2.228729E-15   0
8546.50887353506  2.244981E-14   2.244981E-15   0
8547.05387061644  2.301797E-14   2.301797E-15   0
8547.59886769783  2.372423E-14   2.372423E-15   0
8548.14386477921  2.274246E-14   2.274246E-15   0
8548.68886186059  2.396612E-14   2.396612E-15   0
8549.23385894197  2.651700E-14   2.651700E-15   0
8549.77885602335  2.768178E-14   2.768178E-15   0
8550.32385310473  2.995092E-14   2.995092E-15   0
8550.86885018612  3.041941E-14   3.041941E-15   0
8551.4138472675  3.057370E-14   3.057370E-15    0
8551.95884434888  3.073085E-14   3.073085E-15   0
8552.50384143026  3.220884E-14   3.220884E-15   0
8553.04883851164  3.085247E-14   3.085247E-15   0
8553.59383559302  3.143938E-14   3.143938E-15   0
8554.1388326744  3.273620E-14   3.273620E-15    0
8554.68382975579  3.254694E-14   3.254694E-15   0
8555.22882683717  3.391099E-14   3.391099E-15   0
8555.77382391855  3.200859E-14   3.200859E-15   0
8556.31882099993  3.282343E-14   3.282343E-15   0
8556.86381808131  3.158022E-14   3.158022E-15   0
8557.40881516269  3.347218E-14   3.347218E-15   0
8557.95381224408  3.252858E-14   3.252858E-15   0
8558.49880932546  3.350540E-14   3.350540E-15   0
8559.04380640684  3.279418E-14   3.279418E-15   0
8559.58880348822  3.222554E-14   3.222554E-15   0
8560.1338005696  3.261941E-14   3.261941E-15    0
8560.67879765098  3.134067E-14   3.134067E-15   0
8561.22379473237  3.103791E-14   3.103791E-15   0
8561.76879181375  3.227370E-14   3.227370E-15   0
8562.31378889513  3.177779E-14   3.177779E-15   0
8562.85878597651  3.252407E-14   3.252407E-15   0
8563.40378305789  3.285440E-14   3.285440E-15   0
8563.94878013927  3.245728E-14   3.245728E-15   0
8564.49377722065  3.250881E-14   3.250881E-15   0
8565.03877430204  3.109667E-14   3.109667E-15   0
8565.58377138342  3.257594E-14   3.257594E-15   0
8566.1287684648  3.142834E-14   3.142834E-15    0
8566.67376554618  3.279649E-14   3.279649E-15   0
8567.21876262756  3.493423E-14   3.493423E-15   0
8567.76375970894  3.251120E-14   3.251120E-15   0
8568.30875679033  3.290767E-14   3.290767E-15   0
8568.85375387171  3.337827E-14   3.337827E-15   0
8569.39875095309  3.298725E-14   3.298725E-15   0
8569.94374803447  3.398420E-14   3.398420E-15   0
8570.48874511585  3.226044E-14   3.226044E-15   0
8571.03374219723  3.240701E-14   3.240701E-15   0
8571.57873927862  3.144832E-14   3.144832E-15   0
8572.12373636  3.216041E-14     216041E-15      0
8572.66873344138  3.409725E-14   3.409725E-15   0
8573.21373052276  3.442412E-14   3.442412E-15   0
8573.75872760414  3.147683E-14   3.147683E-15   0
8574.30372468552  3.211034E-14   3.211034E-15   0
8574.84872176691  3.236313E-14   3.236313E-15   0
8575.39371884829  3.213048E-14   3.213048E-15   0
8575.93871592967  3.405953E-14   3.405953E-15   0
8576.48371301105  3.290489E-14   3.290489E-15   0
8577.02871009243  3.004546E-14   3.004546E-15   0
8577.57370717381  3.116604E-14   3.116604E-15   0
8578.11870425519  3.193412E-14   3.193412E-15   0
8578.66370133658  3.025117E-14   3.025117E-15   0
8579.20869841796  2.992328E-14   2.992328E-15   0
8579.75369549934  3.022619E-14   3.022619E-15   0
8580.29869258072  3.137060E-14   3.137060E-15   0
8580.8436896621  3.249707E-14   3.249707E-15    0
8581.38868674348  3.131504E-14   3.131504E-15   0
8581.93368382487  3.121588E-14   3.121588E-15   0
8582.47868090625  3.225038E-14   3.225038E-15   0
8583.02367798763  3.233977E-14   3.233977E-15   0
8583.56867506901  3.144385E-14   3.144385E-15   0
8584.11367215039  3.168175E-14   3.168175E-15   0
8584.65866923177  3.219013E-14   3.219013E-15   0
8585.20366631315  3.263083E-14   3.263083E-15   0
8585.74866339454  3.315593E-14   3.315593E-15   0
8586.29366047592  3.175955E-14   3.175955E-15   0
8586.8386575573  3.233516E-14   3.233516E-15    0
8587.38365463868  3.165548E-14   3.165548E-15   0
8587.92865172006  3.172163E-14   3.172163E-15   0
8588.47364880144  3.122214E-14   3.122214E-15   0
8589.01864588283  3.044372E-14   3.044372E-15   0
8589.56364296421  3.126508E-14   3.126508E-15   0
8590.10864004559  3.102873E-14   3.102873E-15   0
8590.65363712697  3.085057E-14   3.085057E-15   0
8591.19863420835  3.330175E-14   3.330175E-15   0
8591.74363128973  3.213702E-14   3.213702E-15   0
8592.28862837112  3.284929E-14   3.284929E-15   0
8592.8336254525  3.145516E-14   3.145516E-15    0
8593.37862253388  3.181256E-14   3.181256E-15   0
8593.92361961526  3.155488E-14   3.155488E-15   0
8594.46861669664  3.109631E-14   3.109631E-15   0
8595.01361377802  3.166625E-14   3.166625E-15   0
8595.5586108594  3.243074E-14   3.243074E-15    0
8596.10360794079  3.344218E-14   3.344218E-15   0
8596.64860502217  3.084002E-14   3.084002E-15   0
8597.19360210355  3.054577E-14   3.054577E-15   0
8597.73859918493  3.164172E-14   3.164172E-15   0
8598.28359626631  3.069078E-14   3.069078E-15   0
8598.82859334769  3.128285E-14   3.128285E-15   0
8599.37359042907  3.252333E-14   3.252333E-15   0
8599.91858751046  3.299489E-14   3.299489E-15   0
8600.46358459184  3.094116E-14   3.094116E-15   0
8601.00858167322  2.964927E-14   2.964927E-15   0
8601.5535787546  3.028740E-14   3.028740E-15    0
8602.09857583599  3.064770E-14   3.064770E-15   0
8602.64357291736  3.069087E-14   3.069087E-15   0
8603.18856999875  3.204024E-14   3.204024E-15   0
8603.73356708013  3.096242E-14   3.096242E-15   0
8604.27856416151  3.027820E-14   3.027820E-15   0
8604.82356124289  3.158009E-14   3.158009E-15   0
8605.36855832427  3.301883E-14   3.301883E-15   0
8605.91355540565  3.287536E-14   3.287536E-15   0
8606.45855248704  3.231153E-14   3.231153E-15   0
8607.00354956842  3.219433E-14   3.219433E-15   0
8607.5485466498  3.108027E-14   3.108027E-15    0
8608.09354373118  3.127222E-14   3.127222E-15   0
8608.63854081256  3.252347E-14   3.252347E-15   0
8609.18353789394  3.339137E-14   3.339137E-15   0
8609.72853497533  3.314911E-14   3.314911E-15   0
8610.27353205671  3.248452E-14   3.248452E-15   0
8610.81852913809  3.179737E-14   3.179737E-15   0
8611.36352621947  3.166967E-14   3.166967E-15   0
8611.90852330085  3.083538E-14   3.083538E-15   0
8612.45352038224  3.131098E-14   3.131098E-15   0
8612.99851746361  3.269657E-14   3.269657E-15   0
8613.543514545  2.996748E-14    2.996748E-15    0
8614.08851162638  3.074725E-14   3.074725E-15   0
8614.63350870776  2.977548E-14   2.977548E-15   0
8615.17850578914  3.166940E-14   3.166940E-15   0
8615.72350287052  3.157184E-14   3.157184E-15   0
8616.2684999519  3.415862E-14   3.415862E-15    0
8616.81349703329  3.245044E-14   3.245044E-15   0
8617.35849411467  3.104130E-14   3.104130E-15   0
8617.90349119605  3.066902E-14   3.066902E-15   0
8618.44848827743  3.096799E-14   3.096799E-15   0
8618.99348535881  3.191036E-14   3.191036E-15   0
8619.5384824402  3.219479E-14   3.219479E-15    0
8620.08347952158  3.026521E-14   3.026521E-15   0
8620.62847660296  2.996070E-14   2.996070E-15   0
8621.17347368434  3.100687E-14   3.100687E-15   0
8621.71847076572  3.124431E-14   3.124431E-15   0
8622.2634678471  3.029060E-14   3.029060E-15    0
8622.80846492848  3.209050E-14   3.209050E-15   0
8623.35346200987  3.280824E-14   3.280824E-15   0
8623.89845909125  3.086575E-14   3.086575E-15   0
8624.44345617263  3.157519E-14   3.157519E-15   0
8624.98845325401  2.993623E-14   2.993623E-15   0
8625.53345033539  3.267682E-14   3.267682E-15   0
8626.07844741677  3.166576E-14   3.166576E-15   0
8626.62344449815  3.164481E-14   3.164481E-15   0
8627.16844157954  3.335123E-14   3.335123E-15   0
8627.71343866092  3.242585E-14   3.242585E-15   0
8628.2584357423  3.305482E-14   3.305482E-15    0
8628.80343282368  3.008406E-14   3.008406E-15   0
8629.34842990506  3.086764E-14   3.086764E-15   0
8629.89342698644  3.038068E-14   3.038068E-15   0
8630.43842406783  3.338408E-14   3.338408E-15   0
8630.98342114921  3.336765E-14   3.336765E-15   0
8631.52841823059  3.183092E-14   3.183092E-15   0
8632.07341531197  3.177326E-14   3.177326E-15   0
8632.61841239335  3.049865E-14   3.049865E-15   0
8633.16340947473  3.082463E-14   3.082463E-15   0
8633.70840655612  3.035227E-14   3.035227E-15   0
8634.2534036375  3.186265E-14   3.186265E-15    0
8634.79840071888  3.165424E-14   3.165424E-15   0
8635.34339780026  3.086216E-14   3.086216E-15   0
8635.88839488164  3.107446E-14   3.107446E-15   0
8636.43339196302  3.044065E-14   3.044065E-15   0
8636.97838904441  3.162536E-14   3.162536E-15   0
8637.52338612579  3.098079E-14   3.098079E-15   0
8638.06838320717  3.045006E-14   3.045006E-15   0
8638.61338028855  2.944576E-14   2.944576E-15   0
8639.15837736993  2.970391E-14   2.970391E-15   0
8639.70337445131  3.090880E-14   3.090880E-15   0
8640.2483715327  3.102707E-14   3.102707E-15    0
8640.79336861408  2.949328E-14   2.949328E-15   0
8641.33836569546  3.058981E-14   3.058981E-15   0
8641.88336277684  3.340361E-14   3.340361E-15   0
8642.42835985822  3.376111E-14   3.376111E-15   0
8642.9733569396  3.188084E-14   3.188084E-15    0
8643.51835402098  3.079408E-14   3.079408E-15   0
8644.06335110237  3.110927E-14   3.110927E-15   0
8644.60834818375  3.185971E-14   3.185971E-15   0
8645.15334526513  3.282893E-14   3.282893E-15   0
8645.69834234651  2.990335E-14   2.990335E-15   0
8646.24333942789  3.177102E-14   3.177102E-15   0
8646.78833650927  3.121988E-14   3.121988E-15   0
8647.33333359066  3.157672E-14   3.157672E-15   0
8647.87833067204  3.195917E-14   3.195917E-15   0
8648.42332775342  3.279528E-14   3.279528E-15   0
8648.9683248348  3.332133E-14   3.332133E-15    0
8649.51332191618  3.252957E-14   3.252957E-15   0
8650.05831899756  3.293840E-14   3.293840E-15   0
8650.60331607894  3.264392E-14   3.264392E-15   0
8651.14831316033  3.231832E-14   3.231832E-15   0
8651.69331024171  3.062078E-14   3.062078E-15   0
8652.23830732309  3.246343E-14   3.246343E-15   0
8652.78330440447  3.283990E-14   3.283990E-15   0
8653.32830148585  3.171392E-14   3.171392E-15   0
8653.87329856723  3.159887E-14   3.159887E-15   0
8654.41829564861  3.345921E-14   3.345921E-15   0
8654.96329273  3.375658E-14     3.375658E-15    0
8655.50828981138  3.203301E-14   3.203301E-15   0
8656.05328689276  3.125400E-14   3.125400E-15   0
8656.59828397414  3.239711E-14   3.239711E-15   0
8657.14328105552  3.238123E-14   3.238123E-15   0
8657.68827813691  3.282337E-14   3.282337E-15   0
8658.23327521829  3.296496E-14   3.296496E-15   0
8658.77827229967  3.132488E-14   3.132488E-15   0
8659.32326938105  2.991980E-14   2.991980E-15   0
8659.86826646243  3.239542E-14   3.239542E-15   0
8660.41326354381  3.346683E-14   3.346683E-15   0
8660.9582606252  3.277871E-14   3.277871E-15    0
8661.50325770658  3.322228E-14   3.322228E-15   0
8662.04825478796  3.058767E-14   3.058767E-15   0
8662.59325186934  3.219751E-14   3.219751E-15   0
8663.13824895072  3.129138E-14   3.129138E-15   0
8663.6832460321  3.038556E-14   3.038556E-15    0
8664.22824311348  2.988124E-14   2.988124E-15   0
8664.77324019487  2.845345E-14   2.845345E-15   0
8665.31823727625  2.633133E-14   2.633133E-15   0
8665.86323435763  2.370380E-14   2.370380E-15   0
8666.40823143901  2.279832E-14   2.279832E-15   0
8666.95322852039  2.236882E-14   2.236882E-15   0
8667.49822560177  2.284441E-14   2.284441E-15   0
8668.04322268315  2.196478E-14   2.196478E-15   0
8668.58821976454  2.358937E-14   2.358937E-15   0
8669.13321684592  2.508472E-14   2.508472E-15   0
8669.6782139273  2.469781E-14   2.469781E-15    0
8670.22321100868  2.623748E-14   2.623748E-15   0
8670.76820809006  2.833105E-14   2.833105E-15   0
8671.31320517144  2.848900E-14   2.848900E-15   0
8671.85820225283  2.872142E-14   2.872142E-15   0
8672.40319933421  2.848176E-14   2.848176E-15   0
8672.94819641559  3.000190E-14   3.000190E-15   0
8673.49319349697  2.990302E-14   2.990302E-15   0
8674.03819057835  3.082940E-14   3.082940E-15   0
8674.58318765973  3.032162E-14   3.032162E-15   0
8675.12818474112  3.248249E-14   3.248249E-15   0
8675.6731818225  3.106445E-14   3.106445E-15    0
8676.21817890388  3.023949E-14   3.023949E-15   0
8676.76317598526  3.040272E-14   3.040272E-15   0
8677.30817306664  3.132571E-14   3.132571E-15   0
8677.85317014802  3.113342E-14   3.113342E-15   0
8678.39816722941  3.081321E-14   3.081321E-15   0
8678.94316431079  3.065916E-14   3.065916E-15   0
8679.48816139217  3.020861E-14   3.020861E-15   0
8680.03315847355  3.201806E-14   3.201806E-15   0
8680.57815555493  3.283636E-14   3.283636E-15   0
8681.12315263631  3.223083E-14   3.223083E-15   0
8681.66814971769  3.147662E-14   3.147662E-15   0
8682.21314679908  2.858639E-14   2.858639E-15   0
8682.75814388046  2.753098E-14   2.753098E-15   0
8683.30314096184  3.018899E-14   3.018899E-15   0
8683.84813804322  3.041018E-14   3.041018E-15   0
8684.3931351246  2.995005E-14   2.995005E-15    0
8684.93813220598  3.208842E-14   3.208842E-15   0
8685.48312928737  3.204774E-14   3.204774E-15   0
8686.02812636875  3.064748E-14   3.064748E-15   0
8686.57312345013  3.060029E-14   3.060029E-15   0
8687.11812053151  3.107902E-14   3.107902E-15   0
8687.66311761289  3.145680E-14   3.145680E-15   0
8688.20811469427  2.894726E-14   2.894726E-15   0
8688.75311177566  3.097588E-14   3.097588E-15   0
8689.29810885703  3.030524E-14   3.030524E-15   0
8689.84310593842  2.999034E-14   2.999034E-15   0
8690.3881030198  2.836410E-14   2.836410E-15    0
8690.93310010118  3.065819E-14   3.065819E-15   0
8691.47809718256  3.270375E-14   3.270375E-15   0
8692.02309426395  3.072505E-14   3.072505E-15   0
8692.56809134533  2.994078E-14   2.994078E-15   0
8693.11308842671  3.089089E-14   3.089089E-15   0
8693.65808550809  3.092566E-14   3.092566E-15   0
8694.20308258947  2.993719E-14   2.993719E-15   0
8694.74807967085  3.116313E-14   3.116313E-15   0
8695.29307675223  3.102406E-14   3.102406E-15   0
8695.83807383362  3.030185E-14   3.030185E-15   0
8696.383070915  3.038202E-14    3.038202E-15    0
8696.92806799638  3.039833E-14   3.039833E-15   0
8697.47306507776  3.187188E-14   3.187188E-15   0
8698.01806215914  3.233366E-14   3.233366E-15   0
8698.56305924052  3.088383E-14   3.088383E-15   0
8699.10805632191  3.232138E-14   3.232138E-15   0
8699.65305340329  3.226940E-14   3.226940E-15   0
8700.19805048467  3.114284E-14   3.114284E-15   0
8700.74304756605  3.127932E-14   3.127932E-15   0
8701.28804464743  3.130447E-14   3.130447E-15   0
8701.83304172881  3.235924E-14   3.235924E-15   0
8702.3780388102  3.150524E-14   3.150524E-15    0
8702.92303589158  3.014600E-14   3.014600E-15   0
8703.46803297296  2.979805E-14   2.979805E-15   0
8704.01303005434  3.070595E-14   3.070595E-15   0
8704.55802713572  3.114420E-14   3.114420E-15   0
8705.1030242171  3.140241E-14   3.140241E-15    0
8705.64802129848  3.149197E-14   3.149197E-15   0
8706.19301837987  3.386609E-14   3.386609E-15   0
8706.73801546125  3.143346E-14   3.143346E-15   0
8707.28301254263  3.060759E-14   3.060759E-15   0
8707.82800962401  3.252595E-14   3.252595E-15   0
8708.37300670539  3.154083E-14   3.154083E-15   0
8708.91800378677  2.975148E-14   2.975148E-15   0
8709.46300086816  3.311212E-14   3.311212E-15   0
8710.00799794954  3.089737E-14   3.089737E-15   0
8710.55299503092  2.987689E-14   2.987689E-15   0
8711.0979921123  3.190226E-14   3.190226E-15    0
8711.64298919368  3.284089E-14   3.284089E-15   0
8712.18798627506  3.042322E-14   3.042322E-15   0
8712.73298335645  3.052689E-14   3.052689E-15   0
8713.27798043783  3.138515E-14   3.138515E-15   0
8713.82297751921  3.085002E-14   3.085002E-15   0
8714.36797460059  3.003969E-14   3.003969E-15   0
8714.91297168197  2.948232E-14   2.948232E-15   0
8715.45796876335  3.085562E-14   3.085562E-15   0
8716.00296584473  3.245494E-14   3.245494E-15   0
8716.54796292612  3.104769E-14   3.104769E-15   0
8717.0929600075  3.164913E-14   3.164913E-15    0
8717.63795708888  3.064556E-14   3.064556E-15   0
8718.18295417026  3.065745E-14   3.065745E-15   0
8718.72795125164  3.077702E-14   3.077702E-15   0
8719.27294833303  2.940495E-14   2.940495E-15   0
8719.8179454144  3.039757E-14   3.039757E-15    0
8720.36294249579  3.112876E-14   3.112876E-15   0
8720.90793957717  3.060488E-14   3.060488E-15   0
8721.45293665855  2.995138E-14   2.995138E-15   0
8721.99793373993  3.150448E-14   3.150448E-15   0
8722.54293082131  3.107097E-14   3.107097E-15   0
8723.08792790269  3.041006E-14   3.041006E-15   0
8723.63292498408  3.228021E-14   3.228021E-15   0
8724.17792206546  3.200711E-14   3.200711E-15   0
8724.72291914684  3.172005E-14   3.172005E-15   0
8725.26791622822  3.165340E-14   3.165340E-15   0
8725.8129133096  3.234090E-14   3.234090E-15    0
8726.35791039098  3.141029E-14   3.141029E-15   0
8726.90290747237  3.073700E-14   3.073700E-15   0
8727.44790455375  3.192684E-14   3.192684E-15   0
8727.99290163513  3.095904E-14   3.095904E-15   0
8728.53789871651  2.957925E-14   2.957925E-15   0
8729.08289579789  3.072087E-14   3.072087E-15   0
8729.62789287928  2.860623E-14   2.860623E-15   0
8730.17288996066  3.111104E-14   3.111104E-15   0
8730.71788704204  3.081321E-14   3.081321E-15   0
8731.26288412342  2.952163E-14   2.952163E-15   0
8731.8078812048  2.997433E-14   2.997433E-15    0
8732.35287828618  2.874013E-14   2.874013E-15   0
8732.89787536756  3.021666E-14   3.021666E-15   0
8733.44287244894  3.150424E-14   3.150424E-15   0
8733.98786953033  3.063564E-14   3.063564E-15   0
8734.53286661171  3.024601E-14   3.024601E-15   0
8735.07786369309  2.984570E-14   2.984570E-15   0
8735.62286077447  3.048933E-14   3.048933E-15   0
8736.16785785585  3.079547E-14   3.079547E-15   0
8736.71285493723  3.090974E-14   3.090974E-15   0
8737.25785201862  3.093698E-14   3.093698E-15   0
8737.8028491  2.983831E-14      2.983831E-15    0
8738.34784618138  3.109031E-14   3.109031E-15   0
8738.89284326276  2.947851E-14   2.947851E-15   0
8739.43784034414  2.921858E-14   2.921858E-15   0
8739.98283742552  3.076995E-14   3.076995E-15   0
8740.5278345069  3.195291E-14   3.195291E-15    0
8741.07283158829  3.273200E-14   3.273200E-15   0
8741.61782866967  3.132093E-14   3.132093E-15   0
8742.16282575105  3.061750E-14   3.061750E-15   0
8742.70782283243  3.048530E-14   3.048530E-15   0
8743.25281991382  3.202867E-14   3.202867E-15   0
8743.79781699519  3.100486E-14   3.100486E-15   0
8744.34281407658  3.164242E-14   3.164242E-15   0
8744.88781115796  3.264610E-14   3.264610E-15   0
8745.43280823934  3.032306E-14   3.032306E-15   0
8745.97780532072  3.122293E-14   3.122293E-15   0
8746.5228024021  3.191414E-14   3.191414E-15    0
8747.06779948349  2.981551E-14   2.981551E-15   0
8747.61279656487  2.942637E-14   2.942637E-15   0
8748.15779364625  2.951473E-14   2.951473E-15   0
8748.70279072763  3.159866E-14   3.159866E-15   0
8749.24778780901  3.185142E-14   3.185142E-15   0
8749.79278489039  3.139496E-14   3.139496E-15   0
8750.33778197177  3.093854E-14   3.093854E-15   0
8750.88277905316  3.147115E-14   3.147115E-15   0
8751.42777613454  3.104060E-14   3.104060E-15   0
8751.97277321592  3.036065E-14   3.036065E-15   0
8752.5177702973  2.992746E-14   2.992746E-15    0
8753.06276737868  2.929186E-14   2.929186E-15   0
8753.60776446006  3.050876E-14   3.050876E-15   0
8754.15276154144  3.082088E-14   3.082088E-15   0
8754.69775862283  3.103122E-14   3.103122E-15   0
8755.24275570421  3.008433E-14   3.008433E-15   0
8755.78775278559  3.042986E-14   3.042986E-15   0
8756.33274986697  3.230462E-14   3.230462E-15   0
8756.87774694835  3.060203E-14   3.060203E-15   0
8757.42274402973  3.193464E-14   3.193464E-15   0
8757.96774111111  3.026302E-14   3.026302E-15   0
8758.5127381925  2.945051E-14   2.945051E-15    0
8759.05773527388  3.150811E-14   3.150811E-15   0
8759.60273235526  3.194916E-14   3.194916E-15   0
8760.14772943664  3.226357E-14   3.226357E-15   0
8760.69272651803  3.179730E-14   3.179730E-15   0
8761.23772359941  3.179161E-14   3.179161E-15   0
8761.78272068079  3.105082E-14   3.105082E-15   0
8762.32771776217  3.024073E-14   3.024073E-15   0
8762.87271484355  3.012455E-14   3.012455E-15   0
8763.41771192493  3.002339E-14   3.002339E-15   0
8763.96270900631  2.913292E-14   2.913292E-15   0
8764.5077060877  3.059333E-14   3.059333E-15    0
8765.05270316908  3.197656E-14   3.197656E-15   0
8765.59770025046  3.168527E-14   3.168527E-15   0
8766.14269733184  3.140797E-14   3.140797E-15   0
8766.68769441322  3.050085E-14   3.050085E-15   0
8767.2326914946  3.191157E-14   3.191157E-15    0
8767.77768857599  3.062377E-14   3.062377E-15   0
8768.32268565737  3.124024E-14   3.124024E-15   0
8768.86768273875  3.141684E-14   3.141684E-15   0
8769.41267982013  3.025653E-14   3.025653E-15   0
8769.95767690151  2.865252E-14   2.865252E-15   0
8770.50267398289  2.874619E-14   2.874619E-15   0
8771.04767106427  2.830644E-14   2.830644E-15   0
8771.59266814565  2.797809E-14   2.797809E-15   0
8772.13766522704  2.912328E-14   2.912328E-15   0
8772.68266230842  2.508968E-14   2.508968E-15   0
8773.2276593898  2.892676E-14   2.892676E-15    0
8773.77265647118  3.096868E-14   3.096868E-15   0
8774.31765355256  2.989965E-14   2.989965E-15   0
8774.86265063395  3.098998E-14   3.098998E-15   0
8775.40764771533  3.171996E-14   3.171996E-15   0
8775.95264479671  3.154502E-14   3.154502E-15   0
8776.49764187809  3.163965E-14   3.163965E-15   0
8777.04263895947  3.371987E-14   3.371987E-15   0
8777.58763604085  3.411184E-14   3.411184E-15   0
8778.13263312224  3.401424E-14   3.401424E-15   0
8778.67763020362  3.113441E-14   3.113441E-15   0
8779.222627285  3.097852E-14    3.097852E-15    0
8779.76762436638  2.934851E-14   2.934851E-15   0
8780.31262144776  2.774438E-14   2.774438E-15   0
8780.85761852914  2.551003E-14   2.551003E-15   0
8781.40261561053  2.935648E-14   2.935648E-15   0
8781.94761269191  2.772630E-14   2.772630E-15   0
8782.49260977329  2.571885E-14   2.571885E-15   0
8783.03760685467  2.752870E-14   2.752870E-15   0
8783.58260393605  2.927417E-14   2.927417E-15   0
8784.12760101743  2.937201E-14   2.937201E-15   0
8784.67259809881  3.015659E-14   3.015659E-15   0
8785.2175951802  2.906796E-14   2.906796E-15    0
8785.76259226158  3.178708E-14   3.178708E-15   0
8786.30758934296  3.152676E-14   3.152676E-15   0
8786.85258642434  3.085393E-14   3.085393E-15   0
8787.39758350572  3.040466E-14   3.040466E-15   0
8787.9425805871  2.983083E-14   2.983083E-15    0
8788.48757766848  2.923315E-14   2.923315E-15   0
8789.03257474987  2.952695E-14   2.952695E-15   0
8789.57757183125  3.029515E-14   3.029515E-15   0
8790.12256891263  3.213127E-14   3.213127E-15   0
8790.66756599401  3.228379E-14   3.228379E-15   0
8791.21256307539  3.183179E-14   3.183179E-15   0
8791.75756015677  3.007876E-14   3.007876E-15   0
8792.30255723816  3.018763E-14   3.018763E-15   0
8792.84755431954  3.003633E-14   3.003633E-15   0
8793.39255140092  2.911120E-14   2.911120E-15   0
8793.9375484823  2.907524E-14   2.907524E-15    0
8794.48254556368  2.980261E-14   2.980261E-15   0
8795.02754264506  3.093596E-14   3.093596E-15   0
8795.57253972645  3.079497E-14   3.079497E-15   0
8796.11753680783  2.916507E-14   2.916507E-15   0
8796.66253388921  3.072214E-14   3.072214E-15   0
8797.20753097059  2.971579E-14   2.971579E-15   0
8797.75252805197  3.063472E-14   3.063472E-15   0
8798.29752513335  2.920794E-14   2.920794E-15   0
8798.84252221473  2.961585E-14   2.961585E-15   0
8799.38751929612  3.023887E-14   3.023887E-15   0
8799.9325163775  3.148190E-14   3.148190E-15    0
8800.47751345888  3.156020E-14   3.156020E-15   0
8801.02251054026  3.060729E-14   3.060729E-15   0
8801.56750762164  3.151936E-14   3.151936E-15   0
8802.11250470302  2.941231E-14   2.941231E-15   0
8802.65750178441  2.767289E-14   2.767289E-15   0
8803.20249886579  2.935012E-14   2.935012E-15   0
8803.74749594717  3.128710E-14   3.128710E-15   0
8804.29249302855  3.122593E-14   3.122593E-15   0
8804.83749010993  3.027735E-14   3.027735E-15   0
8805.38248719131  3.216030E-14   3.216030E-15   0
8805.9274842727  3.088024E-14   3.088024E-15    0
8806.47248135408  3.053411E-14   3.053411E-15   0
8807.01747843546  3.247105E-14   3.247105E-15   0
8807.56247551684  2.983085E-14   2.983085E-15   0
8808.10747259822  2.874762E-14   2.874762E-15   0
8808.6524696796  2.834066E-14   2.834066E-15    0
8809.19746676099  2.900111E-14   2.900111E-15   0
8809.74246384237  3.023050E-14   3.023050E-15   0
8810.28746092375  3.140623E-14   3.140623E-15   0
8810.83245800513  3.124589E-14   3.124589E-15   0
8811.37745508651  2.929207E-14   2.929207E-15   0
8811.92245216789  2.937103E-14   2.937103E-15   0
8812.46744924927  2.870629E-14   2.870629E-15   0
8813.01244633066  2.866004E-14   2.866004E-15   0
8813.55744341204  2.894651E-14   2.894651E-15   0
8814.10244049342  2.921859E-14   2.921859E-15   0
8814.6474375748  2.933228E-14   2.933228E-15    0
8815.19243465618  3.104853E-14   3.104853E-15   0
8815.73743173756  2.991854E-14   2.991854E-15   0
8816.28242881895  2.928550E-14   2.928550E-15   0
8816.82742590033  2.882198E-14   2.882198E-15   0
8817.37242298171  2.950521E-14   2.950521E-15   0
8817.91742006309  3.139386E-14   3.139386E-15   0
8818.46241714447  2.981684E-14   2.981684E-15   0
8819.00741422585  3.085804E-14   3.085804E-15   0
8819.55241130724  3.198077E-14   3.198077E-15   0
8820.09740838862  3.222757E-14   3.222757E-15   0
8820.64240547  3.217144E-14     3.217144E-15    0
8821.18740255138  3.237381E-14   3.237381E-15   0
8821.73239963276  3.181593E-14   3.181593E-15   0
8822.27739671414  3.139291E-14   3.139291E-15   0
8822.82239379552  3.009783E-14   3.009783E-15   0